20
2 0 8
2 1 12
3 0 7
4 1 12
4 3 9
5 1 15
5 2 6
6 0 1
6 1 19
6 3 2
7 0 11
7 3 14
7 5 7
7 6 1
8 1 9
8 6 18
9 1 20
9 3 9
9 4 3
9 6 8
9 8 18
10 1 1
10 2 8
10 3 18
10 5 4
10 7 19
10 8 5
11 0 8
11 1 3
11 3 9
11 5 9
11 6 7
11 7 3
11 8 4
11 10 19
12 1 3
12 2 14
12 5 13
12 7 18
12 8 8
12 9 15
12 10 11
12 11 16
13 1 19
13 2 18
13 3 15
13 11 5
13 12 10
14 4 17
14 5 9
14 7 14
14 8 19
14 9 17
14 11 20
15 1 2
15 3 12
15 4 19
15 6 20
15 7 15
15 9 5
15 10 14
15 13 9
16 0 12
16 1 20
16 4 3
16 6 17
16 7 9
16 10 14
17 5 14
17 6 9
17 8 18
17 14 20
17 16 20
18 0 4
18 2 11
18 4 16
18 9 7
18 10 1
18 11 20
18 15 19
18 16 18
19 0 5
19 1 18
19 2 10
19 3 8
19 4 16
19 8 20
19 12 11
19 13 3
19 16 15
19 17 10
19 18 15
