20
1 0 43
3 0 7
3 1 19
5 1 100
5 2 96
5 3 85
5 4 95
6 0 47
6 2 75
6 3 66
7 1 48
8 0 9
8 4 53
8 5 62
9 0 80
9 3 68
9 4 52
9 6 52
9 7 48
10 3 74
10 5 53
10 6 99
10 7 59
10 8 55
11 1 90
11 2 26
11 3 30
11 5 51
11 6 33
11 8 90
11 9 45
12 2 19
12 3 27
12 4 12
12 5 85
12 6 60
12 8 84
12 9 18
12 10 34
13 3 76
13 4 62
13 5 88
13 7 29
13 12 82
14 0 91
14 2 73
14 3 94
14 5 64
14 6 50
14 8 19
14 9 62
14 11 86
14 12 19
15 0 35
15 3 55
15 4 51
15 9 76
15 14 65
16 2 84
16 4 11
16 6 48
16 7 79
16 9 10
16 10 95
16 12 59
16 13 67
16 15 72
17 2 26
17 3 43
17 5 90
17 6 58
17 7 67
17 8 38
17 10 4
17 11 63
17 13 29
17 14 15
17 15 89
18 1 15
18 4 83
18 5 94
18 6 43
18 8 90
18 15 48
18 17 1
19 1 46
19 2 98
19 5 74
19 9 44
19 10 71
19 13 46
19 16 10
19 17 42
19 18 27
