70
1 0 9
2 1 22
3 0 28
3 2 31
4 1 42
4 2 58
5 1 35
5 2 30
5 3 49
5 4 38
6 3 5
7 0 6
7 2 54
7 3 23
7 5 4
7 6 22
8 0 19
8 3 10
8 4 16
8 5 40
8 6 15
9 0 50
9 1 4
9 2 53
9 3 52
9 4 35
9 6 24
9 7 48
9 8 3
10 0 11
10 2 28
10 3 49
10 4 53
10 6 1
10 7 44
10 9 58
11 1 60
11 2 3
11 4 9
11 9 50
11 10 23
12 0 25
12 3 3
12 5 15
12 6 43
12 7 36
12 9 24
13 0 58
13 1 52
13 2 58
13 3 13
13 4 3
13 5 39
13 6 8
13 7 25
13 9 46
13 10 1
13 12 25
14 1 30
14 4 21
14 6 51
14 7 41
15 4 6
15 6 56
15 10 14
15 12 28
15 13 19
15 14 37
16 5 31
16 9 42
16 10 13
16 11 25
16 13 47
16 14 19
17 1 40
17 2 35
17 8 16
17 10 24
17 12 55
17 14 37
17 15 12
18 1 24
18 2 10
18 3 32
18 10 18
18 11 35
18 12 60
18 15 37
18 17 45
19 1 14
19 4 6
19 5 25
19 8 7
19 12 60
19 16 44
19 17 49
19 18 41
20 0 52
20 1 41
20 2 47
20 3 11
20 4 57
20 6 12
20 8 8
20 9 35
20 12 42
20 13 38
21 0 55
21 3 42
21 4 18
21 5 11
21 7 60
21 8 28
21 9 1
21 10 10
21 13 57
21 14 19
21 15 37
21 19 2
22 0 51
22 1 52
22 3 44
22 5 50
22 10 39
22 11 26
22 13 22
22 14 12
22 16 54
22 17 23
22 18 1
22 20 34
23 0 52
23 1 36
23 4 1
23 5 9
23 6 13
23 8 26
23 9 33
23 10 33
23 12 24
23 13 21
23 14 48
23 16 33
23 18 49
23 22 47
24 0 38
24 3 8
24 5 42
24 6 59
24 9 27
24 11 59
24 12 59
24 13 1
24 19 38
24 20 25
24 21 21
24 22 12
25 4 48
25 5 46
25 7 46
25 9 56
25 10 37
25 15 13
25 16 8
25 19 4
25 22 40
25 23 44
25 24 5
26 1 34
26 4 5
26 5 3
26 6 43
26 9 24
26 10 53
26 13 54
26 16 17
26 19 24
26 20 17
26 22 22
26 23 33
26 24 35
26 25 21
27 0 46
27 2 30
27 4 25
27 7 10
27 9 39
27 11 58
27 12 39
27 13 44
27 15 38
27 16 2
27 21 13
27 22 16
27 23 58
27 24 39
27 25 19
27 26 54
28 0 8
28 3 5
28 4 5
28 5 16
28 7 55
28 9 26
28 10 3
28 13 42
28 16 23
28 19 31
28 21 8
28 22 57
28 23 34
28 26 42
29 1 34
29 2 50
29 5 35
29 6 33
29 9 54
29 10 11
29 14 6
29 16 57
29 19 2
29 21 29
30 1 58
30 3 27
30 7 58
30 8 7
30 9 29
30 11 15
30 13 1
30 14 17
30 16 33
30 18 8
30 19 49
30 23 13
30 26 37
30 29 14
31 2 44
31 3 15
31 4 22
31 5 6
31 6 13
31 9 59
31 14 31
31 15 55
31 19 51
31 20 37
31 21 39
31 25 10
31 28 30
31 29 11
31 30 6
32 0 17
32 2 35
32 4 3
32 7 41
32 8 24
32 10 41
32 11 45
32 13 22
32 18 48
32 20 3
32 25 58
32 26 3
32 29 33
33 1 50
33 3 60
33 7 36
33 9 6
33 11 1
33 12 22
33 14 39
33 16 15
33 18 31
33 19 11
33 21 37
33 23 21
33 25 6
33 26 33
33 27 23
33 28 9
33 30 36
34 1 19
34 2 16
34 3 17
34 5 15
34 6 33
34 7 53
34 9 15
34 10 7
34 13 9
34 14 45
34 16 38
34 18 32
34 19 29
34 23 51
34 25 17
34 27 17
34 29 58
35 0 56
35 2 55
35 3 46
35 5 47
35 8 20
35 9 48
35 12 37
35 13 49
35 14 46
35 15 25
35 20 13
35 21 29
35 22 41
35 23 32
35 24 43
35 28 15
35 29 10
35 30 50
35 31 18
35 32 25
35 33 23
35 34 56
36 0 51
36 1 40
36 3 48
36 6 58
36 8 14
36 9 24
36 13 26
36 14 30
36 15 6
36 18 7
36 22 6
36 23 23
36 25 19
36 29 25
36 31 45
36 33 60
36 34 26
36 35 49
37 0 58
37 1 45
37 2 12
37 5 10
37 8 6
37 10 35
37 16 30
37 17 34
37 23 28
37 25 31
37 30 28
37 31 36
37 32 48
37 35 4
38 2 43
38 5 60
38 6 19
38 7 31
38 11 23
38 14 45
38 17 17
38 28 48
38 31 11
38 34 4
38 35 46
38 37 50
39 1 55
39 4 27
39 10 46
39 12 29
39 13 53
39 14 37
39 17 26
39 18 16
39 19 58
39 21 29
39 22 1
39 23 39
39 24 30
39 27 41
39 28 13
39 29 45
39 34 39
39 35 42
39 36 16
39 38 19
40 1 36
40 4 14
40 5 50
40 6 8
40 10 42
40 11 59
40 12 56
40 13 38
40 14 49
40 15 48
40 17 7
40 18 44
40 31 40
40 33 27
40 35 55
40 37 53
41 2 13
41 3 5
41 5 19
41 8 53
41 9 6
41 14 48
41 17 16
41 19 56
41 23 57
41 25 51
41 26 50
41 27 30
41 28 22
41 30 51
41 31 55
41 34 47
41 36 36
41 37 30
41 38 36
41 40 53
42 1 4
42 6 57
42 7 3
42 11 53
42 12 14
42 13 3
42 14 43
42 16 42
42 17 25
42 20 22
42 21 1
42 23 53
42 24 29
42 27 44
42 29 6
42 36 4
42 38 47
42 39 28
42 41 4
43 1 16
43 4 13
43 7 49
43 9 10
43 14 12
43 16 11
43 17 44
43 19 29
43 20 23
43 23 45
43 25 9
43 26 27
43 27 38
43 28 49
43 29 16
43 31 28
43 34 9
43 35 32
43 36 40
43 37 15
43 39 37
43 40 5
43 41 38
43 42 43
44 2 37
44 7 31
44 8 41
44 12 2
44 13 54
44 14 59
44 15 5
44 16 14
44 18 29
44 19 57
44 20 58
44 21 5
44 23 8
44 26 58
44 31 3
44 32 47
44 33 36
44 35 54
44 36 14
44 38 45
44 39 1
44 40 8
44 41 13
44 43 1
45 0 14
45 1 52
45 6 47
45 8 16
45 15 58
45 18 13
45 19 42
45 22 18
45 28 31
45 29 13
45 30 52
45 31 47
45 32 5
45 33 27
45 34 30
45 35 22
45 36 5
45 38 57
45 39 54
46 2 46
46 7 19
46 11 25
46 13 45
46 14 36
46 17 5
46 19 37
46 21 47
46 22 55
46 24 24
46 28 20
46 30 18
46 32 40
46 35 49
46 40 48
46 41 10
46 42 40
47 0 12
47 2 33
47 3 4
47 4 15
47 6 22
47 9 41
47 10 24
47 11 12
47 16 44
47 17 28
47 21 17
47 23 20
47 27 6
47 28 44
47 29 30
47 31 41
47 32 20
47 34 55
47 40 47
47 43 51
47 44 36
47 46 40
48 2 32
48 3 21
48 5 6
48 9 59
48 10 40
48 11 38
48 13 12
48 14 59
48 18 54
48 19 5
48 23 41
48 25 4
48 30 44
48 36 47
48 38 34
48 39 3
48 40 47
48 41 14
48 43 33
48 45 56
48 46 4
48 47 59
49 0 31
49 1 20
49 3 51
49 4 47
49 6 14
49 8 3
49 13 57
49 16 6
49 17 19
49 18 25
49 19 32
49 20 51
49 22 24
49 25 33
49 26 53
49 28 37
49 29 34
49 30 53
49 31 47
49 32 35
49 34 31
49 36 56
49 41 2
49 42 7
49 44 2
49 45 22
49 47 45
49 48 31
50 0 60
50 5 41
50 7 11
50 8 54
50 11 25
50 13 10
50 15 60
50 16 52
50 18 29
50 19 33
50 20 19
50 24 35
50 28 38
50 29 29
50 30 42
50 31 3
50 32 50
50 34 8
50 36 23
50 43 12
50 44 56
50 45 29
50 46 28
50 49 57
51 1 24
51 4 1
51 7 11
51 9 37
51 10 28
51 12 31
51 15 2
51 16 7
51 19 43
51 21 1
51 25 41
51 28 50
51 29 2
51 30 1
51 32 4
51 33 26
51 34 17
51 35 50
51 37 35
51 40 59
51 44 30
51 45 2
51 47 11
51 48 2
51 49 16
52 1 60
52 4 36
52 7 32
52 8 40
52 12 33
52 14 47
52 15 54
52 16 18
52 17 23
52 19 55
52 21 25
52 22 17
52 23 43
52 24 31
52 25 48
52 26 49
52 27 22
52 28 41
52 32 40
52 34 58
52 35 49
52 38 2
52 40 46
52 41 2
52 42 16
52 43 33
52 45 9
52 46 5
52 50 32
52 51 55
53 0 7
53 1 31
53 3 50
53 4 39
53 5 42
53 7 42
53 8 5
53 9 55
53 10 19
53 11 42
53 12 24
53 16 51
53 17 17
53 19 13
53 20 1
53 21 30
53 22 58
53 24 16
53 25 2
53 30 38
53 31 14
53 32 7
53 33 32
53 34 33
53 35 43
53 36 13
53 37 24
53 38 20
53 39 14
53 40 11
53 44 21
53 45 18
53 47 51
53 52 55
54 0 7
54 1 57
54 3 38
54 4 4
54 6 49
54 8 56
54 9 45
54 10 42
54 12 29
54 14 21
54 15 31
54 17 53
54 18 41
54 20 7
54 21 3
54 22 25
54 24 37
54 27 35
54 28 52
54 29 39
54 33 44
54 38 55
54 41 21
54 42 2
54 44 32
54 45 45
54 46 32
54 47 5
54 48 56
54 50 19
54 52 43
55 0 20
55 3 49
55 4 37
55 6 3
55 7 14
55 8 6
55 10 6
55 13 47
55 14 18
55 17 55
55 20 21
55 23 47
55 25 43
55 28 7
55 29 35
55 30 1
55 32 27
55 33 26
55 38 57
55 41 40
55 42 7
55 43 38
55 45 13
55 46 53
55 48 41
55 49 20
55 51 32
55 52 60
56 1 4
56 3 36
56 4 21
56 5 1
56 6 7
56 7 42
56 10 15
56 12 10
56 13 21
56 15 59
56 16 5
56 19 28
56 24 3
56 27 48
56 29 46
56 30 8
56 32 24
56 34 32
56 36 7
56 39 52
56 42 6
56 43 60
56 45 8
56 46 5
56 48 59
56 49 36
56 50 60
56 54 22
57 1 32
57 2 29
57 4 21
57 5 43
57 6 27
57 8 21
57 11 7
57 14 21
57 15 12
57 17 60
57 18 43
57 19 13
57 21 14
57 23 2
57 25 15
57 26 30
57 27 44
57 29 12
57 36 35
57 37 21
57 38 6
57 39 1
57 44 56
57 45 53
57 46 40
57 49 59
57 51 50
57 52 8
57 53 22
57 56 54
58 0 20
58 4 58
58 5 16
58 6 4
58 8 26
58 10 13
58 11 52
58 12 34
58 13 57
58 14 45
58 15 9
58 16 36
58 19 10
58 23 41
58 24 7
58 25 38
58 26 39
58 27 18
58 28 43
58 34 28
58 35 59
58 36 16
58 37 42
58 38 16
58 39 1
58 40 23
58 45 40
58 46 3
58 47 43
58 48 33
58 49 4
58 50 57
58 56 7
59 1 30
59 5 11
59 9 58
59 10 60
59 12 51
59 13 56
59 14 41
59 15 15
59 16 15
59 19 35
59 22 46
59 24 2
59 25 36
59 26 57
59 27 12
59 28 38
59 30 6
59 32 49
59 34 16
59 36 39
59 39 13
59 40 40
59 43 12
59 44 20
59 45 60
59 46 7
59 48 12
59 50 36
59 51 30
59 54 33
59 55 31
59 57 54
60 0 21
60 3 41
60 4 20
60 5 28
60 6 45
60 7 51
60 9 16
60 10 36
60 11 4
60 12 13
60 13 9
60 14 57
60 18 14
60 19 6
60 22 48
60 25 20
60 26 18
60 27 30
60 29 48
60 30 51
60 33 58
60 35 6
60 37 24
60 38 43
60 39 43
60 40 37
60 41 36
60 45 36
60 46 55
60 50 11
60 54 50
60 55 32
60 57 57
60 59 16
61 9 18
61 10 16
61 12 10
61 13 50
61 15 6
61 17 29
61 19 29
61 21 16
61 24 5
61 26 36
61 27 46
61 28 2
61 29 49
61 30 59
61 31 1
61 34 36
61 37 1
61 38 25
61 39 4
61 41 29
61 43 58
61 44 56
61 46 43
61 47 55
61 49 53
61 50 24
61 55 8
61 57 15
61 60 53
62 0 41
62 2 52
62 3 13
62 4 46
62 6 3
62 11 27
62 12 4
62 13 29
62 17 30
62 18 29
62 21 15
62 24 26
62 27 19
62 28 57
62 29 28
62 30 41
62 31 45
62 33 15
62 34 51
62 37 20
62 38 45
62 40 20
62 41 16
62 42 20
62 43 48
62 44 47
62 45 9
62 47 38
62 50 4
62 52 48
62 53 45
62 56 10
62 57 46
62 60 57
62 61 41
63 1 23
63 2 56
63 3 59
63 4 22
63 5 39
63 6 55
63 7 48
63 9 38
63 15 49
63 16 20
63 17 41
63 21 41
63 25 21
63 26 16
63 27 50
63 29 53
63 30 57
63 33 40
63 36 45
63 39 24
63 40 44
63 42 48
63 44 26
63 45 58
63 47 46
63 48 29
63 49 45
63 50 26
63 51 7
63 52 12
63 53 11
63 56 27
63 59 38
64 1 2
64 4 41
64 6 28
64 7 8
64 10 52
64 12 31
64 13 57
64 14 58
64 17 49
64 18 43
64 23 54
64 25 12
64 28 26
64 29 52
64 30 15
64 31 5
64 33 18
64 34 5
64 35 19
64 36 51
64 37 4
64 39 54
64 40 16
64 41 25
64 42 51
64 45 31
64 47 17
64 48 28
64 50 25
64 55 33
64 58 37
64 59 22
64 60 19
64 62 51
65 6 51
65 9 53
65 10 33
65 13 5
65 14 8
65 18 13
65 21 54
65 23 34
65 24 22
65 25 31
65 26 17
65 27 54
65 28 10
65 31 21
65 35 52
65 36 10
65 39 53
65 40 53
65 42 45
65 43 21
65 44 27
65 45 13
65 46 45
65 49 52
65 52 10
65 53 25
65 54 3
65 55 59
65 56 15
65 61 24
65 62 16
65 63 44
66 2 29
66 3 12
66 5 20
66 8 18
66 11 37
66 12 56
66 13 47
66 16 57
66 19 52
66 22 31
66 24 37
66 25 20
66 28 5
66 30 41
66 31 12
66 32 19
66 33 41
66 34 50
66 36 30
66 37 60
66 38 5
66 39 58
66 41 16
66 42 8
66 45 12
66 47 34
66 53 1
66 56 32
66 61 46
66 63 12
66 65 3
67 0 32
67 1 28
67 2 37
67 3 41
67 5 59
67 6 51
67 12 22
67 15 3
67 17 50
67 18 60
67 19 8
67 21 22
67 23 36
67 25 33
67 26 11
67 27 12
67 28 38
67 30 48
67 34 7
67 35 59
67 36 37
67 41 47
67 43 32
67 44 41
67 47 55
67 51 47
67 52 11
67 53 5
67 54 51
67 56 45
67 57 53
67 58 13
67 59 43
67 60 4
67 65 1
68 0 44
68 4 23
68 5 14
68 8 53
68 9 1
68 10 20
68 11 48
68 13 52
68 14 19
68 15 57
68 16 22
68 17 17
68 18 51
68 20 45
68 22 52
68 23 59
68 24 59
68 26 25
68 27 38
68 32 57
68 33 37
68 34 21
68 37 53
68 40 7
68 41 37
68 42 19
68 45 12
68 47 8
68 52 38
68 57 47
68 58 11
68 59 40
68 60 52
68 63 19
68 64 15
68 65 54
68 67 41
69 0 21
69 1 52
69 6 26
69 7 33
69 8 28
69 9 44
69 10 47
69 11 42
69 12 43
69 13 15
69 14 26
69 17 52
69 19 19
69 23 31
69 26 39
69 28 33
69 32 5
69 33 22
69 35 12
69 37 38
69 38 1
69 39 28
69 41 58
69 45 5
69 46 29
69 47 44
69 50 26
69 51 59
69 54 2
69 55 28
69 56 18
69 60 46
69 64 59
69 66 22
