30
1 0 14
2 0 87
2 1 38
4 0 32
4 2 57
4 3 78
5 0 76
5 2 8
5 3 64
6 0 8
6 5 91
7 0 88
7 1 29
7 2 3
7 3 90
7 4 73
8 1 65
8 2 67
8 3 39
8 4 11
8 5 77
8 7 72
9 0 74
9 1 57
9 2 97
9 3 22
9 4 3
9 6 55
9 8 73
10 0 11
10 6 99
10 7 34
10 9 70
11 1 45
11 3 8
11 5 56
11 6 46
11 8 43
12 0 71
12 2 10
12 4 66
12 5 86
12 6 67
12 10 70
12 11 45
13 2 34
13 4 47
13 7 6
13 8 31
14 1 87
14 4 41
14 5 86
14 6 85
14 7 87
14 9 75
14 10 24
14 12 71
14 13 40
15 0 32
15 2 20
15 4 85
15 6 72
15 7 79
15 10 91
15 11 95
15 12 29
15 14 71
16 0 20
16 1 79
16 3 30
16 4 37
16 6 56
16 8 2
16 10 64
16 13 17
16 14 48
17 0 17
17 2 11
17 3 61
17 4 4
17 6 29
17 7 28
17 8 28
17 10 30
17 11 84
17 14 22
17 15 13
18 2 61
18 3 70
18 4 29
18 5 43
18 6 19
18 7 47
18 8 50
18 9 12
18 12 9
18 13 53
18 14 72
18 16 89
19 1 23
19 3 57
19 6 2
19 7 82
19 8 58
19 9 70
19 10 64
19 11 90
19 13 96
19 14 80
20 0 84
20 1 42
20 2 25
20 3 81
20 5 99
20 7 74
20 9 12
20 12 47
20 13 44
20 15 91
20 18 35
21 2 47
21 3 91
21 4 44
21 6 70
21 7 98
21 9 16
21 12 40
21 13 37
21 15 68
21 16 70
21 19 32
21 20 37
22 0 97
22 1 64
22 2 66
22 3 67
22 4 30
22 8 27
22 10 35
22 11 44
22 12 62
22 13 87
22 15 50
22 18 95
22 20 86
23 1 95
23 3 58
23 4 21
23 5 47
23 6 18
23 9 2
23 11 56
23 13 99
23 14 35
23 15 10
23 18 61
23 19 68
23 20 30
23 22 69
24 0 55
24 1 3
24 3 34
24 4 47
24 5 2
24 6 24
24 8 29
24 9 61
24 11 92
24 12 77
24 17 69
24 18 6
24 20 63
24 22 15
25 1 59
25 2 4
25 3 73
25 4 3
25 5 34
25 7 1
25 9 98
25 11 97
25 12 23
25 15 25
25 17 8
25 20 54
25 21 67
26 0 84
26 2 47
26 3 54
26 4 76
26 5 85
26 6 88
26 7 88
26 8 41
26 12 49
26 14 2
26 16 97
26 17 55
26 18 48
26 19 11
26 21 86
26 24 29
27 3 60
27 4 6
27 5 55
27 8 16
27 11 34
27 14 40
27 15 6
27 16 24
27 19 66
27 22 45
28 0 82
28 1 64
28 2 18
28 4 42
28 5 29
28 7 61
28 9 53
28 11 61
28 12 60
28 14 50
28 18 39
28 20 100
28 21 65
28 24 20
28 25 45
28 26 17
28 27 53
29 1 50
29 4 20
29 5 44
29 10 77
29 11 90
29 13 26
29 14 63
29 20 50
29 21 37
29 24 71
