40
2 0 28
3 1 83
3 2 113
4 0 86
4 1 119
5 1 104
5 2 113
5 4 84
6 0 92
6 3 52
6 4 115
7 0 69
7 1 103
7 2 99
7 3 70
7 4 99
7 6 31
9 2 89
9 6 13
9 7 13
10 0 77
10 5 75
10 8 100
11 4 10
11 7 34
11 10 89
12 3 88
12 6 1
12 7 34
12 8 36
12 9 88
12 10 40
12 11 16
13 0 74
13 3 27
13 6 55
13 7 66
13 9 77
13 10 22
13 11 82
14 0 56
14 1 26
14 2 43
14 4 115
14 5 116
14 6 108
14 8 20
15 1 44
15 2 83
15 3 83
15 4 47
15 5 36
15 8 14
15 10 109
15 11 43
15 12 86
15 14 104
16 2 21
16 5 67
16 6 2
16 9 16
16 10 115
16 11 43
16 12 49
16 13 97
17 1 43
17 2 71
17 9 91
17 12 16
17 14 62
18 0 63
18 1 102
18 2 11
18 3 118
18 5 79
18 6 28
18 8 18
18 9 96
18 13 77
18 14 90
18 15 7
18 17 1
19 0 97
19 1 87
19 2 25
19 4 84
19 5 7
19 6 103
19 12 48
19 14 34
19 17 110
19 18 22
20 0 57
20 7 45
20 8 71
20 11 63
20 12 14
20 13 97
20 15 104
20 18 6
21 0 63
21 1 102
21 2 91
21 8 18
21 9 110
21 12 3
21 15 47
21 16 48
21 20 110
22 0 103
22 1 50
22 4 119
22 5 115
22 11 33
22 12 66
22 14 65
22 15 76
22 19 119
23 1 15
23 6 67
23 7 65
23 8 29
23 9 35
23 11 55
23 12 25
23 13 25
23 15 18
23 16 41
23 17 66
23 19 111
23 20 84
23 21 16
24 0 3
24 1 52
24 6 24
24 7 19
24 9 57
24 11 26
24 12 103
24 14 25
24 15 89
24 17 80
24 20 37
24 22 9
25 1 94
25 7 55
25 10 84
25 15 75
25 17 89
25 20 120
25 21 21
25 24 99
26 0 113
26 5 56
26 6 25
26 7 61
26 9 28
26 10 2
26 11 69
26 12 28
26 13 59
26 16 98
26 18 51
26 21 42
26 22 13
27 1 15
27 4 104
27 5 52
27 9 86
27 12 81
27 17 40
27 18 82
27 19 108
27 20 30
27 21 117
27 22 53
27 24 26
28 0 12
28 1 115
28 2 74
28 3 2
28 4 44
28 7 17
28 9 95
28 11 26
28 14 7
28 15 114
28 17 71
28 23 117
28 26 39
29 0 115
29 1 48
29 4 98
29 5 94
29 7 31
29 10 59
29 14 55
29 16 86
29 17 13
29 18 66
29 19 56
29 21 18
29 22 9
29 23 23
29 24 16
29 26 13
29 27 44
29 28 108
30 3 88
30 4 62
30 7 42
30 9 59
30 10 109
30 11 100
30 16 44
30 17 104
30 18 14
30 19 68
30 20 108
30 21 19
30 22 119
30 23 6
30 24 82
30 25 25
30 26 101
30 27 6
30 29 19
31 1 11
31 3 114
31 5 55
31 6 111
31 10 55
31 12 113
31 13 67
31 14 26
31 15 27
31 16 33
31 17 108
31 21 58
31 23 99
31 24 62
31 25 3
31 26 50
31 27 30
31 29 26
31 30 4
32 1 46
32 3 89
32 5 32
32 6 34
32 7 54
32 8 84
32 10 109
32 11 84
32 14 47
32 15 103
32 16 5
32 18 95
32 19 66
32 20 45
32 23 37
32 26 108
32 28 109
32 31 28
33 0 72
33 1 30
33 4 62
33 6 90
33 7 50
33 9 83
33 15 40
33 20 104
33 21 85
33 22 6
33 24 70
33 26 108
33 28 16
33 32 27
34 0 26
34 2 117
34 3 5
34 8 44
34 10 49
34 13 12
34 14 91
34 17 54
34 21 34
34 23 61
34 24 70
34 25 64
34 26 58
34 27 86
34 28 12
34 29 15
34 30 60
34 33 44
35 0 112
35 3 42
35 5 85
35 7 99
35 8 86
35 12 69
35 14 113
35 15 72
35 16 116
35 17 118
35 18 50
35 21 48
35 24 75
35 25 102
35 26 44
35 31 114
35 32 59
35 33 40
36 1 88
36 4 40
36 7 81
36 10 25
36 12 10
36 13 110
36 14 75
36 16 87
36 18 97
36 19 42
36 20 37
36 23 48
36 24 102
36 26 87
36 27 54
36 28 15
36 30 21
36 32 117
36 33 115
36 34 66
37 0 119
37 1 101
37 2 70
37 3 55
37 6 93
37 11 48
37 12 106
37 13 59
37 14 84
37 16 102
37 20 93
37 21 106
37 22 104
37 25 50
37 26 65
37 28 54
37 30 50
37 32 13
37 33 57
37 35 13
37 36 114
38 0 18
38 2 101
38 3 40
38 5 82
38 6 65
38 7 23
38 8 80
38 12 37
38 13 77
38 17 68
38 18 34
38 20 109
38 21 82
38 23 3
38 26 66
38 28 69
38 29 68
38 31 85
38 33 75
38 36 4
38 37 35
39 0 21
39 2 109
39 5 31
39 6 104
39 7 21
39 8 80
39 11 65
39 12 43
39 15 62
39 16 103
39 19 3
39 20 42
39 22 26
39 23 59
39 24 78
39 29 109
39 34 97
39 35 26
39 37 26
