20
1 0 1
2 0 25
2 1 18
3 0 35
3 1 51
4 0 55
4 2 1
4 3 35
5 2 9
5 3 54
5 4 33
6 0 47
6 1 47
6 3 1
6 4 23
6 5 46
7 0 28
7 1 24
7 2 57
7 3 43
7 4 55
7 5 15
8 1 46
8 2 44
8 3 5
8 4 5
8 5 13
8 7 9
9 0 1
9 1 27
9 5 13
9 8 52
10 0 12
10 4 57
10 6 59
10 8 6
10 9 28
11 1 53
11 2 22
11 3 16
11 4 15
11 5 46
11 7 48
11 9 2
12 1 44
12 2 20
12 6 31
12 7 50
13 0 1
13 4 21
13 6 47
13 8 56
13 10 34
13 11 32
14 1 43
14 3 22
14 4 35
14 8 3
14 9 27
14 10 38
14 11 54
15 0 7
15 5 50
15 6 46
15 7 15
15 9 49
15 10 28
15 14 30
16 0 9
16 1 27
16 4 59
16 5 7
16 7 53
16 8 5
16 9 8
16 10 20
16 13 34
17 0 15
17 1 22
17 2 28
17 4 36
17 6 24
17 10 14
17 13 37
17 14 37
18 1 7
18 2 34
18 6 8
18 8 60
18 9 17
18 10 25
18 11 31
18 14 23
18 16 22
19 5 53
19 8 8
19 9 43
19 13 15
19 15 29
19 16 32
