30
1 0 37
2 0 11
3 0 7
3 2 37
4 0 11
4 2 5
4 3 32
5 1 11
5 2 32
5 4 15
6 0 30
6 1 3
6 5 35
7 5 1
7 6 35
8 0 11
8 1 3
8 3 37
8 4 7
8 5 1
8 7 4
9 0 10
9 1 38
9 2 38
9 4 35
9 6 13
9 7 37
9 8 35
10 0 22
10 2 22
10 3 27
10 5 25
10 8 31
10 9 38
11 5 21
11 6 19
11 7 39
11 10 39
12 0 26
12 2 7
12 3 39
12 5 35
12 6 36
12 8 7
13 2 1
13 5 26
13 7 40
13 10 31
14 0 29
14 1 34
14 8 33
14 9 8
14 11 23
14 12 8
15 0 8
15 2 7
15 5 32
15 7 15
15 8 24
15 10 10
15 13 30
15 14 20
16 0 21
16 2 31
16 3 16
16 5 3
16 6 33
16 8 29
16 12 36
16 13 34
17 0 8
17 2 9
17 3 23
17 5 24
17 6 28
17 11 14
17 12 37
17 13 37
17 15 3
18 0 35
18 1 28
18 2 5
18 3 22
18 4 35
18 6 1
18 7 35
18 11 13
18 13 15
19 0 23
19 1 27
19 4 29
19 6 25
19 7 10
19 9 4
19 11 26
19 12 10
19 15 16
19 17 29
20 4 35
20 5 1
20 10 24
20 14 26
20 15 39
20 16 5
20 17 3
20 18 29
21 1 2
21 3 28
21 4 29
21 5 38
21 6 6
21 7 40
21 13 27
21 16 35
21 19 25
22 0 15
22 1 5
22 5 26
22 6 33
22 7 2
22 8 36
22 9 3
22 10 10
22 11 2
22 13 23
22 16 33
22 19 25
22 20 10
23 0 5
23 1 8
23 2 2
23 3 13
23 5 13
23 6 33
23 8 20
23 10 39
23 11 2
23 14 10
23 15 2
23 16 14
23 18 1
24 1 15
24 3 6
24 4 23
24 8 39
24 10 4
24 11 22
24 12 9
24 13 29
24 15 3
24 17 1
24 19 33
24 21 22
25 0 15
25 3 25
25 4 4
25 5 30
25 8 24
25 11 36
25 13 40
25 15 17
25 16 27
25 17 26
25 19 13
25 20 13
25 21 37
25 23 21
26 0 8
26 2 6
26 4 25
26 5 7
26 6 12
26 8 17
26 9 32
26 11 21
26 12 17
26 19 1
26 21 7
26 24 20
27 0 26
27 1 33
27 2 30
27 3 31
27 4 9
27 5 20
27 6 12
27 10 23
27 11 2
27 12 11
27 15 10
27 16 29
27 17 11
27 18 30
27 22 5
27 25 26
28 2 6
28 4 12
28 8 27
28 11 30
28 12 19
28 15 38
28 17 21
28 18 28
28 19 11
28 20 38
28 22 14
28 24 6
28 26 13
28 27 32
29 0 32
29 1 9
29 7 1
29 8 36
29 10 32
29 11 15
29 17 12
29 19 34
29 23 22
29 24 18
29 25 37
