70
2 0 12
2 1 48
3 0 35
4 0 23
4 1 36
5 1 33
5 2 12
5 3 14
5 4 49
6 0 18
6 1 1
6 2 40
6 3 50
6 4 14
6 5 48
7 1 22
7 3 34
7 4 28
7 5 16
8 1 28
8 3 51
8 4 23
8 5 29
8 6 33
9 1 13
9 3 58
9 5 52
9 6 41
9 8 60
10 4 13
10 8 52
11 1 48
11 3 52
11 6 28
11 9 5
12 1 45
12 2 1
12 4 51
12 5 48
12 6 22
12 9 21
12 11 32
13 2 23
13 3 14
13 4 36
13 5 26
13 7 7
13 10 40
13 11 39
14 0 39
14 2 48
14 4 13
14 11 5
14 13 24
15 0 41
15 3 5
15 4 53
15 8 6
15 9 27
15 10 37
15 12 17
16 0 53
16 1 55
16 4 22
16 5 50
16 6 54
16 8 11
16 9 30
16 11 36
16 14 13
16 15 15
17 0 11
17 1 36
17 2 42
17 6 32
17 8 31
17 9 10
17 10 25
17 12 3
17 13 56
17 14 24
17 16 37
18 0 31
18 1 60
18 2 28
18 4 9
18 8 51
18 9 48
18 10 3
18 12 38
18 13 60
18 14 48
18 16 39
19 1 49
19 2 14
19 3 46
19 11 2
19 12 10
19 15 28
20 1 29
20 3 60
20 4 6
20 5 14
20 6 47
20 8 35
20 12 38
20 16 44
20 17 38
20 18 13
21 0 39
21 2 26
21 5 39
21 6 48
21 7 54
21 8 33
21 10 34
21 11 31
21 12 52
21 13 12
21 14 51
21 16 28
21 17 9
21 18 48
21 19 7
22 7 28
22 8 20
22 10 33
22 14 9
22 15 9
22 17 19
22 19 50
23 0 43
23 2 20
23 3 6
23 9 1
23 10 57
23 12 34
23 13 28
23 15 58
23 16 19
23 17 29
23 19 3
23 20 36
23 22 50
24 1 11
24 3 39
24 4 31
24 6 29
24 7 34
24 9 37
24 13 57
24 14 51
24 15 11
24 16 41
24 17 37
24 18 25
24 21 39
24 22 30
25 1 59
25 2 42
25 4 22
25 7 57
25 8 42
25 11 4
25 14 17
25 17 54
25 18 23
25 21 31
25 23 47
26 1 20
26 2 1
26 5 29
26 7 45
26 8 8
26 9 46
26 13 11
26 15 54
26 16 45
26 17 35
26 20 23
26 21 18
26 22 25
26 25 36
27 5 50
27 8 21
27 9 22
27 11 24
27 12 56
27 13 35
27 15 36
27 18 27
27 19 9
27 21 9
28 0 3
28 1 33
28 2 2
28 4 54
28 7 4
28 11 21
28 13 14
28 15 28
28 16 51
28 17 51
28 18 18
28 22 23
28 23 40
29 0 24
29 1 7
29 5 54
29 6 4
29 7 43
29 10 50
29 11 56
29 12 46
29 16 7
29 17 22
29 19 42
29 20 12
29 22 38
29 23 35
29 24 9
29 25 10
30 1 52
30 2 24
30 5 36
30 6 9
30 10 59
30 12 41
30 14 44
30 15 37
30 16 16
30 18 57
30 19 13
30 20 18
30 25 58
30 27 52
31 0 4
31 3 27
31 5 30
31 8 40
31 9 24
31 10 20
31 13 35
31 14 3
31 18 14
31 19 34
31 20 6
31 22 20
31 23 8
31 24 6
31 25 12
31 30 59
32 0 35
32 1 8
32 3 39
32 4 38
32 6 41
32 8 32
32 11 34
32 13 12
32 14 47
32 15 15
32 16 38
32 17 53
32 18 10
32 20 3
32 22 24
32 23 17
32 24 28
32 25 37
32 28 21
32 30 7
32 31 23
33 0 58
33 1 8
33 2 13
33 4 34
33 5 37
33 7 38
33 8 42
33 9 6
33 14 13
33 16 39
33 18 33
33 19 60
33 21 43
33 24 20
33 25 58
33 28 49
33 31 3
33 32 29
34 0 19
34 8 39
34 9 40
34 10 42
34 15 54
34 18 11
34 19 44
34 21 17
34 25 12
34 27 28
34 29 35
34 30 11
34 31 57
35 2 47
35 5 43
35 6 40
35 7 31
35 8 34
35 9 20
35 11 13
35 16 40
35 17 38
35 20 55
35 21 33
35 22 33
35 23 7
35 24 41
35 26 55
35 28 31
35 30 47
35 32 12
36 0 34
36 1 3
36 2 32
36 8 11
36 10 48
36 12 51
36 13 25
36 15 21
36 18 60
36 20 19
36 22 4
36 23 18
36 24 10
36 26 25
36 27 41
36 29 39
36 31 31
36 33 9
36 34 23
36 35 10
37 1 7
37 4 19
37 5 10
37 6 60
37 8 5
37 10 57
37 11 7
37 13 30
37 16 6
37 18 52
37 21 35
37 24 32
37 25 6
37 27 26
37 28 39
37 31 7
37 32 48
37 33 46
37 34 47
38 1 21
38 2 2
38 3 21
38 5 49
38 6 22
38 13 40
38 14 16
38 15 18
38 16 46
38 17 37
38 20 9
38 22 23
38 23 10
38 24 10
38 27 7
38 28 42
38 29 31
38 31 3
38 37 13
39 5 48
39 6 45
39 7 6
39 12 24
39 13 10
39 16 25
39 19 47
39 22 33
39 24 58
39 25 42
39 26 4
39 27 19
39 29 15
39 30 36
39 31 48
39 34 38
39 37 35
40 0 41
40 1 3
40 4 17
40 5 46
40 6 40
40 7 50
40 10 48
40 12 31
40 15 53
40 18 47
40 19 43
40 20 40
40 22 13
40 24 49
40 26 9
40 27 18
40 29 24
40 30 38
40 31 35
40 35 29
40 37 29
40 38 21
40 39 39
41 0 15
41 1 6
41 2 11
41 5 1
41 7 58
41 8 13
41 9 12
41 15 33
41 18 16
41 21 35
41 22 30
41 23 52
41 24 55
41 25 43
41 26 48
41 28 45
41 29 22
41 30 4
41 32 6
41 34 22
41 35 22
41 37 57
41 38 17
41 40 29
42 0 21
42 2 34
42 5 1
42 7 31
42 10 24
42 12 5
42 13 12
42 16 50
42 19 41
42 21 23
42 23 40
42 24 21
42 25 26
42 26 18
42 27 7
42 28 60
42 32 11
42 34 6
42 39 41
42 40 50
42 41 25
43 2 44
43 3 4
43 5 47
43 6 34
43 7 49
43 9 16
43 10 24
43 12 21
43 16 38
43 17 56
43 19 24
43 21 4
43 23 24
43 24 47
43 28 41
43 30 19
43 31 39
43 32 5
43 33 18
43 34 6
43 35 46
43 40 45
43 41 52
43 42 36
44 2 41
44 5 23
44 9 24
44 11 5
44 12 36
44 18 41
44 21 34
44 22 40
44 25 56
44 27 36
44 28 21
44 31 35
44 33 6
44 35 57
44 36 50
44 39 10
44 40 34
44 42 24
44 43 13
45 1 39
45 5 13
45 8 8
45 9 34
45 11 36
45 12 42
45 17 42
45 23 39
45 25 42
45 26 15
45 27 48
45 30 50
45 34 18
45 35 24
45 37 11
45 38 21
45 40 5
45 41 21
46 0 43
46 1 50
46 2 33
46 3 19
46 5 23
46 7 51
46 11 13
46 12 8
46 13 9
46 16 16
46 18 52
46 21 51
46 23 41
46 25 37
46 27 37
46 28 35
46 30 4
46 31 14
46 35 22
46 38 19
46 39 58
46 42 15
47 0 32
47 2 20
47 3 53
47 7 13
47 9 52
47 10 54
47 11 3
47 13 2
47 15 21
47 16 8
47 18 36
47 23 32
47 25 40
47 29 7
47 31 1
47 32 31
47 35 48
47 38 21
47 45 18
48 1 41
48 5 51
48 6 60
48 7 6
48 11 45
48 14 33
48 17 26
48 18 23
48 21 9
48 22 35
48 25 46
48 27 52
48 28 32
48 30 13
48 32 17
48 35 52
48 36 9
48 37 5
48 38 56
48 39 54
48 40 47
48 41 27
48 42 52
48 43 41
48 44 51
48 45 49
48 47 55
49 2 19
49 4 23
49 7 28
49 9 24
49 10 41
49 12 58
49 13 36
49 14 3
49 15 15
49 18 39
49 19 15
49 21 58
49 22 12
49 23 37
49 24 38
49 26 21
49 28 5
49 29 25
49 30 41
49 31 45
49 32 15
49 33 57
49 34 60
49 37 6
49 39 14
49 40 32
49 43 34
49 44 1
49 47 3
50 3 16
50 4 39
50 5 29
50 6 45
50 7 53
50 10 29
50 12 9
50 14 5
50 16 28
50 17 53
50 19 14
50 21 29
50 22 44
50 23 44
50 24 45
50 25 49
50 26 57
50 27 36
50 28 51
50 30 41
50 31 8
50 33 49
50 42 26
50 43 1
50 44 45
50 47 52
50 48 40
51 0 48
51 1 46
51 2 49
51 3 13
51 4 22
51 5 23
51 6 22
51 7 2
51 8 59
51 15 12
51 16 54
51 17 11
51 18 54
51 19 33
51 21 23
51 24 24
51 25 35
51 30 36
51 31 57
51 33 28
51 34 50
51 35 4
51 41 37
51 42 21
51 43 36
51 48 7
51 49 5
52 0 13
52 1 60
52 4 29
52 5 25
52 8 9
52 15 53
52 18 14
52 20 23
52 22 6
52 24 2
52 25 17
52 29 6
52 31 46
52 32 38
52 34 6
52 35 54
52 38 48
52 39 58
52 41 43
52 42 56
52 43 20
52 44 41
52 47 54
52 48 23
52 49 19
52 50 57
52 51 43
53 0 55
53 1 47
53 2 32
53 4 16
53 7 17
53 8 20
53 9 28
53 10 27
53 11 11
53 13 40
53 14 49
53 15 21
53 18 15
53 19 9
53 21 8
53 22 43
53 27 21
53 28 14
53 29 49
53 32 25
53 33 48
53 37 30
53 38 29
53 39 49
53 41 8
53 42 58
53 43 4
53 47 33
53 52 30
54 1 50
54 3 6
54 5 56
54 6 58
54 8 32
54 10 20
54 11 37
54 13 52
54 15 52
54 17 31
54 20 3
54 21 6
54 23 40
54 30 46
54 32 37
54 41 30
54 42 37
54 43 32
54 49 57
54 50 30
54 53 32
55 0 45
55 1 16
55 5 38
55 10 48
55 11 34
55 13 25
55 15 50
55 17 45
55 18 1
55 20 44
55 29 23
55 32 36
55 36 26
55 39 30
55 40 58
55 43 14
55 49 19
55 50 11
55 51 14
55 54 48
56 0 3
56 1 50
56 2 41
56 3 55
56 4 15
56 7 47
56 11 51
56 12 38
56 13 46
56 14 56
56 15 36
56 16 43
56 18 23
56 19 57
56 20 47
56 22 9
56 23 3
56 25 4
56 26 46
56 28 42
56 29 19
56 30 4
56 34 4
56 36 58
56 37 4
56 38 8
56 43 17
56 44 58
56 45 26
56 46 44
56 47 20
56 48 54
56 49 37
56 53 54
56 55 17
57 1 17
57 2 32
57 4 9
57 5 56
57 6 21
57 10 30
57 14 34
57 15 22
57 16 31
57 17 10
57 20 51
57 21 33
57 22 59
57 24 48
57 26 2
57 30 32
57 31 15
57 32 15
57 34 31
57 39 12
57 42 2
57 43 3
57 51 25
57 54 5
58 1 60
58 3 6
58 5 24
58 6 50
58 8 41
58 10 29
58 12 28
58 13 52
58 14 39
58 15 6
58 16 49
58 17 49
58 19 17
58 21 28
58 32 60
58 38 16
58 41 31
58 44 29
58 45 44
58 51 7
58 52 42
58 53 31
58 55 51
58 57 9
59 1 27
59 2 6
59 6 21
59 7 17
59 11 23
59 12 40
59 14 54
59 15 17
59 16 53
59 17 3
59 18 56
59 20 12
59 21 12
59 22 36
59 24 43
59 25 45
59 27 1
59 28 7
59 30 23
59 31 49
59 32 38
59 33 8
59 35 48
59 37 26
59 39 21
59 40 56
59 44 36
59 53 14
59 54 46
59 55 59
60 0 29
60 1 53
60 6 55
60 8 37
60 9 60
60 10 29
60 12 51
60 15 10
60 17 49
60 21 10
60 22 18
60 24 33
60 26 53
60 27 59
60 29 4
60 30 57
60 31 39
60 37 34
60 39 26
60 40 15
60 43 15
60 44 31
60 45 15
60 47 36
60 49 25
60 54 23
60 57 24
60 59 39
61 2 12
61 3 44
61 4 30
61 5 41
61 7 50
61 17 4
61 19 1
61 21 39
61 22 55
61 24 16
61 29 22
61 31 17
61 32 34
61 33 59
61 35 22
61 40 23
61 45 51
61 47 43
61 48 13
61 54 55
61 58 53
61 60 57
62 7 47
62 10 49
62 11 8
62 16 1
62 19 40
62 20 13
62 21 53
62 22 37
62 24 60
62 25 26
62 26 15
62 27 12
62 28 17
62 29 24
62 30 41
62 31 58
62 32 31
62 33 41
62 34 26
62 35 38
62 38 44
62 42 35
62 43 36
62 46 32
62 48 39
62 49 34
62 51 44
62 54 52
62 55 48
62 56 45
62 58 47
62 59 9
62 60 56
62 61 18
63 0 19
63 1 36
63 2 3
63 3 57
63 4 27
63 5 58
63 6 50
63 7 7
63 9 12
63 13 51
63 15 10
63 18 7
63 20 10
63 21 15
63 22 35
63 24 56
63 28 40
63 30 21
63 32 27
63 36 30
63 37 19
63 39 22
63 40 47
63 41 44
63 43 11
63 44 41
63 45 27
63 46 37
63 48 41
63 50 6
63 51 49
63 53 29
63 54 20
63 59 54
63 60 35
63 61 14
63 62 5
64 0 29
64 1 19
64 2 31
64 3 56
64 4 17
64 6 28
64 10 5
64 12 49
64 13 39
64 15 1
64 16 19
64 17 30
64 20 17
64 22 45
64 23 60
64 24 42
64 27 6
64 28 23
64 30 54
64 32 3
64 35 22
64 38 40
64 40 35
64 42 47
64 43 21
64 44 22
64 45 41
64 48 25
64 49 6
64 50 10
64 51 21
64 53 20
64 55 8
64 56 14
64 59 32
64 60 5
64 63 47
65 0 22
65 1 2
65 5 6
65 8 25
65 10 18
65 11 42
65 13 26
65 14 22
65 15 51
65 16 25
65 18 20
65 19 58
65 20 42
65 21 4
65 22 25
65 25 5
65 27 47
65 28 11
65 30 51
65 31 12
65 32 19
65 35 13
65 36 32
65 37 1
65 38 6
65 45 17
65 46 59
65 47 43
65 51 58
65 52 35
65 53 34
65 54 35
65 56 33
65 57 31
65 59 8
65 60 30
65 61 7
65 62 7
65 63 42
65 64 14
66 1 27
66 2 9
66 7 38
66 9 2
66 11 39
66 12 14
66 14 26
66 15 30
66 16 58
66 19 39
66 20 9
66 21 40
66 24 56
66 27 25
66 28 8
66 32 14
66 33 48
66 35 23
66 38 39
66 40 4
66 46 21
66 50 7
66 53 29
66 54 27
66 55 53
66 57 23
66 60 5
66 61 38
66 62 3
66 65 35
67 3 33
67 5 45
67 6 49
67 9 28
67 11 39
67 13 37
67 15 5
67 16 37
67 17 57
67 18 18
67 21 25
67 22 8
67 23 16
67 25 17
67 26 36
67 27 47
67 33 35
67 35 19
67 36 10
67 38 43
67 40 31
67 45 18
67 47 20
67 50 16
67 51 4
67 55 50
67 61 45
67 62 12
67 63 36
68 1 19
68 2 7
68 7 55
68 8 56
68 9 23
68 12 49
68 15 50
68 16 51
68 24 25
68 25 39
68 28 14
68 29 7
68 30 16
68 31 47
68 32 24
68 34 11
68 36 48
68 37 52
68 38 50
68 39 30
68 41 54
68 44 57
68 45 60
68 48 25
68 50 41
68 51 23
68 53 50
68 56 7
68 57 52
68 64 44
68 65 22
68 66 15
68 67 40
69 2 17
69 3 31
69 4 25
69 5 24
69 11 45
69 13 8
69 14 51
69 15 20
69 16 19
69 18 57
69 20 58
69 21 32
69 23 20
69 29 54
69 31 9
69 33 36
69 34 22
69 37 50
69 38 10
69 39 54
69 41 39
69 42 25
69 44 56
69 45 26
69 47 31
69 49 12
69 50 39
69 52 39
69 57 34
69 58 2
69 60 55
69 61 49
69 64 30
69 68 22
