20
2 0 41
2 1 103
3 0 108
5 0 64
5 1 27
5 4 98
6 0 66
6 2 111
6 3 120
6 5 3
7 0 67
7 1 56
7 3 14
7 4 40
7 6 46
8 5 60
8 6 10
9 1 118
9 2 59
9 4 21
9 5 29
9 7 33
10 0 64
10 3 39
10 4 79
10 7 69
10 8 28
10 9 117
11 1 8
11 2 54
11 3 73
11 4 41
11 6 89
11 7 106
11 8 62
11 9 113
12 0 62
12 1 55
12 3 38
12 4 93
12 5 47
12 7 65
12 8 75
13 2 3
13 3 89
13 7 46
13 8 85
13 9 117
13 10 39
13 11 82
13 12 32
14 3 39
14 4 33
14 5 77
14 6 37
14 7 117
14 9 96
14 10 80
14 11 96
14 12 88
14 13 16
15 0 51
15 6 31
15 11 96
15 12 35
15 13 20
16 2 107
16 3 25
16 4 67
16 5 85
16 6 38
16 7 110
16 8 115
16 9 28
16 10 51
16 11 37
16 15 83
17 2 115
17 6 28
17 7 76
17 13 118
18 0 91
18 4 56
18 8 4
18 10 69
18 13 6
18 15 105
18 16 83
18 17 51
19 0 28
19 1 19
19 2 60
19 4 94
19 9 73
19 11 30
19 14 89
19 15 74
19 16 59
19 18 17
