30
1 0 79
2 0 72
3 2 61
4 0 70
5 1 2
5 4 14
6 0 3
6 1 44
6 2 13
6 4 16
7 0 76
7 1 10
7 5 20
7 6 9
8 0 24
8 1 21
8 2 38
8 4 23
8 6 12
9 3 49
9 7 10
10 0 34
10 1 29
10 2 74
10 3 13
10 4 77
10 5 32
11 1 66
11 2 58
11 5 32
11 6 61
11 7 63
11 9 27
11 10 50
12 0 9
12 4 41
12 5 49
12 6 40
12 7 4
12 8 9
12 10 75
13 0 46
13 1 22
13 2 21
13 7 50
13 8 68
13 10 12
14 0 45
14 3 69
14 4 2
14 5 57
14 6 52
14 8 5
14 9 54
14 11 79
14 12 69
15 0 34
15 1 21
15 2 66
15 4 69
15 5 78
15 6 22
15 9 32
15 10 1
15 12 57
15 14 42
16 2 79
16 4 8
16 8 3
16 10 75
16 13 31
16 14 78
17 0 27
17 3 17
17 4 66
17 7 58
17 8 25
17 13 24
17 14 40
17 16 72
18 0 65
18 1 45
18 3 22
18 5 30
18 6 2
18 7 4
18 13 3
18 15 47
18 16 30
18 17 45
19 1 79
19 4 80
19 6 26
19 7 17
19 8 5
19 9 8
19 11 55
19 12 54
19 13 71
19 15 72
19 17 57
20 0 57
20 2 29
20 4 27
20 8 53
20 10 58
20 12 28
20 13 9
20 16 57
20 17 41
21 2 19
21 3 18
21 4 33
21 5 78
21 7 40
21 11 64
21 15 62
22 0 24
22 1 26
22 3 78
22 4 71
22 5 58
22 6 22
22 8 16
22 9 22
22 10 48
22 14 12
22 15 18
22 16 58
22 19 70
22 20 21
22 21 73
23 1 68
23 2 41
23 3 62
23 4 75
23 8 67
23 10 17
23 13 71
23 14 17
23 16 47
23 18 20
24 0 39
24 2 18
24 3 44
24 4 27
24 5 33
24 7 21
24 10 60
24 13 44
24 16 24
24 18 38
24 19 72
24 20 54
24 22 80
24 23 15
25 2 23
25 3 1
25 7 56
25 9 72
25 11 8
25 12 32
25 14 22
25 15 64
25 17 1
25 20 64
25 21 65
26 0 49
26 1 56
26 2 38
26 4 34
26 5 50
26 7 69
26 8 25
26 9 58
26 11 57
26 14 42
26 17 18
26 18 30
26 22 78
26 24 63
27 2 69
27 3 21
27 6 63
27 8 21
27 9 14
27 11 76
27 12 14
27 13 16
27 15 60
27 16 69
27 17 50
27 22 2
27 25 24
27 26 68
28 5 56
28 6 77
28 7 8
28 9 36
28 10 69
28 14 58
28 17 15
28 18 56
28 21 45
28 22 9
28 25 11
28 26 74
28 27 41
29 1 60
29 7 2
29 8 14
29 10 25
29 11 14
29 12 17
29 13 69
29 19 6
29 20 76
29 21 43
29 25 69
29 26 47
29 27 41
