20
1 0 27
2 0 50
2 1 41
4 0 64
4 2 34
4 3 22
5 0 26
5 3 29
5 4 48
6 1 80
6 4 9
7 0 76
7 3 79
7 4 24
7 5 76
8 6 19
9 2 75
9 3 68
9 4 65
9 5 30
9 7 1
9 8 44
10 1 53
10 6 50
10 7 33
10 9 46
11 0 55
11 1 74
11 3 57
11 5 18
11 7 52
11 8 12
12 2 66
12 3 32
12 6 68
12 8 72
12 11 6
13 0 13
13 2 23
13 4 73
13 8 65
13 11 31
14 0 6
14 1 6
14 2 76
14 9 20
14 10 25
14 11 41
14 13 64
15 2 33
15 4 12
15 9 38
15 11 50
15 13 36
15 14 63
16 0 29
16 1 22
16 2 49
16 3 35
16 4 79
16 5 1
16 6 19
16 8 72
16 9 61
16 10 1
16 11 47
16 13 62
16 15 23
17 0 15
17 5 18
17 9 38
17 11 48
17 14 51
17 15 44
17 16 35
18 0 54
18 3 62
18 4 21
18 7 54
18 8 29
18 9 10
18 10 16
18 11 72
18 12 45
18 13 30
18 14 28
18 15 13
18 17 14
19 1 23
19 2 10
19 7 3
19 8 1
19 11 10
19 14 13
19 16 2
19 18 59
