20
1 0 94
2 0 44
2 1 118
3 2 7
4 3 103
5 0 111
5 1 16
5 4 69
6 2 87
6 3 120
7 1 76
7 3 112
7 5 79
7 6 118
8 0 72
8 2 64
8 3 13
9 5 25
9 7 48
9 8 112
10 3 46
10 5 100
10 7 28
10 9 68
11 1 38
11 5 16
11 6 94
11 7 34
11 9 112
11 10 2
12 0 105
12 1 17
12 3 50
12 5 94
12 10 85
13 2 68
13 7 14
13 12 79
14 0 102
14 1 23
14 2 5
14 3 88
14 6 15
14 10 45
14 11 43
15 2 50
15 4 49
15 5 88
15 6 60
15 8 58
15 12 56
15 14 73
16 0 92
16 1 56
16 2 16
16 3 108
16 4 49
16 5 22
16 6 81
16 8 82
16 9 99
16 13 36
16 14 60
17 0 57
17 2 30
17 9 113
17 10 56
17 12 96
17 13 26
17 15 21
18 1 54
18 2 112
18 3 19
18 9 70
18 10 29
18 12 107
18 13 3
18 14 105
19 0 94
19 1 64
19 4 66
19 5 115
19 6 103
19 10 118
19 13 8
19 15 71
19 16 47
19 18 115
