60
2 0 32
2 1 80
3 1 18
3 2 94
4 0 14
4 1 50
4 3 8
5 0 99
6 1 80
6 2 30
6 5 43
7 0 100
7 2 10
7 4 6
7 5 97
8 2 78
8 4 56
8 5 31
9 0 78
9 1 19
9 2 80
9 3 11
9 6 62
9 7 33
9 8 46
10 7 60
10 9 42
11 0 22
11 1 71
11 3 4
11 5 51
11 6 69
11 8 89
11 10 70
12 1 95
12 3 37
12 5 15
12 6 53
12 8 91
12 11 62
13 0 8
13 4 53
13 6 33
13 8 71
13 10 28
13 12 41
14 0 83
14 1 34
14 2 42
14 3 33
14 5 55
14 6 28
15 0 15
15 1 55
15 2 60
15 6 12
15 8 38
15 9 97
15 11 34
15 12 25
16 4 76
16 6 21
16 7 9
16 9 97
16 11 41
16 12 9
16 15 20
17 0 43
17 2 48
17 3 81
17 5 46
17 8 18
17 10 33
17 11 95
17 12 42
17 14 79
17 15 95
18 0 86
18 2 74
18 5 41
18 8 3
18 10 55
18 13 10
18 16 77
18 17 19
19 0 37
19 1 66
19 2 7
19 4 89
19 5 10
19 7 88
19 8 87
19 9 68
19 11 22
20 1 94
20 2 94
20 6 70
20 8 8
20 10 82
20 12 75
20 13 21
20 14 33
20 15 62
20 16 90
20 17 48
20 18 34
20 19 3
21 0 34
21 1 23
21 4 18
21 5 25
21 6 93
21 7 67
21 8 21
21 9 1
21 10 8
21 12 23
21 17 14
21 19 78
21 20 87
22 0 100
22 1 56
22 2 44
22 4 18
22 5 100
22 7 35
22 9 19
22 10 57
22 11 1
22 13 9
22 15 36
22 17 99
22 19 59
22 20 59
22 21 6
23 0 68
23 1 77
23 2 32
23 4 38
23 5 5
23 6 91
23 8 13
23 12 76
23 13 67
23 15 75
23 16 32
23 19 83
24 3 92
24 5 33
24 6 63
24 7 78
24 8 4
24 10 42
24 13 23
24 16 36
24 17 68
24 22 69
25 0 96
25 3 24
25 5 99
25 6 7
25 8 71
25 10 42
25 12 73
25 14 81
25 15 87
25 16 78
25 20 20
25 21 62
25 24 24
26 3 62
26 6 59
26 13 61
26 14 17
26 15 24
26 16 34
26 17 95
26 20 14
27 0 41
27 1 92
27 4 3
27 5 62
27 7 19
27 8 52
27 10 80
27 12 54
27 13 98
27 16 78
27 20 65
27 22 46
27 23 80
27 24 81
28 1 63
28 2 61
28 3 1
28 4 71
28 5 86
28 9 54
28 10 42
28 12 42
28 14 10
28 16 78
28 17 87
28 19 93
28 23 44
28 25 80
28 26 100
28 27 4
29 3 1
29 7 80
29 9 65
29 14 13
29 17 30
29 20 73
29 22 100
29 25 42
29 27 4
29 28 58
30 1 41
30 5 19
30 6 69
30 7 4
30 9 14
30 10 20
30 11 91
30 12 91
30 19 79
30 20 75
30 22 13
30 23 94
30 24 28
30 25 95
30 26 73
30 27 31
30 29 43
31 2 75
31 4 9
31 6 82
31 7 100
31 14 36
31 16 3
31 17 33
31 19 35
31 21 45
31 22 30
31 23 62
31 24 95
31 27 31
32 0 59
32 1 20
32 4 35
32 6 38
32 7 48
32 10 38
32 11 62
32 14 20
32 17 41
32 19 98
32 21 29
32 22 32
32 24 4
32 26 87
32 27 13
32 28 12
32 29 54
32 31 93
33 0 67
33 1 11
33 3 61
33 7 1
33 9 82
33 10 44
33 11 54
33 12 74
33 13 55
33 15 92
33 16 85
33 18 63
33 20 43
33 22 6
33 29 42
33 31 95
34 4 18
34 9 91
34 10 87
34 12 96
34 14 49
34 16 92
34 20 31
34 22 69
34 23 100
34 24 11
34 25 51
34 28 44
34 29 96
34 33 46
35 3 31
35 5 32
35 7 73
35 8 73
35 11 34
35 12 52
35 14 62
35 15 3
35 16 58
35 17 41
35 18 43
35 19 35
35 23 7
35 24 60
35 25 31
35 26 43
35 28 31
35 29 86
35 30 86
35 31 40
35 34 90
36 0 14
36 1 34
36 2 100
36 5 84
36 6 39
36 8 38
36 12 62
36 14 13
36 16 82
36 17 23
36 22 50
36 24 80
36 25 9
36 29 47
37 1 53
37 4 7
37 5 82
37 7 72
37 8 78
37 9 64
37 10 32
37 12 66
37 14 48
37 15 46
37 17 44
37 21 74
37 26 13
37 29 38
37 31 33
37 32 82
38 0 63
38 3 88
38 4 26
38 11 25
38 13 20
38 19 3
38 20 30
38 21 37
38 22 87
38 23 57
38 25 26
38 26 10
38 28 6
38 35 59
38 36 45
39 0 10
39 4 10
39 6 36
39 9 36
39 13 14
39 14 86
39 16 69
39 17 69
39 19 71
39 21 67
39 22 20
39 27 72
39 28 20
39 30 97
39 31 53
39 32 46
39 33 35
39 34 99
39 37 1
40 3 66
40 5 54
40 6 37
40 7 60
40 8 97
40 9 62
40 11 26
40 12 60
40 15 68
40 18 84
40 20 94
40 21 100
40 22 51
40 23 51
40 25 50
40 27 82
40 29 19
40 31 83
40 32 87
40 34 63
40 35 98
40 36 28
40 37 66
40 38 35
40 39 48
41 3 87
41 5 90
41 6 12
41 7 63
41 11 81
41 12 27
41 13 87
41 15 92
41 17 34
41 22 95
41 24 89
41 26 49
41 28 50
41 30 12
41 32 18
41 33 34
41 37 56
41 39 85
41 40 40
42 1 51
42 2 49
42 4 90
42 9 14
42 10 43
42 13 7
42 14 46
42 15 51
42 16 56
42 17 47
42 18 23
42 20 97
42 23 37
42 25 11
42 27 48
42 29 39
42 32 35
42 33 80
42 36 30
42 40 47
43 0 23
43 2 13
43 6 68
43 8 90
43 10 7
43 14 59
43 15 9
43 17 66
43 18 58
43 19 22
43 21 15
43 22 16
43 23 94
43 24 39
43 26 62
43 28 70
43 29 95
43 30 34
43 31 64
43 34 55
43 36 63
43 39 23
43 42 52
44 0 53
44 2 45
44 3 6
44 5 59
44 6 93
44 10 44
44 12 19
44 13 34
44 15 75
44 17 100
44 19 83
44 22 48
44 24 26
44 25 6
44 27 72
44 28 56
44 32 51
44 34 68
44 37 63
44 38 16
44 39 47
44 41 20
44 42 93
45 1 84
45 3 5
45 4 77
45 5 47
45 9 38
45 10 72
45 11 71
45 12 77
45 16 59
45 17 6
45 19 19
45 21 16
45 22 89
45 25 85
45 28 96
45 29 52
45 30 4
45 35 20
45 42 48
45 44 97
46 2 3
46 3 62
46 4 98
46 6 68
46 12 42
46 13 18
46 15 45
46 16 53
46 19 32
46 20 50
46 22 83
46 24 10
46 29 78
46 31 36
46 33 45
46 34 86
46 35 31
46 41 36
46 42 18
46 43 79
47 0 50
47 1 27
47 7 70
47 8 64
47 12 50
47 13 34
47 14 17
47 15 4
47 16 80
47 19 84
47 22 84
47 24 84
47 25 71
47 26 99
47 28 10
47 30 68
47 32 44
47 33 73
47 34 86
47 38 65
47 39 44
47 44 38
47 46 53
48 0 20
48 2 71
48 3 65
48 4 26
48 7 9
48 13 24
48 14 87
48 18 62
48 19 82
48 22 45
48 23 45
48 24 16
48 28 38
48 29 98
48 32 71
48 33 32
48 34 63
48 36 7
48 38 64
48 42 94
48 45 23
49 1 85
49 2 33
49 4 75
49 5 82
49 7 28
49 8 58
49 11 98
49 12 59
49 13 8
49 14 98
49 15 45
49 16 37
49 18 84
49 22 55
49 23 96
49 27 25
49 28 78
49 29 99
49 32 13
49 36 44
49 37 53
49 39 72
49 42 14
49 45 90
49 46 35
49 47 100
49 48 10
50 0 69
50 1 86
50 3 51
50 5 32
50 6 32
50 8 3
50 9 57
50 15 56
50 18 44
50 20 89
50 23 13
50 24 35
50 27 65
50 28 70
50 32 37
50 34 82
50 43 7
50 45 10
50 47 8
50 49 97
51 0 86
51 5 28
51 10 33
51 11 14
51 12 95
51 16 27
51 17 19
51 19 10
51 21 7
51 28 18
51 30 95
51 32 24
51 35 1
51 36 96
51 41 64
51 46 44
51 50 53
52 0 91
52 4 73
52 6 35
52 8 77
52 9 70
52 10 42
52 13 66
52 14 35
52 16 91
52 17 51
52 18 76
52 19 5
52 20 40
52 21 7
52 23 85
52 24 55
52 32 54
52 34 25
52 35 57
52 39 25
52 43 19
52 45 93
52 46 50
52 49 25
52 51 94
53 0 64
53 2 83
53 4 85
53 5 83
53 6 28
53 7 93
53 8 83
53 9 22
53 12 15
53 13 18
53 16 94
53 19 91
53 22 23
53 25 14
53 27 76
53 28 39
53 31 63
53 33 46
53 35 64
53 37 87
53 40 91
53 42 80
53 49 1
53 51 13
54 0 75
54 1 23
54 3 76
54 9 30
54 10 77
54 13 16
54 15 21
54 16 53
54 17 58
54 19 66
54 20 42
54 21 67
54 22 2
54 25 81
54 29 58
54 32 94
54 34 8
54 37 36
54 39 39
54 40 2
54 41 27
54 43 56
54 44 55
54 51 14
54 52 8
54 53 41
55 1 10
55 5 52
55 7 64
55 10 17
55 13 62
55 17 57
55 18 64
55 22 100
55 23 16
55 25 33
55 26 74
55 28 90
55 29 55
55 31 89
55 33 58
55 34 68
55 35 86
55 37 80
55 38 45
55 39 20
55 43 3
55 47 99
55 49 47
55 54 1
56 0 91
56 3 90
56 5 90
56 7 45
56 8 86
56 9 24
56 13 34
56 14 26
56 16 22
56 18 44
56 19 50
56 25 26
56 26 65
56 28 58
56 29 58
56 31 27
56 34 89
56 35 37
56 37 45
56 38 29
56 42 12
56 44 39
56 45 19
56 47 30
56 48 71
56 49 9
56 51 33
56 52 49
56 53 11
56 55 61
57 0 97
57 1 86
57 2 4
57 3 82
57 4 63
57 7 6
57 13 62
57 14 22
57 16 23
57 20 81
57 23 17
57 24 71
57 25 24
57 26 67
57 29 91
57 31 84
57 33 66
57 35 60
57 36 90
57 39 7
57 41 10
57 44 93
57 46 84
57 50 92
58 0 10
58 1 81
58 3 62
58 7 90
58 8 4
58 10 32
58 14 48
58 15 99
58 17 33
58 18 88
58 21 2
58 22 6
58 23 57
58 24 23
58 26 8
58 27 73
58 28 58
58 29 9
58 31 5
58 35 4
58 37 13
58 39 49
58 41 14
58 42 15
58 43 55
58 45 94
58 46 58
58 48 90
58 50 24
58 51 82
58 52 87
58 53 14
58 54 81
58 55 17
58 56 40
58 57 10
59 1 19
59 3 88
59 5 65
59 6 19
59 7 36
59 8 65
59 9 8
59 10 33
59 11 48
59 13 53
59 14 32
59 17 95
59 18 29
59 20 81
59 21 14
59 22 35
59 23 71
59 24 23
59 25 27
59 28 43
59 32 59
59 33 12
59 34 82
59 35 87
59 36 90
59 39 44
59 41 24
59 42 18
59 44 24
59 47 53
59 51 37
59 52 28
59 54 58
59 55 30
