40
2 1 3
3 1 36
4 0 29
4 1 23
4 2 27
4 3 3
5 3 23
5 4 23
6 1 16
6 2 3
6 5 26
7 1 12
7 2 37
7 3 13
7 6 16
8 2 31
8 3 23
8 4 16
8 6 23
8 7 39
9 1 10
9 3 33
9 4 31
9 5 4
9 6 26
9 8 13
10 0 6
10 2 32
10 3 13
10 6 12
10 7 10
10 9 1
11 0 32
11 2 11
11 3 37
11 4 18
11 5 35
11 6 22
11 8 33
11 10 8
12 2 14
12 5 7
12 7 36
12 8 14
12 10 32
13 4 8
13 5 23
13 8 15
13 9 20
13 10 2
13 11 5
14 3 16
14 4 4
14 5 14
14 6 1
14 8 11
14 9 25
14 11 31
15 1 20
15 3 40
15 4 20
15 5 2
15 7 21
15 12 37
16 5 5
16 6 18
16 10 2
16 11 14
16 13 10
16 14 18
16 15 1
17 4 23
17 6 24
17 8 37
17 10 2
17 11 10
17 13 9
17 14 5
17 16 7
18 0 8
18 1 13
18 2 10
18 5 32
18 6 27
18 7 13
18 9 25
18 10 12
18 11 35
18 12 40
18 14 21
18 16 23
19 1 19
19 2 32
19 5 39
19 7 22
19 9 26
19 10 19
19 11 28
19 13 13
19 15 16
19 16 36
19 17 34
20 1 3
20 3 9
20 6 29
20 10 36
20 13 24
20 15 2
20 17 23
20 19 1
21 0 15
21 1 17
21 2 15
21 4 39
21 5 25
21 12 37
21 15 27
21 16 36
21 17 29
21 18 4
21 20 11
22 3 25
22 5 9
22 6 5
22 9 14
22 11 40
22 12 17
22 13 15
22 14 13
22 15 3
22 17 40
22 20 37
23 1 14
23 2 11
23 7 17
23 8 21
23 12 10
23 13 14
23 14 14
23 20 26
23 21 8
23 22 37
24 2 39
24 3 26
24 7 15
24 9 32
24 10 15
24 12 38
24 13 27
24 14 36
24 19 3
25 1 10
25 4 22
25 5 5
25 10 32
25 11 20
25 12 38
25 15 5
25 17 11
25 18 35
25 19 21
25 20 20
25 24 14
26 0 40
26 1 23
26 2 23
26 3 28
26 6 14
26 7 6
26 8 8
26 9 31
26 10 35
26 11 27
26 16 1
26 17 29
26 18 4
26 19 22
26 20 7
26 24 40
27 0 34
27 2 28
27 5 13
27 8 6
27 11 21
27 14 17
27 15 38
27 16 35
27 18 13
27 20 16
27 26 27
28 0 24
28 3 32
28 5 36
28 7 39
28 9 40
28 14 15
28 19 25
28 20 10
28 23 15
28 24 24
28 26 13
29 0 32
29 3 10
29 4 36
29 7 28
29 11 29
29 12 23
29 15 20
29 18 39
29 20 10
29 22 35
29 24 7
29 26 32
29 27 31
29 28 3
30 2 4
30 7 32
30 8 30
30 10 4
30 12 2
30 13 33
30 14 36
30 15 6
30 22 33
30 27 21
30 28 29
30 29 32
31 3 22
31 8 10
31 9 15
31 10 19
31 12 27
31 13 3
31 14 26
31 15 33
31 17 13
31 18 26
31 19 24
31 20 3
31 21 12
31 22 7
31 27 6
31 28 7
31 29 14
31 30 34
32 0 10
32 3 24
32 4 17
32 6 29
32 8 29
32 9 28
32 10 28
32 13 25
32 14 2
32 15 13
32 20 21
32 23 5
32 25 32
32 28 9
32 29 21
32 30 38
32 31 28
33 0 20
33 1 15
33 2 1
33 4 9
33 6 24
33 7 38
33 8 14
33 9 8
33 10 18
33 12 5
33 13 12
33 14 5
33 16 28
33 18 28
33 19 35
33 21 26
33 22 24
33 28 14
33 29 7
33 30 19
33 31 39
34 1 27
34 4 31
34 5 10
34 6 30
34 7 36
34 8 25
34 10 32
34 13 6
34 14 11
34 17 32
34 23 33
34 24 30
34 25 29
34 27 17
34 28 8
34 29 38
34 30 18
34 32 40
34 33 40
35 0 38
35 3 30
35 6 13
35 7 11
35 8 1
35 11 13
35 17 30
35 20 15
35 21 7
35 23 25
35 24 31
35 27 23
35 29 5
35 31 6
35 33 37
36 5 34
36 6 14
36 10 11
36 13 40
36 18 10
36 19 9
36 22 30
36 24 33
36 25 36
36 26 1
36 28 14
36 29 12
36 30 18
36 32 34
36 33 12
36 34 17
36 35 37
37 0 13
37 2 38
37 3 1
37 4 30
37 5 8
37 11 10
37 14 18
37 15 12
37 18 22
37 20 28
37 22 29
37 23 22
37 24 13
37 25 31
37 26 30
37 27 5
37 28 9
37 29 2
37 32 32
37 33 40
38 3 1
38 5 28
38 6 22
38 7 22
38 8 11
38 9 17
38 12 4
38 13 3
38 14 30
38 16 29
38 18 22
38 20 39
38 22 22
38 25 21
38 26 32
38 30 4
38 32 1
38 33 20
38 36 1
39 1 26
39 5 21
39 8 32
39 10 2
39 12 31
39 14 6
39 15 39
39 18 34
39 19 13
39 20 23
39 24 25
39 26 10
39 28 35
39 33 24
39 36 11
39 37 21
