50
2 1 9
3 1 3
4 3 28
5 0 2
5 3 39
5 4 39
6 1 20
7 1 32
7 3 8
7 5 14
8 0 25
8 1 34
8 3 25
8 5 23
8 6 20
8 7 14
9 1 30
9 5 33
9 7 34
9 8 37
10 1 18
10 2 15
10 3 31
10 4 16
10 5 9
10 6 20
10 7 23
10 9 38
11 1 15
11 2 35
11 4 25
11 6 39
11 8 37
11 9 27
12 2 17
12 5 30
12 6 2
12 9 16
12 10 38
13 0 19
13 3 3
13 7 33
13 9 19
14 2 32
14 7 40
14 8 3
14 9 32
14 10 28
15 0 29
15 4 7
15 5 17
15 7 26
15 9 25
15 10 31
15 12 22
15 13 30
15 14 34
16 0 28
16 1 9
16 5 38
16 6 32
16 12 18
16 13 17
16 14 5
16 15 27
17 1 37
17 5 31
17 6 24
17 7 1
17 8 22
17 9 20
17 11 3
17 12 27
17 13 38
18 1 7
18 4 25
18 6 17
18 10 30
18 11 2
18 12 31
18 13 6
18 14 36
18 15 15
19 0 21
19 1 28
19 3 11
19 5 13
19 7 9
19 9 6
19 10 1
19 12 30
19 13 39
19 18 8
20 2 22
20 3 2
20 4 9
20 5 18
20 11 21
20 12 30
20 13 1
20 14 36
20 15 31
21 0 31
21 1 40
21 2 2
21 4 34
21 5 24
21 9 2
21 10 39
21 12 30
21 13 34
21 14 37
21 15 10
21 16 14
21 18 29
21 20 34
22 0 21
22 1 14
22 9 30
22 11 5
22 13 35
22 16 13
22 17 32
22 18 4
22 19 7
22 20 2
23 3 16
23 4 16
23 6 35
23 8 22
23 9 19
23 10 8
23 16 22
23 18 17
23 19 9
23 21 18
24 2 5
24 3 7
24 4 36
24 5 29
24 6 30
24 7 37
24 9 39
24 11 19
24 12 8
24 14 20
24 17 19
24 20 10
24 21 6
24 22 36
25 1 32
25 4 8
25 6 30
25 8 36
25 11 29
25 13 17
25 18 29
25 19 36
25 20 6
25 21 31
25 23 35
25 24 24
26 0 14
26 3 24
26 9 14
26 10 16
26 12 17
26 14 19
26 17 10
26 18 19
26 21 33
26 24 19
27 0 20
27 4 9
27 5 17
27 7 33
27 8 39
27 10 37
27 12 33
27 13 39
27 16 4
27 17 21
27 20 6
27 21 26
27 23 40
27 24 36
27 26 2
28 1 12
28 2 33
28 5 36
28 6 15
28 8 30
28 10 36
28 11 13
28 12 40
28 13 40
28 18 12
28 19 11
28 21 15
28 23 25
28 25 30
28 26 30
28 27 14
29 2 18
29 3 14
29 4 34
29 5 23
29 8 28
29 9 37
29 10 6
29 11 35
29 15 17
29 16 4
29 19 15
29 20 33
29 23 17
29 25 27
29 27 8
29 28 9
30 3 38
30 7 24
30 8 23
30 11 31
30 13 17
30 17 21
30 21 14
30 23 28
30 24 26
30 25 13
30 26 7
30 29 24
31 2 3
31 6 11
31 7 27
31 11 13
31 17 17
31 18 9
31 19 21
31 20 17
31 21 7
31 24 2
31 25 28
31 29 7
32 1 33
32 2 6
32 12 12
32 14 15
32 15 6
32 17 20
32 18 19
32 19 7
32 21 36
32 22 24
32 24 7
32 26 4
32 27 38
32 28 35
32 30 18
33 0 33
33 1 1
33 2 9
33 3 31
33 6 29
33 7 8
33 13 27
33 15 39
33 17 10
33 21 13
33 22 29
33 24 12
33 25 9
33 28 36
33 29 31
33 30 27
33 31 8
33 32 14
34 1 1
34 2 12
34 3 28
34 9 32
34 11 38
34 12 23
34 13 29
34 14 37
34 17 40
34 18 15
34 23 40
34 24 30
34 25 31
34 27 40
34 29 18
34 30 33
34 31 22
35 0 22
35 5 8
35 8 39
35 10 29
35 11 35
35 13 5
35 14 6
35 15 7
35 16 8
35 17 10
35 22 36
35 26 3
35 27 13
35 28 3
35 29 31
35 30 2
35 31 40
35 32 35
36 2 9
36 3 11
36 7 22
36 10 9
36 11 1
36 13 38
36 14 39
36 16 28
36 24 40
36 25 20
36 26 31
36 31 35
36 32 16
36 33 2
36 35 37
37 0 10
37 3 15
37 5 7
37 9 23
37 10 29
37 12 1
37 13 6
37 15 14
37 19 8
37 21 6
37 23 37
37 25 14
37 27 35
37 29 6
37 30 28
37 34 24
37 36 23
38 2 24
38 3 5
38 6 10
38 7 23
38 13 32
38 18 40
38 20 24
38 21 7
38 23 32
38 25 28
38 27 3
38 28 33
38 31 18
38 32 17
38 33 13
38 36 16
39 2 4
39 3 26
39 6 16
39 7 1
39 10 32
39 13 8
39 14 37
39 16 5
39 17 21
39 20 16
39 21 25
39 22 20
39 23 6
39 25 14
39 28 10
39 29 35
39 33 34
39 35 22
40 0 11
40 2 35
40 3 4
40 5 14
40 9 1
40 11 24
40 16 33
40 20 40
40 22 31
40 23 22
40 24 16
40 26 30
40 27 24
40 28 17
40 34 36
40 35 2
40 36 2
40 37 1
41 0 18
41 1 38
41 3 23
41 5 12
41 6 1
41 7 31
41 8 10
41 10 18
41 12 32
41 13 17
41 14 5
41 18 35
41 19 24
41 26 15
41 28 4
41 29 26
41 31 3
41 32 18
41 35 37
41 36 8
42 0 13
42 1 39
42 2 21
42 5 5
42 6 22
42 7 35
42 8 35
42 12 37
42 13 27
42 14 1
42 17 34
42 19 24
42 32 10
42 33 7
42 34 12
42 35 40
42 36 30
42 37 25
42 39 14
42 40 4
43 0 8
43 4 38
43 7 15
43 8 18
43 11 24
43 14 32
43 19 27
43 24 22
43 26 12
43 27 9
43 29 24
43 30 39
43 32 3
43 35 25
43 38 25
43 39 30
43 40 8
43 41 28
43 42 20
44 2 24
44 3 14
44 4 9
44 5 27
44 7 12
44 11 7
44 12 2
44 13 16
44 15 37
44 16 1
44 17 16
44 20 20
44 22 4
44 23 1
44 24 23
44 25 12
44 26 6
44 27 28
44 28 4
44 29 24
44 30 2
44 31 23
44 34 14
44 35 16
44 36 39
44 37 17
44 39 10
44 42 40
44 43 33
45 6 4
45 8 5
45 11 7
45 14 6
45 15 12
45 19 20
45 20 18
45 22 16
45 23 32
45 26 4
45 27 16
45 28 36
45 30 24
45 31 17
45 33 34
45 34 22
45 36 31
45 37 30
45 41 31
45 42 17
45 43 4
45 44 32
46 0 20
46 3 17
46 6 1
46 8 6
46 9 23
46 10 39
46 11 30
46 14 5
46 20 33
46 21 13
46 22 5
46 26 1
46 27 19
46 28 37
46 31 6
46 32 21
46 35 22
46 37 16
46 40 4
46 41 35
46 43 5
46 45 15
47 2 20
47 3 1
47 11 25
47 12 24
47 13 13
47 16 37
47 18 17
47 19 32
47 21 32
47 23 36
47 26 24
47 28 19
47 29 15
47 33 37
47 34 7
47 39 2
47 41 33
47 44 13
48 3 40
48 5 24
48 7 38
48 8 19
48 10 36
48 11 32
48 12 13
48 13 38
48 22 10
48 24 10
48 25 23
48 28 35
48 29 23
48 31 33
48 32 24
48 33 11
48 35 30
48 36 29
48 38 19
48 39 20
48 40 9
48 41 23
48 44 5
48 47 12
49 1 5
49 4 31
49 6 17
49 7 27
49 8 26
49 9 2
49 13 8
49 14 9
49 15 24
49 17 17
49 19 19
49 20 25
49 22 18
49 24 7
49 25 38
49 27 6
49 28 13
49 29 3
49 30 18
49 31 22
49 32 39
49 33 2
49 35 10
49 41 2
49 42 1
49 43 30
49 44 2
49 45 33
49 46 16
49 48 7
