40
1 0 26
2 0 30
2 1 54
3 1 47
3 2 52
4 0 15
4 2 79
4 3 71
5 0 68
5 1 68
5 3 54
5 4 33
6 0 72
6 3 56
6 5 28
7 1 28
7 2 3
7 4 22
8 0 40
8 1 1
8 2 80
8 4 40
8 5 3
8 7 76
9 0 52
9 1 66
9 4 52
9 5 58
9 7 70
10 1 73
10 3 40
10 4 32
10 6 3
10 7 68
11 1 32
11 7 25
11 8 36
11 9 26
12 2 36
12 8 67
12 9 68
12 10 4
12 11 9
13 12 23
14 3 8
14 4 25
14 5 15
14 6 57
14 7 44
14 8 37
14 9 69
14 10 66
14 11 60
14 12 1
15 1 10
15 2 17
15 6 63
15 8 61
15 9 54
15 10 48
15 14 34
16 1 58
16 3 21
16 4 24
16 6 54
16 8 56
16 9 44
16 10 6
16 13 79
17 1 16
17 2 25
17 3 26
17 5 18
17 8 44
17 10 28
17 13 2
18 2 29
18 4 52
18 7 13
18 8 2
18 10 46
18 11 12
18 12 40
18 13 71
18 14 62
18 15 44
18 17 49
19 0 75
19 3 71
19 6 36
19 7 4
19 8 77
19 10 55
19 12 59
19 13 14
19 14 29
19 15 30
19 16 17
19 17 12
19 18 29
20 0 42
20 2 26
20 3 13
20 4 8
20 6 76
20 7 64
20 8 77
20 15 11
20 16 20
20 18 45
21 0 8
21 1 72
21 4 24
21 7 20
21 8 59
21 10 34
21 11 64
21 12 72
21 16 36
22 0 65
22 3 74
22 5 71
22 6 1
22 7 25
22 9 60
22 11 66
22 14 63
22 15 20
22 16 60
22 17 79
22 18 54
22 19 50
23 0 28
23 1 12
23 3 55
23 4 55
23 8 50
23 10 40
23 11 6
23 17 24
23 20 73
23 21 30
24 1 10
24 8 76
24 11 56
24 12 35
24 13 20
24 15 22
24 17 32
24 18 50
24 19 21
24 20 40
24 21 13
25 0 53
25 1 35
25 2 31
25 4 73
25 5 4
25 8 31
25 10 31
25 11 77
25 13 61
25 14 32
25 15 35
25 18 4
25 19 59
25 20 11
26 1 14
26 3 7
26 6 67
26 7 1
26 9 7
26 10 57
26 12 20
26 15 22
26 16 27
26 18 9
26 20 73
26 21 50
26 24 11
27 0 75
27 7 37
27 9 77
27 10 8
27 11 59
27 13 10
27 14 78
27 16 56
27 18 57
27 20 56
27 21 69
27 22 66
27 23 77
27 24 28
28 5 27
28 6 12
28 8 37
28 10 11
28 11 4
28 15 63
28 17 47
28 18 14
28 19 40
28 24 42
28 27 30
29 2 32
29 4 53
29 6 79
29 8 67
29 9 7
29 10 9
29 11 10
29 14 79
29 16 36
29 22 50
29 23 10
29 24 16
29 25 2
29 27 27
29 28 8
30 0 43
30 2 22
30 3 4
30 4 71
30 6 60
30 8 65
30 11 18
30 13 74
30 17 79
30 20 33
30 22 42
30 25 69
30 26 65
30 27 21
30 28 19
31 0 67
31 1 38
31 3 77
31 4 68
31 5 24
31 6 27
31 7 77
31 8 27
31 9 40
31 10 33
31 11 46
31 12 58
31 13 34
31 14 21
31 15 67
31 20 66
31 22 25
31 25 41
31 26 48
31 27 75
31 28 76
31 30 3
32 0 31
32 3 3
32 6 13
32 7 52
32 8 50
32 11 66
32 12 20
32 13 45
32 14 50
32 15 48
32 16 42
32 17 59
32 18 39
32 19 30
32 22 59
32 23 14
32 24 8
32 25 64
32 28 58
32 29 24
32 30 61
33 2 43
33 3 45
33 4 28
33 7 54
33 8 35
33 11 80
33 12 10
33 13 28
33 20 79
33 23 14
33 24 7
33 25 71
33 26 70
33 27 40
33 28 77
33 30 9
33 31 8
33 32 36
34 0 27
34 2 57
34 3 16
34 5 48
34 6 24
34 7 39
34 8 17
34 12 78
34 14 32
34 17 31
34 20 16
34 23 22
34 25 34
34 26 49
34 28 1
34 29 19
34 30 63
34 33 35
35 0 65
35 2 55
35 4 8
35 5 19
35 6 57
35 8 38
35 11 22
35 12 27
35 15 5
35 18 55
35 19 60
35 22 61
35 23 79
35 26 38
35 27 44
35 30 50
35 33 31
35 34 17
36 2 45
36 3 36
36 4 51
36 7 25
36 12 24
36 14 62
36 16 66
36 18 61
36 21 3
36 23 39
36 24 17
36 26 74
36 29 50
36 30 45
36 31 54
36 32 16
36 33 42
36 34 59
36 35 60
37 3 54
37 5 9
37 7 62
37 9 60
37 13 76
37 14 24
37 15 28
37 17 69
37 19 42
37 20 24
37 23 44
37 26 62
37 27 2
37 28 64
37 30 59
37 31 49
37 33 15
37 35 60
37 36 42
38 0 68
38 1 58
38 2 33
38 5 50
38 6 35
38 12 52
38 13 33
38 15 39
38 16 80
38 21 78
38 23 48
38 25 48
38 28 10
38 29 23
38 30 9
38 33 3
38 35 26
38 36 54
39 0 9
39 3 19
39 4 3
39 5 39
39 6 28
39 8 20
39 10 44
39 11 54
39 13 78
39 14 38
39 17 14
39 20 46
39 21 37
39 23 28
39 27 46
39 29 61
39 32 50
39 34 6
39 36 7
39 38 11
