20
2 0 30
2 1 2
3 0 25
3 1 32
3 2 35
4 1 9
4 2 30
4 3 31
5 1 4
5 2 34
6 1 11
6 5 39
7 1 28
7 2 16
8 0 7
8 1 19
8 2 7
8 5 17
8 6 3
9 2 28
9 3 14
9 5 15
9 7 38
10 4 27
10 5 21
10 6 15
10 7 38
10 8 14
10 9 1
11 0 17
11 2 10
11 4 27
11 6 28
11 7 23
11 8 9
11 9 3
11 10 24
12 1 5
12 2 24
12 4 31
12 8 39
12 10 29
13 2 19
13 3 25
13 4 6
13 5 28
13 8 6
13 11 40
13 12 27
14 0 12
14 3 6
14 4 20
14 5 26
14 6 6
14 8 7
14 10 26
14 13 9
15 3 2
15 5 40
15 6 8
15 8 25
15 10 26
15 12 4
15 13 17
16 0 20
16 1 13
16 2 28
16 3 7
16 4 24
16 5 6
16 7 40
16 10 14
16 13 23
16 15 40
17 0 20
17 1 14
17 5 29
17 6 6
17 7 7
17 8 15
17 11 7
17 12 17
17 13 4
17 14 5
17 16 19
18 0 23
18 1 4
18 6 25
18 12 37
18 13 8
18 17 23
19 0 24
19 2 21
19 3 7
19 5 15
19 10 36
19 14 10
19 16 34
19 17 2
