60
2 0 107
2 1 65
4 1 56
4 2 93
5 0 82
5 1 29
5 4 40
6 0 15
6 1 60
6 3 93
6 5 59
7 2 88
7 5 104
7 6 27
8 1 11
8 6 118
8 7 30
9 0 97
9 4 38
9 5 85
9 7 78
10 1 120
10 4 108
10 7 106
10 8 114
10 9 11
11 1 103
11 6 50
11 7 6
11 10 73
12 0 6
12 2 53
12 3 46
12 4 85
12 5 65
12 8 89
12 9 62
13 0 119
13 3 90
13 6 37
13 7 84
13 8 116
13 11 107
14 0 104
14 2 13
14 3 1
14 8 101
14 13 79
15 0 42
15 2 25
15 4 4
15 5 95
15 8 116
15 9 33
15 10 2
16 0 52
16 1 23
16 3 12
16 4 87
16 5 30
16 12 79
17 0 13
17 1 84
17 2 38
17 3 64
17 11 38
17 12 14
17 16 60
18 1 49
18 3 106
18 4 98
18 8 41
18 9 4
18 10 56
18 13 31
18 15 16
18 16 102
18 17 97
19 2 47
19 6 50
19 7 27
19 8 42
19 9 72
19 10 106
19 11 22
19 13 22
19 15 78
19 16 44
19 17 22
19 18 38
20 1 76
20 4 105
20 6 25
20 11 27
20 13 62
20 14 59
20 15 22
20 16 26
20 17 83
20 19 85
21 0 91
21 1 38
21 5 52
21 7 79
21 8 26
21 11 70
21 12 91
21 13 114
21 15 47
21 17 42
21 20 115
22 2 52
22 7 116
22 8 101
22 9 36
22 10 108
22 12 116
22 13 19
22 19 49
22 20 62
23 4 92
23 5 71
23 6 57
23 7 9
23 9 70
23 13 55
23 17 91
23 20 118
23 21 23
24 1 21
24 2 67
24 3 112
24 5 8
24 6 114
24 7 27
24 9 111
24 10 27
24 11 6
24 12 5
24 15 21
24 17 76
24 18 64
24 20 9
24 21 24
24 23 115
25 0 33
25 1 28
25 2 94
25 3 14
25 4 66
25 6 111
25 8 94
25 16 58
25 17 98
25 18 85
25 19 54
25 20 16
25 21 12
25 24 15
26 0 44
26 4 99
26 5 95
26 6 68
26 8 18
26 9 42
26 14 12
26 15 55
26 16 98
26 19 82
26 20 43
26 23 17
26 25 42
27 5 55
27 6 107
27 7 11
27 8 71
27 10 118
27 11 29
27 16 56
27 19 78
27 20 98
27 21 59
27 22 112
27 23 20
27 25 95
27 26 87
28 2 21
28 4 29
28 8 34
28 9 18
28 11 22
28 14 104
28 17 52
28 21 114
28 23 3
28 24 50
29 0 18
29 1 109
29 2 93
29 5 79
29 6 27
29 7 59
29 9 12
29 12 80
29 14 50
29 17 16
29 18 25
29 20 64
30 0 28
30 3 57
30 4 107
30 6 5
30 7 74
30 8 60
30 9 42
30 11 59
30 12 97
30 15 12
30 16 23
30 18 74
30 19 17
30 20 93
30 21 101
30 23 108
30 24 61
30 26 3
31 0 1
31 1 110
31 3 110
31 5 117
31 7 56
31 8 63
31 9 85
31 13 37
31 15 55
31 21 120
31 23 88
31 24 13
31 28 14
31 29 43
31 30 32
32 1 17
32 2 100
32 5 103
32 6 40
32 8 10
32 9 118
32 11 42
32 14 84
32 15 110
32 18 85
32 23 58
32 24 105
32 25 72
32 26 81
32 28 63
32 30 112
32 31 75
33 3 52
33 4 98
33 5 4
33 10 83
33 11 78
33 13 67
33 17 66
33 21 84
33 22 105
33 23 60
33 25 47
33 26 47
33 30 67
33 32 6
34 4 93
34 5 14
34 6 79
34 7 11
34 8 25
34 10 19
34 11 54
34 12 58
34 14 34
34 16 61
34 19 41
34 20 15
34 22 120
34 24 7
34 25 36
34 26 113
34 27 85
34 31 37
34 33 11
35 4 120
35 5 39
35 9 5
35 11 53
35 13 107
35 14 94
35 15 28
35 17 82
35 19 60
35 20 69
35 21 81
35 22 84
35 23 99
35 24 33
35 25 94
35 28 81
35 29 15
35 31 73
35 33 46
35 34 55
36 1 46
36 2 98
36 3 33
36 4 88
36 6 84
36 8 68
36 11 113
36 14 8
36 15 75
36 16 72
36 20 15
36 21 18
36 23 102
36 26 21
36 27 43
36 28 9
36 30 86
36 34 32
37 1 51
37 2 97
37 3 38
37 4 75
37 5 35
37 6 27
37 8 41
37 11 52
37 13 48
37 14 36
37 15 9
37 16 120
37 17 47
37 18 25
37 19 58
37 20 74
37 24 85
37 27 28
37 32 70
37 33 27
37 36 23
38 0 63
38 2 68
38 5 1
38 7 23
38 9 108
38 10 70
38 11 5
38 12 32
38 14 8
38 15 12
38 16 82
38 17 100
38 20 31
38 21 9
38 22 94
38 25 43
38 29 11
38 32 17
38 33 110
38 36 11
39 2 91
39 6 38
39 7 91
39 8 18
39 9 93
39 11 41
39 13 103
39 14 81
39 19 74
39 20 15
39 24 46
39 25 16
39 30 25
39 31 102
39 32 53
39 33 49
39 34 8
39 35 39
39 36 75
39 37 69
39 38 64
40 0 12
40 1 63
40 3 104
40 4 32
40 5 43
40 7 63
40 9 28
40 10 51
40 11 62
40 13 47
40 17 111
40 18 43
40 19 79
40 20 46
40 21 55
40 22 69
40 23 112
40 25 14
40 27 57
40 28 78
40 29 92
40 31 73
40 34 46
40 35 24
41 0 27
41 2 28
41 4 58
41 5 83
41 6 57
41 7 78
41 8 31
41 9 98
41 11 109
41 15 95
41 16 118
41 17 12
41 18 97
41 19 87
41 20 82
41 21 70
41 22 58
41 25 111
41 26 110
41 28 115
41 32 111
41 35 56
41 36 113
42 2 109
42 3 18
42 4 99
42 6 40
42 7 75
42 8 93
42 9 10
42 13 99
42 14 54
42 16 105
42 17 63
42 20 108
42 21 9
42 22 29
42 25 26
42 26 24
42 29 33
42 30 87
42 32 10
42 36 40
42 39 31
43 0 115
43 1 24
43 5 77
43 6 82
43 7 36
43 9 52
43 10 54
43 11 2
43 12 95
43 14 85
43 16 42
43 18 67
43 20 43
43 21 87
43 23 16
43 24 78
43 26 87
43 27 6
43 28 46
43 30 59
43 33 25
43 36 61
43 39 63
43 41 60
44 1 66
44 7 46
44 8 51
44 9 40
44 11 31
44 15 53
44 16 106
44 17 64
44 19 80
44 22 102
44 25 51
44 29 92
44 31 84
44 32 60
44 33 114
44 36 24
44 40 49
44 41 15
45 0 63
45 1 84
45 3 92
45 5 103
45 6 100
45 7 26
45 9 110
45 10 6
45 11 24
45 13 63
45 14 1
45 15 101
45 17 1
45 19 82
45 20 34
45 21 65
45 22 6
45 23 22
45 24 73
45 25 87
45 27 119
45 28 51
45 29 79
45 30 92
45 31 37
45 33 101
45 34 42
45 38 56
45 41 28
45 43 80
45 44 56
46 0 88
46 2 43
46 3 25
46 5 85
46 6 37
46 7 9
46 9 39
46 10 104
46 11 79
46 20 87
46 21 117
46 22 119
46 25 115
46 30 72
46 31 119
46 37 54
46 38 45
46 40 7
46 42 60
46 43 110
47 3 2
47 5 29
47 7 50
47 9 89
47 10 17
47 15 36
47 16 86
47 19 62
47 22 31
47 23 2
47 24 92
47 25 82
47 29 13
47 33 38
47 34 47
47 36 13
47 38 49
47 44 78
47 46 108
48 0 112
48 2 46
48 6 101
48 8 106
48 11 105
48 12 86
48 15 102
48 18 3
48 19 78
48 20 45
48 21 58
48 24 51
48 25 53
48 27 15
48 28 79
48 31 102
48 32 86
48 34 30
48 35 46
48 40 81
48 41 22
48 43 98
48 44 102
48 45 27
48 47 23
49 0 22
49 1 33
49 3 72
49 5 41
49 7 32
49 10 17
49 14 61
49 16 91
49 17 89
49 20 72
49 25 19
49 28 87
49 31 31
49 33 36
49 34 68
49 37 18
49 38 90
49 39 30
49 40 90
49 41 42
49 42 83
50 0 30
50 1 56
50 2 108
50 4 119
50 5 35
50 8 36
50 9 17
50 10 112
50 12 22
50 13 53
50 14 34
50 15 72
50 17 73
50 19 97
50 21 51
50 22 39
50 23 109
50 24 108
50 25 25
50 29 85
50 30 59
50 31 110
50 36 58
50 38 83
50 40 88
50 41 112
50 46 30
50 47 53
50 48 19
50 49 91
51 0 99
51 1 63
51 2 84
51 4 61
51 6 28
51 7 105
51 8 19
51 12 97
51 14 17
51 15 14
51 19 18
51 22 22
51 24 115
51 27 18
51 30 37
51 31 111
51 33 35
51 35 102
51 36 89
51 38 34
51 39 40
51 40 7
51 41 54
51 42 99
51 43 103
51 45 39
51 48 64
51 49 15
51 50 63
52 5 92
52 11 109
52 14 19
52 15 22
52 16 72
52 17 32
52 20 9
52 21 13
52 22 61
52 23 120
52 24 116
52 25 4
52 28 96
52 30 104
52 31 79
52 32 119
52 33 77
52 35 17
52 36 93
52 37 2
52 38 12
52 39 36
52 41 1
52 42 14
52 48 92
52 51 46
53 1 59
53 2 116
53 4 109
53 11 19
53 13 46
53 14 35
53 15 1
53 17 13
53 22 32
53 23 111
53 24 5
53 25 90
53 26 112
53 31 84
53 37 34
53 39 112
53 40 92
53 44 45
53 45 83
53 50 19
53 51 109
53 52 104
54 0 95
54 2 62
54 4 80
54 5 106
54 7 119
54 8 22
54 11 108
54 12 81
54 13 7
54 14 75
54 15 97
54 17 94
54 19 15
54 20 80
54 23 116
54 24 53
54 25 117
54 26 23
54 33 95
54 34 102
54 35 88
54 36 84
54 41 77
54 42 119
54 43 107
54 44 59
54 46 36
54 47 53
54 51 36
55 1 75
55 2 68
55 4 76
55 5 83
55 6 36
55 8 87
55 9 104
55 10 92
55 15 32
55 16 39
55 17 22
55 18 7
55 21 19
55 24 70
55 25 56
55 28 63
55 29 28
55 31 65
55 34 63
55 37 55
55 39 44
55 42 79
55 43 79
55 45 93
55 49 118
55 51 100
55 53 110
55 54 3
56 1 77
56 2 116
56 3 10
56 5 93
56 7 43
56 9 20
56 10 38
56 13 72
56 16 47
56 17 70
56 19 22
56 21 73
56 22 1
56 24 9
56 25 94
56 26 95
56 30 112
56 32 50
56 36 37
56 41 94
56 42 114
56 43 49
56 45 94
56 46 97
56 51 3
56 53 110
56 54 110
57 0 120
57 5 23
57 7 97
57 9 3
57 10 23
57 11 16
57 12 117
57 13 97
57 14 1
57 17 59
57 18 19
57 21 49
57 22 57
57 23 1
57 25 1
57 27 42
57 28 110
57 29 100
57 31 42
57 33 33
57 34 46
57 39 72
57 43 84
57 45 38
57 47 81
57 48 60
57 50 8
57 52 79
57 54 55
57 56 66
58 0 68
58 1 80
58 5 62
58 6 30
58 7 91
58 8 47
58 9 72
58 11 75
58 12 70
58 13 21
58 14 104
58 20 100
58 21 44
58 23 50
58 24 34
58 25 18
58 26 113
58 28 82
58 32 89
58 34 56
58 38 19
58 40 77
58 42 7
58 43 7
58 45 83
58 47 81
58 48 23
58 49 14
58 50 93
58 52 101
58 53 118
58 55 10
58 56 16
59 0 48
59 3 27
59 6 93
59 8 32
59 9 85
59 10 48
59 12 99
59 13 102
59 14 1
59 16 115
59 18 55
59 19 68
59 22 55
59 24 117
59 25 119
59 27 104
59 29 6
59 30 101
59 31 66
59 32 26
59 33 114
59 34 70
59 36 78
59 39 53
59 44 73
59 45 88
59 46 60
59 53 24
59 55 61
59 57 89
59 58 5
