70
1 0 7
2 1 13
3 0 2
3 1 3
4 2 7
4 3 9
5 1 6
6 0 15
6 3 17
6 5 1
7 0 6
7 1 10
7 4 13
7 6 12
8 1 13
8 2 17
8 3 16
8 5 14
8 6 20
8 7 3
9 3 2
9 6 8
9 7 5
9 8 5
10 1 14
10 3 9
10 4 7
10 6 6
10 7 11
10 8 10
11 0 15
11 2 4
11 3 1
11 5 6
11 6 14
11 7 11
11 8 17
11 9 12
11 10 19
12 0 12
12 1 4
12 4 10
12 6 9
12 9 11
12 11 7
13 0 9
13 5 9
13 6 6
13 7 14
13 9 20
14 1 11
14 3 13
14 6 6
14 7 17
14 8 7
14 11 7
15 0 16
15 2 2
15 5 11
15 7 8
15 9 1
15 11 17
15 13 15
16 0 10
16 1 8
16 4 6
16 7 18
16 8 10
16 9 10
16 10 8
16 11 8
16 14 14
16 15 13
17 4 14
17 9 7
17 10 11
17 12 10
17 14 7
18 1 20
18 2 20
18 7 17
18 9 8
18 11 18
18 12 17
18 13 9
18 15 14
18 17 14
19 0 15
19 3 11
19 7 3
19 9 8
19 10 12
19 11 17
19 13 19
19 14 8
19 16 19
20 0 6
20 1 19
20 4 20
20 5 19
20 6 18
20 8 2
20 9 2
20 10 17
20 12 9
20 13 20
20 16 10
20 17 16
20 18 5
20 19 3
21 0 10
21 2 4
21 4 17
21 5 17
21 6 15
21 8 10
21 9 11
21 11 12
21 12 3
21 13 11
21 14 18
21 15 15
21 17 4
21 19 16
22 0 5
22 2 9
22 3 8
22 4 9
22 8 7
22 12 3
22 14 4
22 15 19
22 16 5
22 17 4
22 18 13
23 2 2
23 3 10
23 4 2
23 6 3
23 8 16
23 9 20
23 11 3
23 13 13
23 20 3
24 3 4
24 4 4
24 5 11
24 6 12
24 8 7
24 9 14
24 11 11
24 13 9
24 15 4
24 16 14
24 17 7
24 18 15
24 22 15
25 1 4
25 5 4
25 8 6
25 11 17
25 12 19
25 13 10
25 17 3
25 24 18
26 0 8
26 1 5
26 2 17
26 5 18
26 8 4
26 9 19
26 10 3
26 11 15
26 12 13
26 16 6
26 18 7
26 19 3
26 20 13
26 21 14
26 23 17
26 24 12
26 25 10
27 0 8
27 3 2
27 11 11
27 12 17
27 13 11
27 15 14
27 18 9
27 19 4
27 22 5
27 23 13
27 25 1
27 26 15
28 0 15
28 2 16
28 4 8
28 5 14
28 9 2
28 12 19
28 13 10
28 14 18
28 15 11
28 18 19
28 19 8
28 20 3
28 21 9
28 22 13
28 23 18
28 25 8
28 27 18
29 1 1
29 2 14
29 3 7
29 5 4
29 6 10
29 7 9
29 9 3
29 10 17
29 11 11
29 12 19
29 13 9
29 14 19
29 15 5
29 16 4
29 18 14
29 20 19
29 21 18
29 22 17
29 23 15
29 24 20
29 26 11
29 27 6
29 28 5
30 1 15
30 3 12
30 7 2
30 10 19
30 13 13
30 14 9
30 15 6
30 18 20
30 19 18
30 20 13
30 21 1
30 22 2
30 23 14
30 24 3
30 27 8
31 1 14
31 2 4
31 4 18
31 7 12
31 12 4
31 14 1
31 17 17
31 18 6
31 20 5
31 21 17
31 26 13
31 28 7
32 0 14
32 1 2
32 3 10
32 7 17
32 8 12
32 10 8
32 11 5
32 14 1
32 18 16
32 20 18
32 21 12
32 24 2
32 26 16
32 27 13
32 28 3
33 4 1
33 9 13
33 13 14
33 14 5
33 16 16
33 18 13
33 19 2
33 21 11
33 22 20
33 23 17
33 26 3
33 27 17
33 28 18
33 29 17
33 31 4
33 32 8
34 0 19
34 2 15
34 3 10
34 4 2
34 5 12
34 6 13
34 7 19
34 10 7
34 11 4
34 13 2
34 14 2
34 17 4
34 18 19
34 21 9
34 22 2
34 23 2
34 24 18
34 25 1
34 26 15
34 28 5
34 29 20
34 33 15
35 0 11
35 1 20
35 3 9
35 5 16
35 8 3
35 10 11
35 13 6
35 15 12
35 18 17
35 19 7
35 21 8
35 23 3
35 24 17
35 28 13
35 30 2
35 31 13
35 34 2
36 1 8
36 2 19
36 3 10
36 5 10
36 6 15
36 7 10
36 10 8
36 17 17
36 19 20
36 22 16
36 24 4
36 25 3
36 27 11
36 29 12
36 33 11
36 34 19
36 35 18
37 0 1
37 2 8
37 3 10
37 9 10
37 10 15
37 11 13
37 12 17
37 13 5
37 14 10
37 15 5
37 19 20
37 23 12
37 25 12
37 29 8
37 30 10
37 31 7
37 33 13
37 34 8
38 0 7
38 3 10
38 4 7
38 5 1
38 8 15
38 9 16
38 10 7
38 12 4
38 13 5
38 19 7
38 20 6
38 21 3
38 23 3
38 24 18
38 25 8
38 29 14
38 30 2
38 31 12
38 33 11
38 34 10
39 0 3
39 1 19
39 2 13
39 6 15
39 9 4
39 10 4
39 12 4
39 13 8
39 15 2
39 16 18
39 18 17
39 19 3
39 20 4
39 22 16
39 23 7
39 25 8
39 26 10
39 27 15
39 29 5
39 30 16
39 35 13
39 37 8
39 38 16
40 2 4
40 3 14
40 4 3
40 5 15
40 8 1
40 9 12
40 11 1
40 12 17
40 13 18
40 15 3
40 16 15
40 18 13
40 19 5
40 20 17
40 21 16
40 23 1
40 27 5
40 30 5
40 31 13
40 32 2
40 37 6
40 38 1
41 2 19
41 5 9
41 9 17
41 10 5
41 12 12
41 13 14
41 16 8
41 17 16
41 21 17
41 22 10
41 26 5
41 27 5
41 29 14
41 32 13
41 33 19
41 35 18
41 36 1
41 38 14
41 39 1
42 2 6
42 5 3
42 7 7
42 9 19
42 12 9
42 13 1
42 14 2
42 15 3
42 17 4
42 18 16
42 22 16
42 23 9
42 24 16
42 25 3
42 26 13
42 27 13
42 30 1
42 32 13
42 33 19
42 34 4
42 35 12
42 37 9
42 40 13
42 41 18
43 0 12
43 4 7
43 5 18
43 8 3
43 14 1
43 16 10
43 21 18
43 24 13
43 27 12
43 36 17
43 38 14
43 39 11
43 40 3
43 41 11
44 6 10
44 7 14
44 10 8
44 11 16
44 14 5
44 15 2
44 16 7
44 17 10
44 19 7
44 20 18
44 30 19
44 31 10
44 37 14
44 40 14
44 43 4
45 1 8
45 3 11
45 6 7
45 7 16
45 11 18
45 12 16
45 16 13
45 17 15
45 19 16
45 21 9
45 22 2
45 23 13
45 26 11
45 27 11
45 35 4
45 36 9
45 39 13
45 40 2
45 42 4
45 43 11
45 44 6
46 0 16
46 1 6
46 2 19
46 5 3
46 6 9
46 8 9
46 9 19
46 13 16
46 16 15
46 17 17
46 18 1
46 19 19
46 20 2
46 23 11
46 24 7
46 25 9
46 27 2
46 30 15
46 34 13
46 37 18
46 38 11
46 40 18
46 41 14
46 43 4
46 45 19
47 0 17
47 1 12
47 2 5
47 3 9
47 8 19
47 9 18
47 13 4
47 17 1
47 18 1
47 20 19
47 21 5
47 22 20
47 24 1
47 27 5
47 28 6
47 31 7
47 32 4
47 35 2
47 36 19
47 37 18
47 39 20
47 41 16
47 42 6
47 43 2
47 44 3
47 45 9
47 46 16
48 5 19
48 6 20
48 9 3
48 12 13
48 15 14
48 16 5
48 20 9
48 21 11
48 22 8
48 24 10
48 28 8
48 29 11
48 31 11
48 33 19
48 34 7
48 35 17
48 37 13
48 39 19
48 41 7
48 42 20
48 43 13
48 44 14
48 45 9
49 0 5
49 2 13
49 4 7
49 5 16
49 7 12
49 10 15
49 14 20
49 16 20
49 17 5
49 18 9
49 19 17
49 23 6
49 24 3
49 27 7
49 28 4
49 29 13
49 30 16
49 33 13
49 34 19
49 35 11
49 36 8
49 38 5
49 45 18
49 48 18
50 1 5
50 2 2
50 4 16
50 5 10
50 7 15
50 8 12
50 9 11
50 11 15
50 12 17
50 13 14
50 15 14
50 16 17
50 17 17
50 23 5
50 24 19
50 26 20
50 28 15
50 30 10
50 31 9
50 32 8
50 33 9
50 38 1
50 39 9
50 40 6
50 42 18
50 46 14
50 47 8
51 0 16
51 1 12
51 2 10
51 4 10
51 5 9
51 9 16
51 12 8
51 14 1
51 16 4
51 17 1
51 18 15
51 19 14
51 20 18
51 22 4
51 23 1
51 24 13
51 32 5
51 34 10
51 35 14
51 43 7
51 45 2
51 47 12
52 3 15
52 5 11
52 10 10
52 11 5
52 12 18
52 13 15
52 18 6
52 20 10
52 22 4
52 24 10
52 26 6
52 27 14
52 28 15
52 31 18
52 33 18
52 35 19
52 38 11
52 39 10
52 43 7
52 44 9
52 45 16
52 47 14
52 49 3
52 50 8
52 51 19
53 0 8
53 1 5
53 3 2
53 6 2
53 7 4
53 8 12
53 11 5
53 12 20
53 15 13
53 16 18
53 17 5
53 18 17
53 19 1
53 20 16
53 23 5
53 24 9
53 27 8
53 32 8
53 33 5
53 34 18
53 35 10
53 39 12
53 40 5
53 41 6
53 42 17
53 45 19
53 47 9
53 51 20
53 52 7
54 1 1
54 2 11
54 5 10
54 7 13
54 9 14
54 11 6
54 14 14
54 16 6
54 18 18
54 21 11
54 22 1
54 23 3
54 28 16
54 33 5
54 34 15
54 38 5
54 41 12
54 42 16
54 46 3
54 47 10
54 48 7
54 49 3
54 50 15
55 4 19
55 8 10
55 9 5
55 12 12
55 13 20
55 14 18
55 15 11
55 17 20
55 18 7
55 20 7
55 22 1
55 25 17
55 26 14
55 27 16
55 28 14
55 30 14
55 31 8
55 35 18
55 38 18
55 40 3
55 42 8
55 43 9
55 46 14
55 48 1
55 49 1
55 51 20
55 52 1
56 0 19
56 3 4
56 4 2
56 5 18
56 8 19
56 10 6
56 11 4
56 13 4
56 14 4
56 16 7
56 18 1
56 20 17
56 21 10
56 22 5
56 23 10
56 24 16
56 25 13
56 26 5
56 29 5
56 30 20
56 32 20
56 35 17
56 39 6
56 43 13
56 46 16
56 51 2
56 53 5
57 1 2
57 3 16
57 4 11
57 5 16
57 7 4
57 8 1
57 9 6
57 10 8
57 11 1
57 13 15
57 14 18
57 17 10
57 18 7
57 20 10
57 24 2
57 25 6
57 28 12
57 29 18
57 30 12
57 37 20
57 39 2
57 40 15
57 44 9
57 46 10
57 48 1
57 50 19
57 56 14
58 1 5
58 4 19
58 5 18
58 6 14
58 8 13
58 9 10
58 10 10
58 14 3
58 17 11
58 18 12
58 19 7
58 25 10
58 27 18
58 31 12
58 34 17
58 39 17
58 43 17
58 44 3
58 46 14
58 48 5
58 49 9
58 50 8
58 51 20
58 52 6
58 54 18
58 55 6
58 57 6
59 0 8
59 1 16
59 2 12
59 7 2
59 13 6
59 18 12
59 19 17
59 21 11
59 22 9
59 23 9
59 25 7
59 27 11
59 28 1
59 30 2
59 32 5
59 33 3
59 37 14
59 39 11
59 40 1
59 41 6
59 42 12
59 44 11
59 46 7
59 48 6
59 54 16
59 55 18
59 56 16
59 57 6
59 58 5
60 0 17
60 1 12
60 4 12
60 5 13
60 7 19
60 8 4
60 9 6
60 12 7
60 13 16
60 15 1
60 16 5
60 17 14
60 18 17
60 20 6
60 21 8
60 22 19
60 25 1
60 28 17
60 30 12
60 32 8
60 35 17
60 36 7
60 37 13
60 38 5
60 41 17
60 42 4
60 45 13
60 48 1
60 51 10
60 52 13
60 55 15
60 57 3
61 0 14
61 6 10
61 8 17
61 9 4
61 16 3
61 17 11
61 20 20
61 21 11
61 23 17
61 24 19
61 25 11
61 31 4
61 33 5
61 35 16
61 39 6
61 41 19
61 45 15
61 46 17
61 48 9
61 51 9
61 53 4
61 56 15
61 59 18
62 0 14
62 2 17
62 7 17
62 10 9
62 12 19
62 13 19
62 14 11
62 20 5
62 23 3
62 24 18
62 26 5
62 27 10
62 28 8
62 36 4
62 37 12
62 39 10
62 45 8
62 48 11
62 49 9
62 50 7
62 55 13
62 57 4
63 0 9
63 2 17
63 4 7
63 5 20
63 6 20
63 7 12
63 9 14
63 12 19
63 15 12
63 16 7
63 18 3
63 21 4
63 23 6
63 25 8
63 26 15
63 30 6
63 37 6
63 42 13
63 44 19
63 47 20
63 49 16
63 50 12
63 52 11
63 53 16
63 54 4
63 59 8
63 61 13
64 1 1
64 2 20
64 3 18
64 4 10
64 6 10
64 13 12
64 15 5
64 18 2
64 20 19
64 22 9
64 23 4
64 24 3
64 25 10
64 27 17
64 29 19
64 30 1
64 32 11
64 34 2
64 36 15
64 37 19
64 38 1
64 39 17
64 43 3
64 45 3
64 48 9
64 50 20
64 51 15
64 52 7
64 53 5
64 55 14
64 58 3
64 61 16
64 62 10
64 63 8
65 0 17
65 2 6
65 3 11
65 4 10
65 5 5
65 7 4
65 8 6
65 11 11
65 13 3
65 17 8
65 18 1
65 19 1
65 22 15
65 23 16
65 24 11
65 25 10
65 27 1
65 30 5
65 31 10
65 32 14
65 33 14
65 38 17
65 40 17
65 41 2
65 43 16
65 45 16
65 46 15
65 47 18
65 48 13
65 49 14
65 50 8
65 51 3
65 52 2
65 54 8
65 59 7
65 60 9
65 64 14
66 1 20
66 2 10
66 3 18
66 5 3
66 8 15
66 14 5
66 16 10
66 18 2
66 21 6
66 23 1
66 24 13
66 26 20
66 27 19
66 29 7
66 31 14
66 32 17
66 33 10
66 36 1
66 37 6
66 38 17
66 40 10
66 41 16
66 43 7
66 47 2
66 51 10
66 53 15
66 57 7
66 58 15
66 60 10
66 61 19
66 62 15
66 63 2
66 64 17
67 1 8
67 2 17
67 4 6
67 6 12
67 11 8
67 12 2
67 16 11
67 17 1
67 18 18
67 20 18
67 23 8
67 25 12
67 26 2
67 28 20
67 35 6
67 36 9
67 38 10
67 40 6
67 42 15
67 43 13
67 45 7
67 48 7
67 49 6
67 51 10
67 55 16
67 56 17
67 60 6
67 63 10
67 65 9
67 66 18
68 0 3
68 1 9
68 2 3
68 4 10
68 5 17
68 6 12
68 8 15
68 11 13
68 13 1
68 16 6
68 18 6
68 19 1
68 22 3
68 23 2
68 24 7
68 25 20
68 27 11
68 28 2
68 30 7
68 31 18
68 32 20
68 33 1
68 38 17
68 39 12
68 43 19
68 44 5
68 46 1
68 47 2
68 48 9
68 49 5
68 50 6
68 51 1
68 52 14
68 54 17
68 55 9
68 57 4
68 60 14
68 62 10
68 63 11
68 65 18
69 0 4
69 3 20
69 5 11
69 6 19
69 7 9
69 8 19
69 10 5
69 11 7
69 17 4
69 18 6
69 21 8
69 23 20
69 26 7
69 27 16
69 31 5
69 32 12
69 35 11
69 36 9
69 38 18
69 39 15
69 42 7
69 44 13
69 45 10
69 46 3
69 47 1
69 52 7
69 55 10
69 57 14
69 60 17
69 61 5
69 62 2
69 63 6
69 64 13
69 66 15
69 67 14
69 68 2
