50
1 0 20
3 1 21
4 1 28
5 0 19
5 1 27
5 2 2
5 3 17
5 4 13
6 2 26
6 5 22
7 2 19
7 3 7
7 4 4
7 5 7
8 0 15
8 3 32
8 6 10
8 7 19
9 1 39
9 2 29
9 3 32
9 5 5
9 6 37
10 1 31
10 5 39
10 7 34
11 1 31
11 3 31
11 4 18
11 5 40
11 7 12
12 1 24
12 3 31
12 6 5
12 7 18
12 10 39
13 1 11
13 2 30
13 3 2
13 5 9
13 11 20
14 8 32
14 9 1
14 12 27
15 1 4
15 2 14
15 3 12
15 5 17
15 7 9
15 9 35
15 10 5
15 11 36
15 12 9
15 13 6
16 4 8
16 5 12
16 6 2
16 9 36
16 10 10
16 11 15
16 12 27
16 14 9
16 15 7
17 0 14
17 3 6
17 4 37
17 5 2
17 8 36
17 9 25
17 10 8
17 11 2
17 12 11
17 16 10
18 1 10
18 3 29
18 4 3
18 8 28
18 12 12
18 13 20
18 14 5
18 15 25
18 16 33
18 17 2
19 1 9
19 3 39
19 4 34
19 6 30
19 7 30
19 9 5
19 12 4
19 13 25
19 14 40
19 16 18
19 17 5
20 1 9
20 5 3
20 6 37
20 7 15
20 8 2
20 11 7
20 12 1
20 13 29
20 16 9
20 18 23
21 2 25
21 4 33
21 6 23
21 8 7
21 9 22
21 13 8
21 14 19
21 15 18
21 16 10
21 17 27
21 19 34
22 4 37
22 6 25
22 7 39
22 8 9
22 10 29
22 11 11
22 13 25
22 14 35
22 15 9
22 17 4
22 18 14
22 20 23
23 5 14
23 8 6
23 9 21
23 11 21
23 12 11
23 15 11
24 0 23
24 2 17
24 3 37
24 6 16
24 8 8
24 10 36
24 11 40
24 12 28
24 17 12
24 18 38
24 19 28
24 20 21
24 21 18
24 22 10
24 23 6
25 0 6
25 1 21
25 2 26
25 5 10
25 6 36
25 7 9
25 9 1
25 11 20
25 12 14
25 20 15
25 22 27
25 24 33
26 0 16
26 1 35
26 2 11
26 3 6
26 6 9
26 7 32
26 8 9
26 9 37
26 11 16
26 14 21
26 15 25
26 16 15
26 18 11
26 21 30
26 22 23
26 23 13
26 25 26
27 2 15
27 3 25
27 4 3
27 7 29
27 8 38
27 9 7
27 10 28
27 12 23
27 13 18
27 15 22
27 16 3
27 18 24
27 19 22
27 22 24
27 23 7
27 25 6
28 2 15
28 5 26
28 6 7
28 9 20
28 11 29
28 12 8
28 13 1
28 16 5
28 17 34
28 19 34
28 20 14
28 23 39
28 25 6
29 1 35
29 2 21
29 3 34
29 4 39
29 8 25
29 10 19
29 11 36
29 14 12
29 19 26
29 20 33
29 21 11
29 22 7
29 24 12
29 25 38
29 26 32
29 27 25
30 0 18
30 4 18
30 6 14
30 10 28
30 13 12
30 16 26
30 17 8
30 21 22
30 22 29
30 24 23
30 26 33
30 27 36
30 28 1
30 29 12
31 0 22
31 1 22
31 2 1
31 3 34
31 5 1
31 6 31
31 11 6
31 12 25
31 13 21
31 14 23
31 15 36
31 17 23
31 18 9
31 19 5
31 20 38
31 21 31
31 22 18
31 23 27
31 27 28
31 28 29
32 1 36
32 2 23
32 3 10
32 4 31
32 5 37
32 6 19
32 7 12
32 8 18
32 9 3
32 15 30
32 16 35
32 19 8
32 23 35
32 25 8
32 26 8
32 27 3
32 28 8
32 31 2
33 1 22
33 2 14
33 4 15
33 5 28
33 7 9
33 9 21
33 12 5
33 16 40
33 17 29
33 18 13
33 20 29
33 22 34
33 23 14
33 24 26
33 29 22
33 30 30
33 32 23
34 2 21
34 3 26
34 5 15
34 7 23
34 8 3
34 9 38
34 15 6
34 16 18
34 17 19
34 21 9
34 25 7
34 27 33
34 28 14
34 31 24
35 0 20
35 1 30
35 3 21
35 5 27
35 7 27
35 11 29
35 12 39
35 15 17
35 17 36
35 18 7
35 19 11
35 22 16
35 23 5
35 26 6
35 27 23
35 28 2
35 33 5
36 0 3
36 2 1
36 4 39
36 5 11
36 9 16
36 12 37
36 13 28
36 14 11
36 19 15
36 21 28
36 23 24
36 24 30
36 25 14
36 32 21
36 33 13
36 34 3
36 35 11
37 5 32
37 6 10
37 8 2
37 17 32
37 18 21
37 19 14
37 20 37
37 21 35
37 22 27
37 24 21
37 27 3
37 31 24
37 32 26
37 35 22
38 0 28
38 5 20
38 7 26
38 9 7
38 13 8
38 14 4
38 18 1
38 20 9
38 22 17
38 23 22
38 26 37
38 27 3
38 31 14
38 32 9
38 33 31
38 35 26
38 37 33
39 1 1
39 3 7
39 4 3
39 8 32
39 9 19
39 11 11
39 13 18
39 15 9
39 16 3
39 19 33
39 20 1
39 21 3
39 23 23
39 24 10
39 25 1
39 28 8
39 29 23
39 31 24
39 32 2
39 33 33
39 34 22
39 35 20
39 38 14
40 1 7
40 3 17
40 5 1
40 6 29
40 10 13
40 11 16
40 12 13
40 14 26
40 17 14
40 18 34
40 20 14
40 21 35
40 22 17
40 25 22
40 26 26
40 28 13
40 29 30
40 30 22
40 31 24
40 32 31
40 33 5
40 34 31
40 36 12
40 38 8
40 39 8
41 0 6
41 1 36
41 7 18
41 11 26
41 13 15
41 14 17
41 20 1
41 21 6
41 22 19
41 24 25
41 25 32
41 26 6
41 27 13
41 30 15
41 31 27
41 32 20
41 33 9
41 34 24
41 35 34
41 38 6
41 39 30
41 40 6
42 3 30
42 4 9
42 5 6
42 7 16
42 8 12
42 9 5
42 10 35
42 11 18
42 12 28
42 13 22
42 14 33
42 15 29
42 16 8
42 21 35
42 25 40
42 31 17
42 34 28
42 35 6
42 36 5
42 38 2
43 0 36
43 3 25
43 4 25
43 8 31
43 9 12
43 10 37
43 13 25
43 17 10
43 18 6
43 20 34
43 24 21
43 25 31
43 26 21
43 28 2
43 29 6
43 30 36
43 31 33
43 32 3
43 33 31
43 35 31
43 37 18
43 38 32
43 40 10
44 0 36
44 1 25
44 5 35
44 6 18
44 8 40
44 11 7
44 13 33
44 17 25
44 18 38
44 19 36
44 20 9
44 22 8
44 24 37
44 27 31
44 29 32
44 32 17
44 33 18
44 34 40
44 35 39
44 37 14
44 38 29
44 42 11
44 43 21
45 0 32
45 1 25
45 2 7
45 3 33
45 6 40
45 7 30
45 8 15
45 10 30
45 11 2
45 15 2
45 16 13
45 17 9
45 20 36
45 22 28
45 24 28
45 25 32
45 26 37
45 28 21
45 33 16
45 35 30
45 39 12
45 42 7
45 43 28
45 44 27
46 0 19
46 4 11
46 5 10
46 6 22
46 8 16
46 11 3
46 13 38
46 17 34
46 18 38
46 21 6
46 23 19
46 24 20
46 27 1
46 29 25
46 31 35
46 32 25
46 33 6
46 35 17
46 37 2
46 38 17
46 39 2
46 40 10
46 43 32
46 44 31
47 0 16
47 4 34
47 5 40
47 6 3
47 15 33
47 17 9
47 18 29
47 20 9
47 22 32
47 23 18
47 24 22
47 26 29
47 27 21
47 31 25
47 35 2
47 37 6
47 39 38
47 40 19
47 41 31
47 42 11
47 44 34
48 2 36
48 6 36
48 7 28
48 9 35
48 11 36
48 13 37
48 14 21
48 17 16
48 19 8
48 20 1
48 21 21
48 22 29
48 23 27
48 25 24
48 29 20
48 33 21
48 35 12
48 37 28
48 39 21
48 42 14
48 43 40
48 44 28
48 45 16
49 0 1
49 2 8
49 3 34
49 9 30
49 14 14
49 17 12
49 18 12
49 19 33
49 22 16
49 24 39
49 27 1
49 28 15
49 30 38
49 33 10
49 34 29
49 35 26
49 36 40
49 38 1
49 43 38
49 44 16
49 45 37
49 46 20
49 48 8
