50
3 0 9
5 4 17
6 1 21
7 0 6
7 2 15
8 2 22
8 4 8
8 5 29
8 7 1
9 0 35
9 3 27
10 0 15
10 1 33
11 1 32
11 2 14
11 3 16
11 9 29
12 1 16
12 3 35
12 4 12
12 5 24
12 8 30
12 11 38
13 0 16
13 2 30
13 3 38
13 4 21
13 5 32
13 7 14
13 8 6
13 9 11
13 12 10
14 10 20
15 0 29
15 3 14
15 4 17
15 6 13
15 8 22
15 11 3
16 0 20
16 2 24
16 3 21
16 5 19
16 7 28
16 9 3
16 10 27
16 13 37
17 0 40
17 1 10
17 3 10
17 4 10
17 5 40
17 9 33
17 10 12
17 12 5
17 13 36
17 14 31
17 15 23
17 16 35
18 3 10
18 5 7
18 6 24
18 7 4
18 9 2
18 14 35
18 16 6
18 17 7
19 0 19
19 1 31
19 3 35
19 4 15
19 5 4
19 7 5
19 8 7
19 11 13
19 14 13
19 18 9
20 0 14
20 1 13
20 2 33
20 3 32
20 5 34
20 7 32
20 8 27
20 10 22
20 11 20
20 12 29
20 14 19
20 15 18
20 16 37
20 17 20
20 19 1
21 0 20
21 1 23
21 2 13
21 3 34
21 5 6
21 11 38
21 13 14
21 14 6
21 15 14
21 16 38
21 17 22
21 20 36
22 2 32
22 3 38
22 7 39
22 8 17
22 13 40
22 16 7
22 17 3
22 19 5
23 0 23
23 7 5
23 8 38
23 9 26
23 10 17
23 11 27
23 12 20
23 13 11
23 16 35
23 17 30
23 18 28
23 21 38
23 22 25
24 2 29
24 4 22
24 5 3
24 7 12
24 8 34
24 9 5
24 10 27
24 15 7
24 16 40
24 17 35
24 18 39
24 20 7
24 21 12
25 2 12
25 3 38
25 5 38
25 7 11
25 10 6
25 13 3
25 15 2
25 16 29
25 17 1
25 18 38
25 19 5
25 20 3
25 21 17
25 22 37
25 24 25
26 0 25
26 2 27
26 4 35
26 8 17
26 9 9
26 12 31
26 14 4
26 15 22
26 17 34
26 19 23
26 21 40
26 23 14
26 25 23
27 0 29
27 1 6
27 2 1
27 4 23
27 5 32
27 6 12
27 9 5
27 10 18
27 14 15
27 16 13
27 18 4
27 21 32
27 22 32
27 23 39
27 26 14
28 2 37
28 3 29
28 8 6
28 10 3
28 13 4
28 15 30
28 17 7
28 18 35
28 19 37
28 20 38
28 21 32
28 22 6
28 23 5
28 24 31
28 25 1
28 27 6
29 2 22
29 4 6
29 5 24
29 7 8
29 11 39
29 14 39
29 15 16
29 16 30
29 18 20
29 19 20
29 20 34
29 21 10
29 26 35
30 0 16
30 3 24
30 10 9
30 11 40
30 13 4
30 15 36
30 20 9
30 21 34
30 22 11
30 24 31
30 25 34
30 27 19
30 28 40
31 0 26
31 1 9
31 2 14
31 3 12
31 5 23
31 6 27
31 8 14
31 9 25
31 11 16
31 12 36
31 14 29
31 16 36
31 17 21
31 20 28
31 21 39
31 22 15
31 24 10
31 25 40
31 29 4
31 30 22
32 8 28
32 10 32
32 11 10
32 15 38
32 16 28
32 18 22
32 20 6
32 24 17
32 26 35
32 31 40
33 4 29
33 5 10
33 6 10
33 8 35
33 11 7
33 13 37
33 14 27
33 15 39
33 18 13
33 19 11
33 22 3
33 23 33
33 24 3
33 25 40
33 26 6
33 27 34
33 28 23
33 31 3
34 1 14
34 3 11
34 5 27
34 9 40
34 10 18
34 11 37
34 12 35
34 13 7
34 14 24
34 15 8
34 16 36
34 17 30
34 18 33
34 19 32
34 20 31
34 21 12
34 23 40
34 26 38
34 27 26
34 28 4
34 30 8
34 31 2
35 0 30
35 1 37
35 3 13
35 5 18
35 7 16
35 8 36
35 9 23
35 16 37
35 17 26
35 18 16
35 19 14
35 20 33
35 21 13
35 22 10
35 25 3
35 27 36
35 29 12
35 31 17
35 32 34
35 33 16
35 34 7
36 0 37
36 3 27
36 6 17
36 9 1
36 10 19
36 11 17
36 12 28
36 14 28
36 15 19
36 16 32
36 19 27
36 20 21
36 22 17
36 23 34
36 24 34
36 26 13
36 27 17
36 28 26
36 29 40
36 30 24
36 31 29
36 34 25
36 35 27
37 0 29
37 1 18
37 4 18
37 5 29
37 6 22
37 7 20
37 9 23
37 10 33
37 14 20
37 16 32
37 19 27
37 20 26
37 29 2
37 30 25
37 33 22
37 34 14
37 35 33
37 36 34
38 1 40
38 3 33
38 4 21
38 5 35
38 12 15
38 13 37
38 14 29
38 16 7
38 17 32
38 20 37
38 21 36
38 26 22
38 27 29
38 28 12
38 33 26
38 36 16
38 37 16
39 0 4
39 1 36
39 6 18
39 8 32
39 10 19
39 14 34
39 16 9
39 18 6
39 20 14
39 22 6
39 24 21
39 27 17
39 29 39
39 30 26
39 31 27
39 33 21
39 34 37
40 0 19
40 1 4
40 2 21
40 3 24
40 5 1
40 7 5
40 8 17
40 9 37
40 10 9
40 11 8
40 12 16
40 14 37
40 15 1
40 16 32
40 17 19
40 18 39
40 24 29
40 25 34
40 26 9
40 28 27
40 29 33
40 31 15
40 33 10
40 34 13
40 35 22
40 36 36
41 0 19
41 3 23
41 6 35
41 11 20
41 13 5
41 17 23
41 18 6
41 20 8
41 23 9
41 24 19
41 25 30
41 26 37
41 28 8
41 31 21
41 33 5
41 34 32
41 35 7
41 38 38
41 39 37
42 11 24
42 14 38
42 15 9
42 17 16
42 18 15
42 19 19
42 20 26
42 21 2
42 22 39
42 23 7
42 24 5
42 25 23
42 26 40
42 27 18
42 28 29
42 29 7
42 30 36
42 31 11
42 33 23
42 35 10
42 36 14
42 37 29
42 38 2
43 1 35
43 2 7
43 3 33
43 4 9
43 8 31
43 11 32
43 14 7
43 16 15
43 18 35
43 21 3
43 24 25
43 25 16
43 26 31
43 28 27
43 29 24
43 30 22
43 31 2
43 32 12
43 33 37
43 34 34
43 38 2
43 39 19
44 0 1
44 2 23
44 3 32
44 4 34
44 5 24
44 8 9
44 9 16
44 14 5
44 18 20
44 19 32
44 21 14
44 22 20
44 24 13
44 25 35
44 27 12
44 29 17
44 30 32
44 34 9
44 35 28
44 36 18
44 38 27
44 40 14
44 41 19
44 42 24
45 0 29
45 3 19
45 4 14
45 5 8
45 6 2
45 10 36
45 11 24
45 12 27
45 13 17
45 16 24
45 20 2
45 23 17
45 24 6
45 25 28
45 27 8
45 28 29
45 33 26
45 37 10
45 38 23
45 39 40
45 40 12
45 42 35
45 43 22
45 44 18
46 0 40
46 1 10
46 3 27
46 4 34
46 8 31
46 9 20
46 10 37
46 11 5
46 13 32
46 14 7
46 16 21
46 17 31
46 19 31
46 21 1
46 26 15
46 28 32
46 29 2
46 31 37
46 32 17
46 33 23
46 36 12
46 37 11
46 38 22
46 39 33
46 40 5
46 41 32
46 42 31
46 43 7
46 45 37
47 3 2
47 6 15
47 7 13
47 10 23
47 12 37
47 15 37
47 17 35
47 24 36
47 26 10
47 27 31
47 32 40
47 33 18
47 37 3
47 38 4
47 40 7
47 41 31
47 46 16
48 0 3
48 1 24
48 4 30
48 6 28
48 7 6
48 8 14
48 9 16
48 10 4
48 11 15
48 12 9
48 13 19
48 15 33
48 16 24
48 17 20
48 18 15
48 19 14
48 21 40
48 23 7
48 25 31
48 26 30
48 28 14
48 29 18
48 30 7
48 31 32
48 33 3
48 34 22
48 37 18
48 41 23
48 46 14
48 47 24
49 0 8
49 1 34
49 3 4
49 5 39
49 7 1
49 10 23
49 11 35
49 14 39
49 15 38
49 23 16
49 24 3
49 25 14
49 29 38
49 31 30
49 34 30
49 35 20
49 37 8
49 38 34
49 40 6
49 43 10
49 48 38
