70
1 0 42
2 0 55
3 2 58
4 3 13
5 1 51
5 3 56
5 4 28
6 4 11
6 5 30
7 1 40
8 0 2
8 4 17
8 5 39
8 6 30
9 4 5
9 5 31
10 0 10
10 5 49
10 8 32
11 0 16
11 6 18
11 7 30
11 9 39
11 10 13
12 2 31
12 5 59
12 8 56
12 9 56
12 10 13
13 0 48
13 1 31
13 3 41
13 7 42
13 8 3
13 10 35
13 11 33
13 12 43
14 0 27
14 1 29
14 2 34
14 4 43
14 6 44
14 7 54
14 10 20
14 11 13
14 12 43
15 2 27
15 3 1
15 5 12
15 7 59
15 8 34
15 11 48
15 13 7
16 1 11
16 5 57
16 6 53
16 8 4
16 10 4
16 11 52
16 12 47
16 13 3
16 14 4
16 15 60
17 0 55
17 1 5
17 2 34
17 3 30
17 4 5
17 5 33
17 7 34
17 11 54
17 13 16
17 16 37
18 0 23
18 1 23
18 5 35
19 1 20
19 2 15
19 4 39
19 5 24
19 7 19
19 8 8
19 13 29
19 15 41
19 18 36
20 0 45
20 2 30
20 4 28
20 7 30
20 9 31
20 10 54
20 11 40
20 12 36
20 15 38
20 17 10
20 19 5
21 2 47
21 3 15
21 5 4
21 6 16
21 11 34
21 14 6
21 15 28
21 16 26
21 17 25
21 19 46
21 20 41
22 2 13
22 3 4
22 11 54
22 12 55
22 13 33
22 16 23
22 18 50
22 21 58
23 0 39
23 1 14
23 5 37
23 6 40
23 7 32
23 8 8
23 14 44
23 15 3
23 17 45
23 19 13
23 20 8
23 21 54
24 3 22
24 5 27
24 6 59
24 7 22
24 8 40
24 9 37
24 11 14
24 17 29
24 19 23
24 20 9
25 2 13
25 4 40
25 6 20
25 8 37
25 9 59
25 10 23
25 12 52
25 14 46
25 16 27
25 20 28
25 21 27
26 1 45
26 3 7
26 5 8
26 7 1
26 9 55
26 10 18
26 12 17
26 19 34
26 20 32
26 21 29
26 22 36
26 23 37
26 24 5
27 0 2
27 1 21
27 2 27
27 3 53
27 4 12
27 7 35
27 9 16
27 10 59
27 11 49
27 13 26
27 14 49
27 16 32
27 17 15
27 19 4
27 22 19
27 23 35
27 25 12
27 26 25
28 1 18
28 3 43
28 8 10
28 10 45
28 11 21
28 17 49
28 20 42
28 23 5
28 24 27
28 25 58
29 1 54
29 2 5
29 5 16
29 8 43
29 9 41
29 13 6
29 14 43
29 15 42
29 18 38
29 19 17
29 22 32
29 23 19
29 24 44
29 25 16
30 3 8
30 4 17
30 5 34
30 9 9
30 11 12
30 12 40
30 13 3
30 15 35
30 16 5
30 20 58
30 21 56
30 24 46
30 25 7
30 26 12
30 28 39
31 0 47
31 2 6
31 6 23
31 12 10
31 14 60
31 16 36
31 18 39
31 20 2
31 21 8
31 27 53
31 28 17
31 29 15
31 30 31
32 2 34
32 4 24
32 7 30
32 8 39
32 10 48
32 11 49
32 15 24
32 16 15
32 18 14
32 20 34
32 22 8
32 23 7
32 25 35
32 26 9
32 27 47
32 30 10
32 31 57
33 0 20
33 2 40
33 6 52
33 8 29
33 9 52
33 10 9
33 11 17
33 18 22
33 21 58
33 22 33
33 23 36
33 25 14
33 26 7
33 28 15
33 29 19
33 30 43
34 0 55
34 3 21
34 4 30
34 7 11
34 8 5
34 9 29
34 11 2
34 12 36
34 13 42
34 14 60
34 15 28
34 16 15
34 18 13
34 19 50
34 20 37
34 24 53
34 25 56
34 28 18
34 29 11
34 30 12
34 31 51
34 33 23
35 0 33
35 1 19
35 2 60
35 4 15
35 6 38
35 8 37
35 11 52
35 14 34
35 15 47
35 16 2
35 17 39
35 19 53
35 20 56
35 21 45
35 27 33
35 28 5
35 33 9
35 34 18
36 1 11
36 2 5
36 7 30
36 8 47
36 10 25
36 12 10
36 16 53
36 20 37
36 21 7
36 23 47
36 24 28
36 26 15
36 28 42
36 29 21
36 30 57
36 31 46
36 33 35
37 0 31
37 3 17
37 5 58
37 7 19
37 9 54
37 10 57
37 13 18
37 14 14
37 15 60
37 16 42
37 17 25
37 18 36
37 20 29
37 22 53
37 23 5
37 24 26
37 27 28
37 29 18
37 30 60
37 34 24
37 35 56
38 0 18
38 2 52
38 3 39
38 5 33
38 7 40
38 8 22
38 9 4
38 11 49
38 13 25
38 17 55
38 19 36
38 20 27
38 23 41
38 24 34
38 29 52
38 32 6
38 33 30
39 0 29
39 1 47
39 2 37
39 3 57
39 4 39
39 5 56
39 10 56
39 11 48
39 12 29
39 14 3
39 15 15
39 16 5
39 18 31
39 21 30
39 23 52
39 24 7
39 25 17
39 27 37
39 30 42
39 34 55
39 35 4
39 37 16
40 1 40
40 4 38
40 6 47
40 7 36
40 8 41
40 9 38
40 11 52
40 12 13
40 13 1
40 16 19
40 17 38
40 19 36
40 20 29
40 23 18
40 24 35
40 25 35
40 26 20
40 29 18
40 31 40
40 33 42
40 34 14
40 35 60
40 37 34
40 38 31
41 0 39
41 1 13
41 5 9
41 7 46
41 12 12
41 14 50
41 15 49
41 17 33
41 18 58
41 20 44
41 23 21
41 24 58
41 25 30
41 27 55
41 28 52
41 32 38
41 33 49
41 34 17
41 35 44
42 0 21
42 1 12
42 2 48
42 3 12
42 7 9
42 8 26
42 11 10
42 12 36
42 13 49
42 14 10
42 15 55
42 17 31
42 19 14
42 20 20
42 21 25
42 22 28
42 23 50
42 26 34
42 28 21
42 29 21
42 30 12
42 31 55
42 32 5
42 35 9
42 37 26
42 38 58
42 40 59
43 1 37
43 6 38
43 10 35
43 11 37
43 13 8
43 14 31
43 15 57
43 19 21
43 22 45
43 25 9
43 26 15
43 27 17
43 30 6
43 32 22
43 33 39
43 39 43
43 40 12
43 41 37
43 42 54
44 2 4
44 3 4
44 4 48
44 6 25
44 9 5
44 11 53
44 15 6
44 17 34
44 20 16
44 21 56
44 22 39
44 25 55
44 26 42
44 27 25
44 29 55
44 37 18
44 38 56
44 41 30
44 42 16
45 0 55
45 7 55
45 8 7
45 9 55
45 11 37
45 12 54
45 14 46
45 15 17
45 16 52
45 18 54
45 19 31
45 23 43
45 24 27
45 25 15
45 26 12
45 28 38
45 30 53
45 35 32
45 36 60
45 37 53
45 38 37
45 40 32
45 41 51
45 44 46
46 0 2
46 2 17
46 3 28
46 4 3
46 6 43
46 7 24
46 10 40
46 11 12
46 14 2
46 16 51
46 18 11
46 19 58
46 23 9
46 24 47
46 25 10
46 26 33
46 27 9
46 30 28
46 31 34
46 32 2
46 33 45
46 35 58
46 36 24
46 37 49
46 39 38
46 44 20
46 45 27
47 0 7
47 4 16
47 5 31
47 6 36
47 7 44
47 9 13
47 10 57
47 12 9
47 13 55
47 14 43
47 15 24
47 16 5
47 17 9
47 21 56
47 23 46
47 24 60
47 25 27
47 26 9
47 29 31
47 30 55
47 31 41
47 33 35
47 36 20
47 37 26
47 42 60
47 43 39
47 45 40
47 46 2
48 0 51
48 2 22
48 3 40
48 5 10
48 9 49
48 10 46
48 12 31
48 19 8
48 21 35
48 22 56
48 24 35
48 27 56
48 28 50
48 29 53
48 30 9
48 31 57
48 37 1
48 39 44
48 40 40
48 41 5
48 43 35
48 44 47
49 3 31
49 6 8
49 7 44
49 8 5
49 9 53
49 10 29
49 12 29
49 14 53
49 17 41
49 18 59
49 19 2
49 20 40
49 23 22
49 27 28
49 29 4
49 33 44
49 34 53
49 36 33
49 37 42
49 38 3
49 39 11
49 40 9
49 41 49
49 42 48
49 46 14
49 47 29
49 48 21
50 0 7
50 1 26
50 4 10
50 6 1
50 7 23
50 10 15
50 11 29
50 12 25
50 13 59
50 15 9
50 19 38
50 20 56
50 23 59
50 24 22
50 27 9
50 29 30
50 30 17
50 31 40
50 32 43
50 33 58
50 34 12
50 35 17
50 36 15
50 37 7
50 41 8
50 44 25
50 46 59
50 47 58
50 49 60
51 1 1
51 4 60
51 7 20
51 8 55
51 11 34
51 12 27
51 14 13
51 15 46
51 16 4
51 18 38
51 19 16
51 20 1
51 22 20
51 23 7
51 25 40
51 26 44
51 28 30
51 31 29
51 32 50
51 35 9
51 36 10
51 41 23
51 44 13
51 45 53
51 47 4
51 49 35
52 1 18
52 4 58
52 5 47
52 6 12
52 9 23
52 10 55
52 11 33
52 13 46
52 14 55
52 15 6
52 16 19
52 17 8
52 18 46
52 19 18
52 20 32
52 22 47
52 24 26
52 27 8
52 28 26
52 31 56
52 33 24
52 35 19
52 36 36
52 38 57
52 39 6
52 42 55
52 43 52
52 44 8
52 46 19
52 50 47
52 51 32
53 0 45
53 1 22
53 3 29
53 4 1
53 5 28
53 6 34
53 7 39
53 9 51
53 10 44
53 11 47
53 13 2
53 15 44
53 16 4
53 18 24
53 23 38
53 24 59
53 25 10
53 28 20
53 30 45
53 31 16
53 34 1
53 35 2
53 36 24
53 40 2
53 43 2
53 45 46
53 47 22
53 50 51
53 51 24
54 1 19
54 2 37
54 4 7
54 6 2
54 7 5
54 8 23
54 11 6
54 13 35
54 16 13
54 17 22
54 19 17
54 20 58
54 25 32
54 26 28
54 30 30
54 31 42
54 32 37
54 33 1
54 34 3
54 35 53
54 36 22
54 41 5
54 42 24
54 43 58
54 46 45
54 47 34
54 49 44
54 51 57
55 1 29
55 2 28
55 3 36
55 7 10
55 11 49
55 13 29
55 15 10
55 18 51
55 19 58
55 20 36
55 29 51
55 31 11
55 32 3
55 33 45
55 40 38
55 42 33
55 43 51
55 44 45
55 48 1
55 50 16
55 51 7
55 54 3
56 0 21
56 2 12
56 3 48
56 4 50
56 5 32
56 6 20
56 10 11
56 12 46
56 13 48
56 15 40
56 18 12
56 21 30
56 23 38
56 25 38
56 33 5
56 35 46
56 36 47
56 39 11
56 40 46
56 43 52
56 46 49
56 47 51
56 55 35
57 0 56
57 4 8
57 5 31
57 7 11
57 10 22
57 11 28
57 13 3
57 14 28
57 19 42
57 23 43
57 26 50
57 27 7
57 28 21
57 29 24
57 34 35
57 35 45
57 38 42
57 39 50
57 40 11
57 42 11
57 44 45
57 46 36
57 49 28
57 52 41
57 55 33
58 1 34
58 2 47
58 4 29
58 5 54
58 6 56
58 7 46
58 8 54
58 10 47
58 12 54
58 13 6
58 14 27
58 16 5
58 21 32
58 22 31
58 25 24
58 26 1
58 27 53
58 32 55
58 33 6
58 34 29
58 37 49
58 38 2
58 39 30
58 44 35
58 45 47
58 47 26
58 48 23
58 49 39
58 51 30
58 52 9
58 53 21
58 56 41
59 4 17
59 8 5
59 18 60
59 19 50
59 22 26
59 24 41
59 26 60
59 30 26
59 32 33
59 33 12
59 36 31
59 38 33
59 39 52
59 41 6
59 43 23
59 45 24
59 54 34
59 57 19
59 58 6
60 0 45
60 5 42
60 8 49
60 11 48
60 12 31
60 13 41
60 14 36
60 17 48
60 18 53
60 20 2
60 23 34
60 24 59
60 28 50
60 29 33
60 30 31
60 32 49
60 33 29
60 35 9
60 36 34
60 38 6
60 40 54
60 41 46
60 42 8
60 43 57
60 44 31
60 45 23
60 46 3
60 49 39
60 50 30
60 52 55
60 54 19
60 57 31
60 58 39
61 3 23
61 5 4
61 8 22
61 9 51
61 16 27
61 17 37
61 18 10
61 19 52
61 23 35
61 24 44
61 25 22
61 26 9
61 27 16
61 28 51
61 31 53
61 32 6
61 34 60
61 38 24
61 39 22
61 40 59
61 42 22
61 44 54
61 45 3
61 46 35
61 50 57
61 51 4
61 52 3
61 58 15
62 0 31
62 3 40
62 4 1
62 5 47
62 8 52
62 14 9
62 15 41
62 16 59
62 19 24
62 21 32
62 22 25
62 23 36
62 30 23
62 32 55
62 33 18
62 34 43
62 36 56
62 37 3
62 38 43
62 43 38
62 46 33
62 47 29
62 48 43
62 49 2
62 50 55
62 51 21
62 53 10
62 56 30
62 57 17
62 58 57
62 60 5
62 61 49
63 0 59
63 1 32
63 3 47
63 5 20
63 6 28
63 8 17
63 10 29
63 11 55
63 14 55
63 16 41
63 17 22
63 20 40
63 23 3
63 24 20
63 27 4
63 30 59
63 31 50
63 33 55
63 37 54
63 38 25
63 40 26
63 45 11
63 47 18
63 48 11
63 49 49
63 52 23
63 53 33
63 54 12
63 57 6
63 59 33
63 61 32
63 62 7
64 2 38
64 3 23
64 4 38
64 8 22
64 9 13
64 14 37
64 17 59
64 18 20
64 19 24
64 20 20
64 22 20
64 24 17
64 26 1
64 29 44
64 31 34
64 32 3
64 34 6
64 35 22
64 36 18
64 37 43
64 38 55
64 40 47
64 43 30
64 44 27
64 45 4
64 46 21
64 47 60
64 48 25
64 49 10
64 50 49
64 51 42
64 52 32
64 53 36
64 54 52
64 61 3
64 62 14
64 63 50
65 1 33
65 2 30
65 4 59
65 5 60
65 6 50
65 8 25
65 12 7
65 13 47
65 18 54
65 19 42
65 20 7
65 22 51
65 28 19
65 30 30
65 32 31
65 34 49
65 36 12
65 38 30
65 39 59
65 40 24
65 41 40
65 43 43
65 44 10
65 46 46
65 49 35
65 53 51
65 57 35
65 58 31
65 59 56
65 60 15
65 61 8
65 64 40
66 0 34
66 1 60
66 3 29
66 8 59
66 9 19
66 11 60
66 12 58
66 13 2
66 14 42
66 21 26
66 22 48
66 23 16
66 24 39
66 26 4
66 29 46
66 30 57
66 31 11
66 34 16
66 35 6
66 37 37
66 38 45
66 40 53
66 43 58
66 44 25
66 46 34
66 47 13
66 51 22
66 52 53
66 53 44
66 54 37
66 57 36
66 59 15
66 60 41
66 63 25
67 0 10
67 2 1
67 4 17
67 7 49
67 10 52
67 11 11
67 13 10
67 14 60
67 15 42
67 16 12
67 17 60
67 19 42
67 21 27
67 22 37
67 23 13
67 27 45
67 28 48
67 29 12
67 30 2
67 31 27
67 32 47
67 33 34
67 34 46
67 35 43
67 37 57
67 41 45
67 42 7
67 43 3
67 46 28
67 48 5
67 49 28
67 50 37
67 51 13
67 53 29
67 54 18
67 58 60
67 59 42
67 60 24
67 64 27
67 66 56
68 1 4
68 6 55
68 8 49
68 9 52
68 11 56
68 15 55
68 16 50
68 17 50
68 18 40
68 19 36
68 20 34
68 21 54
68 23 3
68 25 38
68 26 30
68 28 28
68 31 40
68 32 8
68 33 29
68 34 37
68 35 29
68 36 60
68 37 47
68 39 19
68 42 30
68 44 10
68 46 40
68 48 46
68 51 28
68 52 39
68 54 9
68 57 49
68 58 17
68 60 47
68 61 1
68 62 19
68 64 45
68 67 15
69 4 3
69 6 44
69 8 19
69 10 8
69 11 46
69 14 10
69 17 3
69 18 45
69 19 25
69 21 29
69 27 37
69 28 54
69 34 25
69 36 38
69 40 38
69 41 4
69 42 19
69 44 3
69 46 56
69 48 14
69 50 56
69 54 20
69 55 10
69 56 30
69 57 41
69 60 60
69 61 22
69 63 35
69 64 2
69 67 31
