30
2 0 15
2 1 12
3 0 20
4 1 1
5 0 8
5 1 19
5 3 19
6 0 7
6 1 15
6 3 10
7 0 15
7 1 15
7 4 19
7 5 9
8 2 13
8 3 20
8 5 20
8 6 7
9 0 17
9 3 2
9 4 10
10 3 4
10 6 3
11 0 13
11 3 13
11 4 15
11 6 11
11 8 9
11 10 8
12 1 7
12 2 5
12 3 12
12 6 20
12 7 2
12 8 9
12 11 9
13 0 19
13 1 16
13 2 10
13 3 8
13 4 18
13 7 1
13 9 2
13 11 9
13 12 13
14 2 20
14 3 19
14 6 18
14 8 2
14 9 16
14 10 5
14 11 4
14 12 6
14 13 9
15 0 4
15 2 16
15 6 18
15 7 16
15 9 14
15 10 13
15 11 4
15 13 14
15 14 15
16 0 19
16 1 8
16 3 1
16 4 14
16 5 3
16 7 18
16 8 10
16 11 8
16 12 15
16 14 17
17 1 7
17 3 4
17 4 15
17 8 13
17 9 5
17 10 17
17 12 13
17 14 3
17 15 9
18 1 19
18 3 10
18 4 5
18 6 8
18 7 11
18 8 11
18 12 7
18 14 17
18 17 14
19 1 14
19 3 17
19 4 5
19 6 9
19 7 17
19 9 9
19 10 7
19 12 6
19 13 19
19 14 2
19 15 13
19 17 9
20 0 6
20 5 17
20 6 2
20 8 6
20 9 17
20 10 9
20 11 14
20 12 19
20 15 11
20 16 9
21 0 4
21 2 9
21 6 1
21 8 16
21 11 2
21 12 4
21 13 12
21 15 5
21 17 18
21 19 6
22 2 11
22 4 19
22 7 11
22 9 6
22 10 5
22 12 4
22 16 20
22 19 11
22 21 8
23 0 8
23 2 12
23 4 18
23 5 12
23 9 8
23 11 8
23 12 20
23 15 12
23 16 17
23 17 9
23 18 17
24 0 7
24 1 1
24 2 5
24 3 7
24 9 18
24 11 19
24 13 16
24 14 14
24 15 3
24 19 15
24 20 11
25 0 5
25 1 11
25 4 6
25 5 19
25 6 12
25 7 8
25 8 20
25 9 18
25 10 12
25 11 7
25 13 18
25 16 9
25 18 19
25 20 19
25 21 3
25 22 7
25 23 17
26 0 17
26 1 3
26 4 10
26 5 15
26 10 4
26 19 4
26 20 5
26 25 18
27 3 9
27 5 1
27 7 13
27 9 19
27 10 11
27 14 11
27 15 18
27 16 19
27 18 14
27 20 3
27 21 20
27 23 7
28 0 9
28 3 4
28 8 20
28 11 6
28 13 10
28 14 11
28 16 10
28 17 18
28 18 16
28 20 16
28 21 5
28 23 19
28 25 3
28 27 7
29 0 11
29 2 11
29 3 3
29 7 20
29 8 17
29 9 8
29 10 14
29 11 15
29 12 8
29 13 15
29 14 6
29 16 1
29 17 4
29 18 16
29 21 11
29 22 15
29 23 2
29 25 15
29 27 1
