40
4 1 50
4 2 12
4 3 50
5 3 1
5 4 65
6 1 41
6 3 41
7 2 14
7 3 17
7 6 65
8 0 11
8 1 44
8 3 37
8 7 2
9 0 8
9 2 47
9 3 43
9 5 54
9 6 78
9 7 65
9 8 53
10 0 48
10 4 4
10 5 49
10 6 28
10 7 47
10 9 14
11 1 80
11 3 31
11 4 61
11 9 69
12 2 43
12 4 27
12 9 9
12 10 8
12 11 76
13 1 15
13 2 43
13 3 31
13 4 31
13 6 52
13 8 46
13 9 35
13 12 50
14 0 8
14 3 38
14 4 74
14 9 76
14 13 33
15 0 61
15 4 4
15 7 58
15 8 43
15 9 50
15 11 5
15 13 6
15 14 60
16 1 11
16 3 80
16 9 51
16 11 29
16 12 15
16 13 53
16 15 54
17 0 45
17 3 11
17 4 51
17 5 75
17 6 63
17 8 51
17 9 29
17 12 11
18 0 39
18 1 56
18 3 31
18 5 60
18 7 55
18 9 21
18 12 40
18 13 53
18 14 20
18 15 15
18 17 27
19 2 43
19 3 39
19 4 23
19 5 36
19 6 53
19 9 29
19 10 51
19 11 50
19 12 40
19 13 32
19 14 52
19 15 30
20 1 8
20 2 74
20 10 76
20 11 79
20 14 70
20 16 38
21 1 3
21 4 54
21 7 43
21 9 19
21 10 71
21 11 75
21 12 2
21 13 6
21 18 28
21 20 69
22 1 49
22 4 36
22 5 76
22 8 71
22 10 45
22 13 33
22 14 66
22 16 18
22 17 28
22 19 10
22 20 2
22 21 58
23 0 50
23 1 17
23 3 79
23 4 1
23 5 61
23 6 73
23 7 8
23 8 57
23 11 6
23 12 59
23 17 6
23 18 7
23 19 32
23 20 21
23 21 13
23 22 79
24 0 36
24 3 76
24 13 78
24 16 31
24 17 34
24 20 77
25 0 41
25 4 62
25 6 10
25 7 22
25 8 12
25 11 37
25 13 21
25 14 58
25 18 22
25 21 73
25 24 19
26 0 60
26 2 80
26 6 37
26 8 68
26 9 2
26 11 27
26 14 9
26 16 32
26 18 49
26 19 53
26 20 30
26 22 2
26 24 5
26 25 26
27 1 38
27 2 39
27 3 53
27 4 19
27 5 65
27 7 43
27 8 26
27 16 52
27 18 14
27 19 10
27 22 7
28 3 54
28 4 65
28 5 65
28 12 21
28 15 72
28 18 23
28 20 14
28 24 30
28 25 36
28 26 14
29 0 61
29 3 10
29 4 12
29 7 11
29 8 15
29 9 30
29 10 65
29 11 50
29 14 17
29 15 79
29 16 25
29 17 32
29 19 74
29 20 74
29 21 12
29 22 18
29 23 4
29 28 4
30 2 37
30 3 49
30 4 54
30 6 26
30 7 25
30 9 22
30 11 7
30 12 29
30 13 52
30 14 45
30 15 40
30 18 43
30 23 66
30 26 29
30 27 66
30 28 1
30 29 21
31 2 2
31 4 4
31 6 37
31 7 33
31 10 7
31 11 26
31 13 13
31 14 62
31 15 69
31 19 68
31 20 18
31 25 42
31 26 39
31 28 3
31 29 57
31 30 64
32 3 67
32 6 37
32 9 46
32 10 5
32 13 36
32 14 53
32 15 31
32 16 10
32 17 63
32 18 19
32 20 10
32 21 47
32 22 46
32 23 63
32 25 65
32 26 47
32 27 57
32 28 7
32 29 61
33 0 32
33 1 44
33 3 28
33 5 76
33 6 20
33 8 58
33 13 25
33 14 72
33 17 26
33 18 67
33 19 26
33 20 2
33 21 60
33 22 63
33 24 46
33 26 23
33 28 8
33 29 42
33 32 69
34 3 13
34 4 30
34 5 55
34 6 69
34 7 37
34 8 55
34 9 4
34 11 22
34 15 35
34 19 26
34 23 74
34 24 4
34 25 19
34 27 67
34 28 3
34 31 57
35 0 46
35 1 52
35 2 50
35 4 34
35 5 51
35 7 72
35 8 54
35 9 46
35 12 29
35 13 75
35 17 52
35 19 63
35 20 52
35 21 42
35 22 11
35 23 39
35 26 16
35 27 6
35 31 40
35 34 44
36 3 42
36 4 59
36 5 52
36 7 66
36 8 65
36 9 77
36 10 22
36 13 24
36 14 71
36 15 7
36 17 27
36 18 33
36 20 78
36 21 77
36 23 36
36 24 33
36 25 17
36 27 34
36 28 33
36 29 30
36 30 9
36 32 52
36 33 8
37 1 33
37 2 4
37 3 79
37 8 55
37 9 71
37 10 29
37 13 6
37 14 6
37 15 38
37 16 77
37 18 29
37 22 80
37 23 68
37 24 9
37 26 2
37 27 2
37 31 59
37 33 56
38 1 35
38 2 32
38 4 59
38 7 39
38 8 77
38 11 61
38 12 19
38 13 49
38 16 76
38 17 16
38 18 80
38 19 66
38 21 58
38 22 63
38 23 51
38 25 48
38 26 29
38 27 35
38 29 75
38 31 24
38 33 66
38 35 27
38 36 52
38 37 35
39 0 71
39 1 72
39 4 21
39 5 36
39 7 5
39 9 61
39 11 11
39 12 29
39 13 78
39 16 32
39 17 40
39 18 69
39 19 40
39 22 36
39 26 25
39 28 58
39 29 15
39 30 7
39 35 72
39 36 35
39 37 5
