20
1 0 37
2 0 38
2 1 60
3 2 40
4 1 11
5 0 8
6 0 7
6 1 56
6 2 54
6 3 9
6 5 60
7 0 13
8 0 20
8 1 53
8 2 9
8 4 56
8 5 31
9 0 45
9 1 59
9 2 3
9 3 6
9 5 17
9 7 18
9 8 7
10 0 42
10 2 34
10 8 48
11 0 50
11 2 10
11 4 51
11 5 36
11 6 23
11 9 47
12 1 9
12 4 32
12 5 32
12 10 53
12 11 48
13 0 34
13 1 27
13 2 47
13 3 6
13 4 34
13 5 13
13 7 14
14 0 18
14 2 29
14 9 59
14 11 29
15 0 44
15 1 31
15 2 35
15 3 35
15 5 57
15 6 49
15 9 20
16 0 40
16 2 9
16 5 35
16 7 30
16 8 28
16 9 44
16 11 23
16 12 53
16 13 5
16 15 34
17 1 33
17 4 17
17 6 6
17 7 1
17 9 13
17 10 46
17 11 30
17 14 24
18 2 23
18 3 8
18 5 10
18 6 28
18 7 34
18 9 16
18 11 26
18 12 45
18 17 6
19 1 41
19 4 42
19 6 26
19 7 30
19 8 58
19 9 26
19 11 38
19 12 4
19 13 11
19 15 32
