60
4 0 50
4 2 26
5 0 103
5 3 71
5 4 98
6 2 86
6 3 12
7 0 59
7 1 59
7 2 99
7 3 89
7 5 91
8 0 79
8 1 4
8 2 17
8 3 1
8 5 84
8 6 4
8 7 85
9 2 42
9 3 66
9 4 99
9 5 106
10 4 111
10 5 74
11 0 103
11 2 112
11 4 21
11 5 26
11 10 64
12 1 22
12 2 73
12 5 87
12 6 35
12 7 17
12 8 10
12 9 45
12 11 68
13 0 101
13 1 102
13 2 102
13 5 81
13 6 13
13 8 52
13 10 54
13 12 22
14 1 17
14 2 113
14 3 39
14 4 87
14 5 43
14 9 112
14 13 114
15 0 42
15 1 53
15 2 38
15 3 65
15 4 99
15 5 118
15 6 89
15 7 94
15 8 96
15 9 53
15 11 94
15 12 33
16 1 4
16 3 104
16 5 106
16 6 115
16 7 120
16 9 81
16 10 88
16 11 68
16 15 92
17 0 58
17 3 94
17 4 100
17 6 52
17 7 70
17 10 2
17 11 98
17 14 66
17 15 34
17 16 99
18 1 77
18 3 5
18 5 80
18 6 62
18 7 32
18 16 43
19 1 66
19 5 76
19 6 80
19 9 91
19 11 46
19 15 4
19 17 75
19 18 4
20 0 7
20 3 19
20 7 99
20 12 34
20 14 6
20 16 45
20 17 117
21 0 89
21 1 24
21 2 54
21 4 39
21 5 96
21 6 115
21 8 82
21 11 61
21 12 42
21 15 50
21 17 49
21 18 113
21 19 117
22 2 25
22 4 2
22 6 82
22 7 110
22 8 113
22 10 3
22 13 100
22 15 36
23 0 97
23 3 13
23 5 36
23 6 103
23 8 54
23 10 103
23 11 68
23 12 43
23 15 102
23 16 44
23 17 23
23 18 31
23 19 85
23 20 14
23 21 9
23 22 118
24 0 66
24 1 62
24 2 79
24 8 45
24 10 12
24 11 48
24 13 111
24 14 88
24 15 118
24 17 100
24 18 48
24 19 2
24 20 87
24 21 111
24 22 116
25 0 94
25 1 110
25 2 58
25 5 3
25 6 34
25 7 90
25 8 4
25 9 7
25 13 73
25 16 47
25 17 115
25 21 52
25 24 16
26 0 69
26 1 117
26 2 66
26 4 78
26 5 79
26 9 74
26 12 64
26 13 108
26 17 52
26 20 77
26 21 98
26 22 48
26 25 104
27 0 8
27 1 85
27 5 85
27 9 76
27 10 10
27 11 19
27 12 94
27 14 104
27 15 65
27 16 75
27 17 90
27 18 55
27 20 57
27 21 62
27 22 35
27 23 58
27 25 32
27 26 43
28 0 1
28 3 72
28 4 116
28 6 66
28 10 43
28 15 78
28 16 11
28 17 112
28 18 76
28 21 117
28 22 9
28 26 96
29 3 114
29 6 6
29 7 68
29 8 48
29 9 13
29 10 3
29 12 76
29 13 120
29 14 78
29 15 106
29 16 116
29 19 63
29 21 24
29 22 106
29 25 74
29 26 79
29 27 42
30 0 40
30 1 115
30 3 41
30 5 1
30 8 116
30 11 29
30 13 22
30 16 101
30 17 74
30 18 52
30 19 74
30 24 81
30 25 78
30 27 61
30 29 49
31 0 25
31 1 68
31 6 67
31 7 42
31 8 57
31 9 57
31 10 115
31 12 16
31 14 107
31 15 120
31 17 73
31 18 38
31 19 35
31 20 60
31 21 108
31 24 114
31 25 72
31 26 53
31 30 86
32 1 32
32 3 35
32 6 57
32 7 15
32 9 13
32 10 115
32 12 77
32 14 93
32 18 89
32 22 81
32 23 70
32 24 95
32 25 73
32 29 113
32 30 99
33 1 62
33 2 78
33 3 108
33 8 50
33 9 98
33 10 65
33 11 95
33 12 110
33 14 17
33 17 75
33 20 42
33 21 89
33 22 57
33 23 81
33 26 90
33 29 88
33 30 59
33 32 89
34 1 103
34 2 30
34 5 85
34 8 110
34 9 72
34 13 42
34 17 75
34 18 93
34 20 16
34 21 114
34 22 24
34 23 54
34 25 47
34 27 8
34 28 37
34 30 15
34 32 11
35 0 4
35 1 36
35 2 95
35 4 13
35 8 45
35 9 51
35 14 48
35 15 56
35 18 90
35 19 111
35 22 61
35 23 4
35 28 54
36 0 1
36 1 85
36 5 77
36 8 26
36 15 40
36 16 44
36 17 22
36 21 63
36 24 107
36 25 29
36 27 11
36 28 108
36 30 41
36 32 6
36 34 22
37 0 55
37 2 41
37 5 90
37 6 72
37 7 56
37 8 31
37 10 118
37 15 33
37 21 39
37 23 27
37 24 9
37 26 2
37 27 52
37 29 29
37 30 6
37 33 36
37 34 53
37 36 51
38 0 38
38 1 26
38 5 16
38 6 10
38 7 74
38 8 54
38 9 88
38 10 41
38 12 46
38 13 29
38 15 9
38 16 86
38 17 46
38 19 28
38 20 18
38 24 70
38 26 26
38 27 53
38 28 73
38 29 35
38 30 15
38 34 5
38 37 25
39 0 17
39 1 19
39 2 16
39 7 37
39 8 103
39 13 26
39 15 3
39 17 79
39 23 17
39 30 4
39 31 32
39 33 68
39 34 36
39 35 61
39 36 85
39 37 65
39 38 11
40 0 82
40 1 99
40 2 88
40 4 50
40 5 101
40 7 74
40 8 24
40 9 14
40 13 20
40 14 89
40 17 108
40 19 104
40 21 2
40 25 59
40 26 101
40 28 55
40 29 74
40 31 115
40 32 111
40 33 72
40 34 95
40 35 58
40 38 29
40 39 66
41 0 114
41 3 119
41 7 11
41 8 111
41 9 26
41 10 29
41 11 53
41 14 7
41 17 108
41 20 19
41 23 61
41 25 45
41 26 77
41 27 69
41 29 62
41 30 31
41 31 12
41 35 39
41 38 80
41 39 52
41 40 70
42 1 43
42 4 67
42 5 37
42 7 71
42 14 70
42 15 70
42 20 40
42 23 42
42 25 94
42 26 55
42 28 27
42 31 99
42 33 73
42 34 78
42 36 91
42 38 44
43 1 117
43 2 42
43 5 67
43 9 60
43 10 17
43 11 66
43 12 91
43 13 63
43 14 59
43 16 86
43 18 95
43 19 46
43 20 44
43 21 10
43 22 92
43 24 43
43 29 108
43 30 44
43 32 75
43 35 90
43 36 92
43 40 28
43 41 50
44 0 94
44 2 34
44 4 21
44 5 5
44 7 117
44 8 49
44 13 5
44 14 41
44 16 35
44 24 66
44 28 9
44 30 15
44 31 98
44 32 71
44 33 50
44 34 51
44 35 13
44 36 95
44 39 50
44 40 106
45 0 108
45 1 99
45 2 53
45 4 65
45 7 94
45 8 71
45 12 111
45 15 71
45 19 120
45 20 57
45 21 118
45 24 2
45 27 34
45 32 58
45 36 104
45 39 81
45 40 10
45 42 20
45 43 36
45 44 53
46 0 100
46 1 30
46 4 73
46 6 26
46 9 90
46 10 66
46 16 41
46 17 61
46 22 5
46 23 51
46 25 79
46 31 58
46 32 14
46 35 103
46 36 37
46 42 91
46 45 105
47 2 8
47 3 37
47 4 78
47 5 49
47 7 76
47 11 91
47 14 58
47 15 84
47 16 23
47 18 83
47 19 91
47 21 58
47 22 114
47 23 7
47 25 68
47 26 63
47 27 3
47 29 56
47 33 13
47 36 16
47 41 82
47 46 115
48 0 107
48 1 19
48 4 20
48 5 120
48 10 1
48 12 51
48 14 86
48 15 81
48 16 80
48 17 11
48 18 56
48 21 21
48 22 25
48 23 47
48 24 4
48 26 68
48 27 69
48 28 32
48 30 21
48 32 115
48 35 9
48 36 61
48 37 72
48 38 18
48 39 31
48 41 68
48 42 79
48 43 32
48 47 90
49 2 1
49 4 76
49 6 55
49 7 44
49 8 83
49 9 9
49 10 116
49 14 89
49 15 18
49 18 54
49 20 115
49 24 95
49 27 25
49 29 100
49 30 77
49 31 62
49 32 108
49 33 46
49 36 31
49 39 69
49 43 32
49 46 1
49 48 15
50 1 72
50 2 111
50 7 39
50 8 114
50 9 61
50 10 106
50 12 74
50 16 51
50 18 116
50 21 64
50 23 62
50 25 50
50 26 86
50 28 113
50 29 95
50 32 32
50 33 36
50 34 65
50 37 85
50 38 96
50 39 80
50 40 75
50 41 4
50 43 98
50 46 64
50 47 11
50 48 72
51 2 16
51 3 70
51 4 113
51 6 109
51 12 77
51 15 24
51 16 92
51 17 98
51 18 111
51 19 20
51 20 42
51 22 100
51 24 16
51 27 91
51 29 118
51 30 70
51 31 106
51 32 108
51 38 93
51 39 111
51 41 67
51 43 41
51 44 7
51 45 12
51 46 16
51 49 64
52 2 104
52 5 117
52 6 109
52 7 29
52 11 23
52 12 72
52 16 50
52 18 2
52 19 17
52 22 54
52 27 27
52 29 95
52 33 56
52 35 112
52 36 69
52 37 60
52 39 74
52 42 15
52 46 1
52 48 36
52 49 115
52 50 80
52 51 70
53 0 46
53 2 13
53 4 37
53 5 72
53 6 63
53 9 6
53 10 62
53 12 26
53 16 61
53 23 24
53 26 18
53 27 10
53 28 62
53 29 76
53 31 51
53 32 111
53 35 23
53 36 32
53 39 63
53 42 59
53 45 116
53 46 29
53 47 75
53 48 50
53 49 60
53 51 93
53 52 28
54 2 32
54 3 109
54 4 112
54 5 90
54 7 57
54 8 26
54 9 15
54 12 29
54 15 98
54 18 9
54 27 105
54 29 17
54 32 14
54 33 16
54 34 97
54 37 68
54 38 18
54 39 67
54 40 95
54 41 78
54 48 99
54 50 22
54 51 79
54 53 115
55 0 64
55 1 111
55 6 101
55 10 33
55 14 56
55 16 8
55 17 120
55 20 105
55 21 15
55 23 26
55 25 76
55 27 67
55 28 33
55 29 79
55 30 10
55 32 26
55 34 33
55 35 54
55 43 68
55 47 107
55 48 36
55 53 56
55 54 70
56 0 20
56 3 110
56 4 10
56 5 115
56 6 12
56 8 52
56 10 20
56 11 84
56 12 54
56 15 36
56 16 19
56 17 94
56 21 63
56 22 82
56 23 5
56 24 96
56 25 104
56 26 110
56 29 70
56 32 107
56 33 34
56 34 74
56 38 113
56 40 113
56 41 86
56 43 97
56 46 42
56 48 59
56 49 67
56 53 18
57 0 74
57 1 98
57 2 117
57 5 12
57 7 117
57 9 114
57 10 61
57 12 111
57 16 106
57 17 74
57 19 102
57 23 71
57 28 47
57 31 15
57 32 18
57 33 118
57 40 43
57 41 78
57 43 109
57 44 109
57 53 34
57 54 15
57 55 62
58 1 119
58 2 118
58 4 19
58 6 93
58 7 37
58 11 94
58 13 97
58 15 71
58 16 52
58 18 112
58 22 110
58 24 103
58 26 56
58 27 90
58 30 101
58 31 31
58 32 69
58 35 117
58 39 44
58 42 85
58 45 65
58 48 51
58 50 103
58 52 65
58 53 82
58 54 100
58 55 10
58 56 49
58 57 98
59 0 110
59 1 48
59 2 85
59 3 6
59 4 114
59 5 21
59 6 84
59 7 60
59 9 8
59 12 42
59 13 86
59 15 111
59 16 7
59 18 73
59 26 22
59 30 66
59 31 116
59 32 95
59 37 117
59 38 26
59 41 63
59 42 46
59 45 74
59 46 32
59 47 62
59 48 30
59 50 20
59 51 94
59 55 49
59 58 100
