60
2 0 104
3 0 74
3 1 16
3 2 17
4 2 94
4 3 22
5 2 59
6 0 103
6 4 89
6 5 90
7 0 58
7 1 85
7 2 58
7 5 9
8 0 36
8 1 106
8 4 60
8 5 10
8 7 101
9 0 66
9 1 46
9 2 13
9 3 79
9 4 30
9 5 82
9 6 3
9 7 112
9 8 91
10 0 42
10 2 110
10 3 22
10 5 81
10 6 117
10 8 20
11 1 53
11 2 50
11 3 97
11 7 116
11 8 42
11 9 63
12 3 28
12 5 83
12 8 42
12 11 62
13 1 35
13 5 9
13 9 40
13 10 69
13 11 111
14 0 102
14 1 65
14 4 114
14 8 73
14 9 70
14 10 21
14 11 87
14 12 23
15 2 109
15 3 47
15 6 14
15 9 28
15 10 14
15 14 47
16 0 56
16 3 120
16 6 57
16 7 17
16 8 110
16 10 57
16 11 48
16 13 3
17 0 75
17 1 73
17 5 40
17 6 70
17 7 95
17 10 72
17 13 104
17 14 9
17 16 80
18 0 82
18 1 96
18 2 19
18 10 5
18 11 30
18 13 92
18 14 28
18 15 32
18 16 48
18 17 120
19 0 4
19 1 106
19 2 44
19 4 33
19 5 12
19 6 115
19 7 92
19 8 112
19 11 115
19 16 18
19 17 30
19 18 97
20 2 50
20 4 55
20 8 28
20 10 23
20 11 97
20 13 71
20 14 51
20 16 6
20 18 65
21 0 36
21 1 100
21 3 11
21 4 69
21 6 16
21 8 103
21 9 43
21 13 79
21 14 39
21 15 1
21 16 60
21 17 9
21 20 67
22 1 31
22 3 120
22 5 119
22 10 61
22 11 46
22 12 20
22 13 62
22 16 24
22 17 45
22 21 52
23 1 79
23 2 20
23 8 12
23 11 30
23 13 54
23 14 16
23 18 58
23 20 10
24 1 107
24 3 14
24 4 109
24 8 104
24 9 34
24 10 106
24 17 4
24 21 74
25 1 17
25 2 14
25 5 39
25 6 11
25 7 81
25 8 93
25 9 32
25 10 96
25 12 52
25 13 7
25 14 95
25 15 65
25 16 83
25 17 96
25 23 94
26 0 101
26 1 43
26 3 108
26 6 66
26 10 29
26 11 15
26 14 115
26 15 76
26 17 83
26 19 9
26 21 42
26 22 83
26 23 33
27 1 69
27 2 35
27 9 65
27 10 104
27 11 36
27 14 75
27 16 16
27 17 91
27 19 73
27 21 88
27 23 66
27 24 82
27 26 96
28 1 81
28 2 85
28 3 56
28 5 85
28 7 70
28 8 88
28 9 54
28 12 51
28 13 9
28 14 60
28 16 81
28 18 43
28 19 98
28 20 51
28 23 68
28 24 99
29 0 52
29 2 23
29 4 51
29 5 61
29 11 57
29 13 18
29 14 105
29 19 55
29 22 65
29 23 88
29 24 74
29 25 54
29 28 89
30 2 16
30 8 106
30 9 65
30 10 112
30 11 43
30 12 106
30 13 67
30 15 32
30 18 27
30 19 72
30 20 75
30 21 10
30 23 106
30 25 113
30 26 55
30 27 83
30 28 77
30 29 86
31 2 55
31 5 28
31 6 46
31 7 59
31 11 51
31 14 111
31 16 17
31 19 46
31 21 92
31 23 54
31 24 19
31 27 57
31 28 55
31 29 38
32 0 17
32 4 32
32 5 49
32 7 17
32 9 17
32 10 93
32 11 99
32 13 87
32 14 113
32 16 61
32 17 65
32 18 1
32 19 73
32 21 103
32 23 36
32 24 11
32 28 63
32 29 78
33 5 46
33 6 94
33 8 82
33 11 79
33 13 36
33 14 32
33 15 79
33 17 44
33 22 19
33 25 10
33 27 84
33 28 24
33 29 120
33 30 87
34 0 118
34 3 100
34 4 79
34 7 28
34 11 19
34 13 46
34 14 2
34 15 90
34 16 106
34 21 4
34 24 61
34 31 37
34 33 58
35 1 62
35 5 56
35 7 24
35 8 82
35 9 100
35 10 76
35 13 87
35 14 55
35 20 112
35 21 98
35 24 2
35 27 78
35 28 6
35 29 72
35 31 22
35 32 25
35 33 19
36 0 59
36 2 113
36 3 54
36 5 34
36 9 86
36 12 84
36 13 12
36 14 40
36 20 89
36 22 106
36 25 74
36 28 114
36 34 110
36 35 5
37 0 57
37 1 46
37 3 93
37 5 40
37 7 24
37 8 24
37 9 120
37 10 66
37 11 65
37 12 35
37 13 46
37 16 60
37 17 65
37 19 38
37 21 5
37 22 58
37 23 38
37 24 40
37 28 72
37 29 24
37 30 116
37 31 50
37 32 120
38 4 109
38 5 90
38 8 6
38 12 90
38 14 103
38 17 10
38 18 38
38 19 21
38 20 4
38 23 86
38 24 74
38 25 120
38 26 79
38 28 118
38 30 116
38 32 50
38 36 35
38 37 13
39 0 8
39 1 1
39 5 102
39 6 56
39 7 109
39 8 70
39 9 78
39 13 31
39 14 67
39 17 116
39 18 11
39 20 95
39 22 15
39 23 7
39 30 45
39 31 119
39 35 56
39 37 97
40 5 83
40 6 71
40 7 9
40 8 53
40 9 44
40 10 28
40 14 42
40 15 4
40 16 1
40 17 78
40 19 94
40 20 16
40 21 88
40 24 70
40 28 37
40 29 91
40 30 111
40 32 69
40 33 5
40 34 42
40 35 61
40 36 36
40 37 55
40 38 19
41 1 54
41 4 51
41 5 104
41 8 54
41 14 118
41 15 3
41 16 117
41 18 96
41 21 33
41 22 41
41 23 82
41 24 18
41 25 49
41 26 58
41 27 20
41 28 67
41 29 110
41 32 97
41 33 107
41 34 120
41 35 82
41 39 6
41 40 19
42 0 27
42 1 62
42 4 85
42 5 81
42 8 70
42 10 83
42 12 70
42 14 107
42 15 34
42 16 42
42 17 22
42 18 77
42 22 110
42 23 20
42 26 95
42 27 42
42 29 25
42 33 95
42 35 114
42 36 33
42 38 118
42 41 57
43 3 32
43 9 74
43 10 47
43 11 49
43 13 62
43 15 67
43 19 41
43 22 40
43 23 40
43 24 106
43 25 65
43 26 81
43 31 10
43 32 26
43 34 97
43 36 59
43 38 100
43 40 82
43 42 44
44 1 104
44 2 103
44 4 46
44 5 76
44 6 6
44 7 118
44 9 117
44 10 58
44 11 114
44 12 60
44 13 57
44 17 72
44 19 9
44 21 102
44 22 82
44 23 76
44 24 113
44 25 22
44 26 102
44 27 34
44 28 54
44 29 40
44 30 48
44 32 85
44 35 25
44 37 66
44 38 31
44 39 44
44 40 84
44 42 79
44 43 81
45 0 79
45 5 109
45 6 37
45 10 41
45 14 75
45 15 27
45 17 116
45 18 28
45 19 109
45 20 28
45 21 106
45 25 118
45 28 55
45 30 103
45 33 7
45 34 22
45 40 18
45 41 64
45 43 57
45 44 19
46 1 76
46 3 53
46 6 101
46 9 59
46 11 43
46 12 33
46 13 26
46 17 101
46 18 80
46 20 46
46 21 102
46 24 10
46 30 119
46 31 18
46 34 45
46 35 80
46 36 39
46 37 53
46 38 6
46 40 97
46 44 118
46 45 6
47 2 97
47 3 118
47 4 15
47 5 65
47 7 99
47 10 112
47 11 2
47 13 92
47 15 82
47 17 15
47 19 23
47 20 50
47 21 84
47 22 111
47 23 23
47 25 13
47 29 91
47 31 78
47 32 49
47 33 3
47 34 114
47 37 89
47 38 12
47 39 84
47 40 66
47 42 4
47 44 119
47 45 31
47 46 52
48 0 85
48 1 19
48 2 3
48 3 18
48 4 32
48 8 55
48 11 94
48 16 104
48 18 37
48 22 56
48 24 54
48 26 18
48 27 50
48 28 38
48 30 96
48 34 120
48 35 3
48 37 111
48 38 20
48 41 63
48 42 19
48 43 41
48 45 116
48 46 21
49 0 31
49 1 77
49 2 103
49 3 11
49 5 17
49 6 105
49 7 48
49 10 42
49 12 57
49 13 27
49 14 21
49 16 59
49 18 31
49 19 106
49 21 52
49 26 78
49 27 48
49 28 21
49 30 84
49 33 1
49 36 34
49 37 70
49 38 112
49 39 1
49 40 118
49 41 77
49 45 110
49 47 20
49 48 39
50 0 98
50 1 89
50 2 32
50 3 50
50 5 83
50 6 98
50 9 32
50 10 112
50 11 103
50 12 38
50 13 54
50 14 110
50 18 61
50 19 113
50 20 82
50 26 115
50 27 26
50 28 37
50 29 47
50 34 116
50 37 41
50 38 103
50 41 70
50 42 3
50 43 82
50 44 46
50 45 95
50 49 58
51 0 53
51 1 117
51 4 73
51 5 67
51 6 45
51 8 20
51 10 13
51 15 13
51 16 35
51 19 44
51 20 66
51 21 38
51 24 26
51 27 16
51 29 111
51 32 48
51 36 38
51 37 24
51 39 94
51 40 79
51 41 8
51 47 12
51 48 1
51 49 58
51 50 40
52 0 58
52 1 41
52 2 96
52 5 101
52 7 77
52 8 27
52 11 116
52 12 58
52 13 89
52 14 35
52 16 80
52 20 90
52 27 111
52 28 75
52 29 73
52 33 79
52 34 77
52 38 41
52 43 74
52 44 90
52 45 87
52 46 12
52 48 78
52 50 109
52 51 70
53 0 55
53 1 64
53 2 50
53 3 25
53 5 53
53 6 40
53 9 34
53 11 51
53 14 35
53 15 87
53 16 20
53 20 9
53 23 16
53 24 18
53 27 9
53 28 5
53 29 81
53 31 11
53 33 9
53 34 64
53 35 13
53 38 120
53 41 105
53 42 16
53 43 83
53 44 88
53 45 38
53 48 87
53 49 97
53 50 67
53 52 62
54 0 46
54 6 84
54 9 92
54 10 67
54 12 91
54 15 25
54 16 101
54 18 1
54 19 48
54 21 44
54 22 15
54 23 5
54 24 26
54 26 113
54 30 13
54 31 45
54 36 41
54 37 47
54 41 61
54 42 1
54 46 62
54 48 81
54 49 25
54 50 61
54 51 19
54 52 55
55 0 92
55 3 4
55 4 109
55 9 62
55 10 29
55 11 66
55 13 96
55 14 18
55 15 66
55 16 72
55 19 54
55 23 103
55 26 25
55 28 13
55 29 25
55 30 15
55 31 73
55 34 72
55 35 84
55 37 111
55 40 90
55 43 90
55 47 74
55 48 97
55 49 45
55 50 42
55 51 21
55 52 70
55 54 60
56 1 37
56 3 29
56 4 74
56 5 5
56 7 34
56 9 89
56 10 48
56 12 69
56 13 77
56 15 109
56 18 93
56 19 45
56 21 116
56 24 93
56 28 32
56 31 14
56 32 62
56 34 110
56 39 72
56 40 88
56 44 116
56 48 9
56 50 27
56 51 16
57 1 87
57 2 30
57 4 42
57 5 95
57 7 58
57 9 100
57 11 10
57 12 41
57 15 57
57 16 72
57 17 2
57 24 76
57 25 90
57 27 101
57 28 17
57 32 69
57 33 34
57 35 67
57 38 47
57 41 116
57 43 47
57 44 89
57 45 35
57 46 80
57 47 109
57 51 111
57 55 40
58 0 71
58 3 74
58 4 21
58 10 76
58 12 109
58 14 21
58 16 33
58 17 45
58 18 49
58 19 99
58 23 49
58 32 3
58 33 110
58 36 9
58 38 64
58 39 106
58 40 111
58 42 88
58 46 2
58 47 116
58 49 117
58 54 4
58 55 5
58 56 97
58 57 31
59 0 107
59 2 114
59 3 19
59 4 68
59 7 107
59 9 96
59 10 102
59 11 85
59 12 76
59 13 114
59 17 75
59 18 119
59 21 91
59 22 2
59 24 101
59 25 116
59 26 75
59 29 10
59 30 69
59 31 36
59 32 1
59 37 14
59 40 71
59 42 68
59 46 23
59 48 29
59 49 80
59 50 111
59 51 47
59 54 68
59 55 82
59 56 98
