20
1 0 10
2 1 12
3 0 26
3 2 10
4 1 22
4 2 8
5 0 39
5 1 7
5 2 37
5 3 17
6 2 5
6 3 39
6 5 25
7 0 7
7 3 24
7 5 27
8 0 21
8 1 22
8 2 31
8 4 23
8 5 26
8 7 40
9 2 33
9 3 25
9 4 12
9 5 22
9 6 23
9 7 29
9 8 14
10 1 9
10 3 39
10 6 17
10 7 2
11 5 1
11 6 21
11 7 11
11 9 21
12 0 10
12 1 2
12 3 22
12 4 30
12 5 15
12 6 35
12 7 10
12 8 10
12 11 24
13 1 30
13 3 16
13 4 36
13 7 37
13 8 35
13 9 5
13 11 23
13 12 1
14 0 5
14 2 16
14 5 14
14 8 10
14 9 23
14 12 23
15 6 36
15 8 35
15 10 36
15 12 10
15 14 6
16 1 11
16 6 13
16 8 9
16 10 5
16 11 2
16 15 36
17 0 32
17 1 1
17 5 4
17 9 3
17 10 11
17 11 17
17 12 20
17 13 11
17 14 28
18 3 12
18 4 25
18 11 14
18 12 3
18 13 34
18 14 36
18 16 40
19 0 4
19 1 27
19 2 37
19 3 24
19 6 11
19 7 19
19 10 4
19 12 2
19 14 37
19 15 22
