30
1 0 67
3 0 17
3 1 72
4 2 102
4 3 117
5 0 113
5 2 91
5 3 50
5 4 25
6 0 108
6 1 38
6 2 17
6 4 114
7 1 6
7 2 6
7 4 59
7 5 105
8 0 119
8 1 34
8 2 90
8 4 65
9 1 7
9 2 23
9 5 101
9 8 9
10 0 65
10 4 2
10 5 27
10 6 115
10 7 61
10 8 93
11 0 107
11 2 13
11 3 63
11 4 26
11 5 80
11 6 61
11 7 68
11 8 18
11 10 15
12 1 115
12 3 36
12 5 45
12 6 60
12 8 52
12 10 119
13 0 104
13 4 80
13 6 120
13 7 7
13 8 84
13 9 100
13 11 93
13 12 90
14 0 85
14 3 97
14 4 71
14 7 109
14 10 64
15 0 61
15 1 112
15 3 90
15 4 36
15 6 7
15 7 110
15 8 56
15 13 79
16 1 37
16 3 22
16 4 87
16 6 87
16 7 2
16 8 70
16 9 12
16 11 1
16 12 72
16 13 33
16 14 64
16 15 114
17 0 89
17 1 24
17 4 43
17 6 90
17 7 118
17 10 2
17 12 47
17 14 64
17 15 91
17 16 91
18 0 27
18 1 14
18 2 71
18 3 9
18 5 113
18 7 87
18 9 48
19 1 101
19 3 81
19 5 46
19 10 57
19 16 119
20 0 56
20 1 88
20 3 3
20 4 78
20 5 113
20 11 21
20 13 82
20 14 73
20 15 114
20 19 25
21 0 84
21 2 40
21 7 80
21 8 117
21 10 119
21 11 5
21 12 20
21 15 91
21 16 60
21 17 18
22 8 35
22 9 55
22 11 90
22 12 35
22 13 101
22 15 2
22 18 67
22 19 102
22 21 98
23 0 97
23 3 105
23 7 1
23 12 88
23 13 69
23 14 69
23 15 18
23 16 30
23 21 14
23 22 71
24 1 73
24 2 98
24 3 30
24 5 20
24 7 106
24 10 19
24 12 22
24 19 98
24 21 3
25 0 68
25 3 27
25 4 110
25 6 89
25 8 40
25 11 82
25 12 44
25 14 70
25 15 1
25 16 109
25 19 25
25 21 67
25 22 69
26 0 107
26 1 80
26 2 96
26 12 93
26 16 69
26 17 58
26 19 114
26 22 110
26 24 95
27 1 33
27 3 110
27 5 50
27 6 109
27 7 112
27 10 73
27 11 96
27 13 42
27 16 6
27 17 51
27 18 38
27 19 109
27 22 93
27 23 79
27 26 57
28 2 13
28 4 30
28 5 46
28 6 6
28 7 75
28 8 68
28 10 27
28 13 60
28 16 81
28 18 32
28 20 37
28 21 63
28 23 50
28 24 102
28 25 69
28 26 82
28 27 51
29 0 87
29 2 96
29 3 58
29 4 70
29 6 29
29 8 101
29 9 54
29 11 120
29 12 16
29 14 35
29 16 25
29 17 73
29 18 20
29 19 10
29 24 82
29 25 30
