20
1 0 20
2 0 25
3 0 57
3 1 6
4 1 24
4 3 8
5 0 18
5 1 16
5 2 56
5 4 19
6 3 55
6 4 49
7 1 46
7 4 14
7 5 16
8 3 26
8 5 57
9 1 57
9 5 56
9 6 20
9 8 4
10 3 7
10 5 49
10 7 49
10 8 50
11 2 46
11 3 20
11 4 18
11 5 32
11 6 32
11 9 14
12 3 12
12 4 29
12 5 49
12 7 14
12 8 56
12 9 21
12 10 39
13 0 4
13 1 49
13 3 26
13 5 60
13 8 19
13 10 50
13 11 59
14 2 19
14 3 23
14 5 31
14 9 57
14 12 22
15 0 59
15 3 30
15 5 13
15 6 20
15 9 48
15 12 11
15 13 7
15 14 5
16 0 52
16 2 37
16 4 44
16 7 48
16 9 43
16 10 1
16 13 23
17 0 27
17 2 22
17 3 7
17 4 11
17 7 9
17 8 37
17 9 53
17 10 35
17 11 14
17 12 28
17 16 60
18 1 33
18 2 6
18 3 58
18 5 20
18 6 14
18 7 37
18 12 15
18 14 55
18 15 59
19 1 35
19 2 48
19 10 11
19 11 32
19 12 45
19 14 3
19 16 33
19 17 8
19 18 48
