70
2 1 62
3 2 20
5 0 8
5 2 94
5 4 85
6 1 84
6 2 91
7 0 35
7 1 38
7 6 85
8 2 47
8 4 93
8 5 79
8 6 25
9 0 56
9 1 38
9 5 40
9 6 59
9 8 43
10 1 56
10 2 29
10 3 10
10 4 69
10 6 12
11 0 96
11 1 86
11 2 74
11 3 97
11 4 23
11 6 51
11 10 67
12 0 11
12 2 84
12 3 5
12 5 20
12 6 64
12 7 22
12 8 22
12 10 35
12 11 44
13 2 32
13 9 89
13 11 30
14 0 72
14 1 78
14 3 71
14 5 12
14 9 31
14 10 9
14 11 85
14 12 99
15 3 88
15 4 88
15 5 23
15 7 100
15 9 7
15 10 21
15 12 43
15 14 59
16 2 19
16 5 1
16 8 87
16 9 38
16 10 9
16 14 65
16 15 73
17 0 97
17 3 64
17 4 94
17 9 49
17 11 56
17 16 77
18 0 45
18 2 37
18 3 91
18 4 49
18 5 66
18 8 65
18 9 72
18 10 38
18 14 48
18 17 24
19 3 50
19 4 72
19 5 99
19 6 39
19 7 66
19 11 33
19 12 65
19 14 53
19 15 52
19 17 13
20 0 50
20 3 61
20 9 60
20 10 17
20 11 48
20 12 82
20 14 13
20 15 55
20 18 95
20 19 24
21 1 50
21 2 16
21 4 29
21 9 50
21 11 79
21 14 67
21 20 51
22 1 27
22 2 82
22 3 59
22 4 19
22 5 41
22 6 78
22 8 91
22 9 94
22 10 36
22 11 1
22 12 56
22 14 25
22 16 52
22 18 12
22 19 58
22 20 42
23 0 31
23 1 88
23 2 11
23 4 77
23 6 77
23 8 54
23 9 42
23 11 2
23 13 13
23 14 4
23 16 71
23 17 64
23 19 6
23 20 72
23 22 38
24 0 46
24 2 32
24 3 22
24 4 4
24 5 30
24 6 1
24 11 97
24 12 70
24 13 33
24 14 93
24 15 71
24 17 13
24 18 80
24 22 48
25 1 37
25 2 73
25 4 93
25 5 27
25 6 5
25 7 54
25 8 53
25 10 92
25 11 29
25 13 4
25 15 58
25 16 51
25 17 36
25 20 80
25 22 69
25 23 7
26 0 54
26 1 58
26 3 23
26 4 98
26 6 36
26 9 51
26 11 30
26 13 7
26 15 68
26 16 12
26 17 32
26 18 36
26 20 63
26 21 83
26 22 59
26 24 27
27 0 26
27 10 69
27 13 20
27 15 77
27 17 72
27 19 65
27 20 5
27 23 25
27 26 95
28 0 54
28 1 28
28 7 62
28 10 43
28 11 41
28 19 88
28 23 69
28 25 13
28 26 63
28 27 62
29 1 16
29 3 65
29 5 11
29 6 89
29 8 26
29 14 85
29 15 63
29 16 31
29 17 81
29 18 55
29 19 6
29 23 13
29 28 85
30 1 100
30 3 31
30 7 31
30 8 19
30 9 59
30 10 68
30 12 56
30 13 66
30 16 52
30 17 38
30 19 66
30 21 15
30 24 30
30 25 89
30 27 9
30 29 24
31 0 68
31 1 82
31 3 19
31 4 3
31 5 48
31 9 40
31 11 41
31 20 53
31 21 84
31 22 5
31 24 45
31 25 93
31 29 88
31 30 28
32 0 48
32 1 19
32 3 76
32 4 41
32 5 97
32 6 9
32 7 5
32 9 8
32 12 16
32 16 79
32 17 74
32 18 19
32 19 77
32 20 62
32 21 49
32 22 26
32 24 65
32 29 30
32 30 67
32 31 76
33 0 43
33 1 31
33 5 89
33 6 54
33 10 75
33 12 46
33 14 71
33 15 28
33 16 27
33 17 62
33 18 39
33 23 29
33 24 36
33 27 6
33 28 92
33 29 54
33 30 59
34 0 1
34 1 14
34 5 94
34 6 62
34 11 68
34 12 6
34 13 50
34 14 92
34 18 59
34 19 65
34 23 7
34 25 98
34 27 69
34 28 40
34 29 79
35 2 37
35 4 98
35 7 9
35 8 48
35 9 13
35 11 11
35 16 80
35 17 96
35 18 7
35 19 10
35 21 50
35 22 89
35 24 22
35 25 53
35 27 73
35 28 53
35 29 14
35 30 39
36 0 25
36 2 89
36 5 89
36 8 19
36 11 30
36 13 56
36 14 62
36 16 85
36 20 69
36 25 89
36 26 26
36 27 77
36 28 13
36 31 96
36 32 10
36 35 61
37 0 79
37 4 46
37 6 64
37 10 77
37 15 41
37 16 8
37 19 48
37 29 74
37 33 71
37 36 27
38 0 4
38 2 34
38 5 50
38 9 72
38 10 40
38 13 66
38 15 68
38 16 11
38 17 50
38 18 49
38 20 92
38 21 37
38 22 75
38 24 50
38 25 12
38 26 84
38 29 16
38 31 47
38 34 23
38 35 63
38 37 3
39 0 32
39 3 96
39 4 47
39 6 71
39 14 68
39 15 70
39 16 25
39 17 34
39 19 34
39 21 91
39 22 34
39 23 54
39 24 77
39 25 78
39 27 71
39 28 39
39 29 61
39 32 100
39 33 27
39 34 64
39 36 73
40 4 7
40 5 64
40 8 92
40 9 67
40 11 100
40 12 18
40 15 21
40 16 39
40 18 46
40 20 52
40 22 2
40 23 39
40 24 48
40 26 97
40 29 28
40 34 58
40 38 78
40 39 78
41 0 19
41 3 25
41 5 95
41 6 92
41 7 45
41 10 80
41 11 14
41 13 44
41 17 75
41 19 64
41 20 81
41 23 71
41 26 70
41 29 42
41 33 43
41 35 16
41 37 59
42 0 41
42 3 74
42 5 53
42 6 1
42 8 64
42 11 34
42 12 65
42 18 42
42 19 62
42 23 46
42 24 87
42 25 36
42 27 67
42 28 93
42 30 91
42 32 57
42 33 1
42 34 46
42 35 11
42 36 65
43 1 28
43 2 86
43 3 90
43 4 50
43 6 53
43 7 91
43 15 4
43 16 44
43 18 1
43 19 100
43 20 4
43 21 45
43 22 89
43 23 61
43 24 59
43 27 77
43 30 85
43 33 66
43 34 55
43 35 2
43 36 81
43 37 8
43 39 85
43 41 41
43 42 33
44 0 64
44 3 71
44 5 59
44 7 50
44 9 21
44 11 7
44 13 16
44 14 100
44 18 89
44 19 43
44 22 89
44 23 61
44 25 86
44 26 98
44 27 90
44 28 22
44 30 44
44 31 82
44 33 94
44 34 36
44 36 87
44 38 23
44 39 4
44 40 52
44 41 13
44 42 18
45 1 31
45 2 92
45 3 23
45 4 24
45 5 100
45 6 3
45 7 29
45 9 83
45 12 56
45 13 75
45 14 49
45 15 60
45 17 98
45 19 96
45 26 30
45 29 58
45 32 88
45 37 32
45 38 1
45 39 44
45 42 99
46 1 48
46 2 77
46 3 96
46 4 58
46 7 27
46 12 22
46 13 96
46 15 90
46 16 10
46 20 36
46 23 86
46 24 17
46 25 10
46 26 28
46 28 15
46 31 97
46 32 67
46 33 88
46 34 34
46 36 8
46 37 51
46 41 13
46 42 39
47 7 11
47 12 6
47 13 64
47 16 90
47 17 23
47 18 36
47 20 34
47 21 7
47 24 30
47 25 21
47 26 35
47 27 39
47 28 73
47 29 25
47 31 64
47 33 1
47 35 89
47 36 8
47 39 52
47 40 80
47 45 91
47 46 43
48 9 57
48 10 45
48 13 47
48 16 72
48 19 28
48 20 80
48 21 54
48 22 95
48 24 68
48 25 25
48 26 84
48 28 83
48 32 89
48 34 9
48 36 24
48 37 62
48 38 27
48 39 55
48 40 27
48 41 61
48 43 27
48 45 25
48 46 23
48 47 22
49 2 46
49 3 38
49 4 100
49 5 83
49 7 9
49 8 19
49 9 59
49 10 71
49 11 49
49 12 35
49 13 19
49 14 89
49 19 41
49 20 1
49 23 18
49 24 82
49 26 62
49 28 93
49 29 93
49 31 61
49 33 1
49 34 49
49 35 90
49 40 16
49 42 21
49 43 90
49 44 91
49 48 16
50 0 88
50 1 36
50 6 8
50 10 22
50 11 11
50 15 10
50 16 65
50 17 10
50 18 45
50 19 45
50 20 55
50 21 20
50 23 18
50 24 6
50 26 77
50 27 24
50 30 47
50 31 61
50 34 26
50 37 84
50 42 63
50 46 53
51 1 44
51 2 4
51 4 45
51 5 54
51 6 51
51 7 69
51 8 88
51 12 11
51 13 55
51 14 50
51 16 27
51 17 75
51 18 11
51 20 30
51 23 34
51 24 7
51 25 38
51 27 97
51 30 64
51 31 15
51 32 12
51 33 64
51 34 32
51 36 13
51 37 78
51 38 67
51 41 60
51 43 99
51 47 33
51 48 39
51 49 30
52 0 75
52 3 24
52 4 54
52 5 32
52 7 8
52 8 33
52 12 16
52 14 33
52 16 92
52 21 65
52 23 55
52 24 23
52 26 25
52 27 90
52 28 78
52 29 75
52 31 71
52 32 13
52 33 94
52 37 16
52 38 78
52 39 50
52 43 96
52 44 68
52 50 43
52 51 72
53 0 65
53 4 2
53 5 94
53 6 6
53 7 14
53 8 96
53 9 23
53 11 50
53 13 77
53 17 95
53 19 96
53 24 28
53 25 90
53 26 15
53 27 70
53 28 11
53 32 55
53 33 65
53 34 72
53 35 38
53 37 86
53 41 51
53 42 82
53 44 66
53 48 41
53 50 88
54 1 70
54 8 58
54 9 83
54 11 5
54 14 27
54 17 79
54 21 97
54 23 42
54 24 8
54 25 16
54 27 58
54 29 24
54 30 15
54 31 53
54 33 44
54 34 77
54 36 100
54 37 84
54 39 45
54 40 40
54 41 83
54 42 48
54 43 65
54 44 60
54 47 3
54 49 11
54 50 77
54 51 66
54 52 15
54 53 37
55 0 98
55 3 71
55 4 68
55 7 38
55 12 1
55 13 7
55 14 62
55 18 32
55 20 72
55 24 85
55 25 63
55 29 5
55 31 55
55 33 51
55 34 93
55 35 69
55 37 35
55 38 38
55 40 68
55 41 40
55 42 4
55 43 24
55 44 77
55 48 81
55 52 62
56 1 56
56 3 27
56 4 8
56 11 32
56 13 37
56 14 68
56 16 92
56 17 12
56 19 93
56 20 66
56 21 40
56 22 35
56 24 22
56 25 90
56 27 45
56 29 95
56 31 84
56 33 100
56 35 50
56 36 11
56 38 64
56 47 73
56 49 30
56 51 25
56 52 12
56 54 41
56 55 99
57 0 21
57 6 31
57 7 56
57 9 76
57 14 33
57 19 66
57 20 56
57 24 80
57 25 35
57 32 30
57 33 85
57 34 26
57 35 31
57 36 11
57 37 27
57 39 52
57 43 39
57 44 38
57 46 16
57 47 91
57 50 73
57 51 14
57 52 42
57 53 14
57 56 63
58 0 20
58 1 25
58 2 1
58 5 83
58 9 66
58 12 29
58 15 20
58 16 42
58 19 31
58 20 38
58 21 16
58 27 34
58 32 5
58 33 86
58 37 73
58 38 85
58 41 57
58 43 44
58 44 94
58 48 25
58 52 27
58 53 10
58 55 84
58 56 14
58 57 72
59 0 7
59 1 10
59 2 14
59 3 28
59 5 38
59 6 2
59 9 91
59 10 74
59 11 43
59 13 79
59 14 56
59 16 99
59 19 71
59 21 70
59 23 46
59 25 25
59 28 64
59 31 58
59 34 74
59 35 11
59 41 70
59 45 42
59 54 84
59 56 54
59 58 56
60 0 75
60 1 30
60 5 42
60 6 100
60 8 11
60 11 45
60 14 58
60 16 93
60 17 52
60 21 20
60 23 5
60 26 7
60 28 80
60 29 56
60 31 61
60 34 8
60 37 56
60 41 7
60 42 65
60 43 8
60 44 38
60 45 28
60 46 79
60 49 90
60 50 12
60 52 31
60 54 93
60 55 71
60 57 86
61 1 33
61 4 89
61 5 23
61 6 88
61 8 67
61 10 8
61 11 40
61 12 59
61 15 9
61 16 25
61 17 91
61 19 97
61 21 75
61 22 91
61 23 82
61 24 36
61 28 60
61 30 83
61 31 18
61 32 6
61 33 90
61 34 62
61 37 95
61 39 93
61 40 71
61 41 11
61 42 11
61 46 86
61 47 76
61 48 79
61 49 92
61 53 32
61 54 55
61 56 84
61 57 55
62 0 79
62 2 55
62 4 13
62 5 88
62 7 54
62 8 27
62 11 67
62 13 37
62 14 86
62 16 37
62 21 88
62 23 34
62 24 80
62 26 2
62 27 72
62 28 88
62 29 55
62 30 2
62 31 78
62 32 61
62 33 47
62 34 25
62 35 58
62 36 34
62 37 11
62 39 70
62 40 51
62 41 55
62 45 56
62 47 83
62 48 64
62 50 42
62 51 96
62 53 58
62 54 74
62 57 13
62 58 57
62 59 11
63 0 83
63 1 17
63 3 64
63 4 3
63 5 65
63 7 14
63 10 10
63 13 47
63 15 78
63 16 94
63 19 70
63 21 75
63 23 26
63 25 10
63 29 31
63 31 51
63 32 33
63 33 12
63 35 81
63 38 35
63 39 42
63 41 87
63 42 18
63 49 93
63 53 39
63 55 91
63 56 26
63 60 93
63 61 76
64 0 2
64 2 45
64 9 34
64 10 24
64 13 90
64 17 96
64 18 25
64 19 25
64 20 98
64 23 93
64 24 56
64 25 62
64 27 75
64 28 20
64 29 69
64 31 1
64 33 1
64 34 93
64 36 46
64 37 22
64 39 49
64 41 58
64 42 78
64 44 2
64 48 34
64 49 86
64 50 95
64 51 52
64 54 91
64 55 9
64 57 88
64 58 83
64 59 3
64 60 14
64 61 37
64 62 88
64 63 78
65 0 28
65 1 21
65 5 78
65 8 100
65 10 8
65 11 24
65 12 12
65 14 19
65 15 46
65 16 73
65 17 52
65 19 94
65 20 57
65 22 89
65 24 80
65 25 43
65 26 45
65 27 90
65 28 91
65 29 54
65 30 97
65 31 57
65 35 37
65 36 67
65 39 1
65 40 36
65 42 48
65 45 15
65 48 42
65 49 18
65 50 69
65 51 8
65 52 1
65 53 11
65 54 46
65 55 75
65 56 5
65 57 69
65 58 56
65 59 25
65 60 71
65 61 16
65 63 11
65 64 92
66 2 60
66 5 62
66 8 70
66 9 100
66 11 16
66 13 94
66 16 12
66 18 13
66 20 49
66 22 30
66 23 25
66 24 22
66 25 90
66 26 31
66 28 25
66 29 16
66 30 45
66 32 56
66 33 32
66 36 71
66 40 74
66 44 57
66 45 65
66 46 79
66 47 51
66 48 98
66 49 54
66 52 20
66 54 72
66 55 45
66 56 13
66 57 75
66 59 82
66 62 85
66 64 54
67 2 95
67 3 2
67 4 54
67 5 96
67 6 29
67 7 79
67 8 13
67 14 83
67 16 56
67 17 81
67 19 88
67 22 2
67 23 95
67 25 29
67 33 27
67 34 16
67 35 10
67 37 5
67 39 68
67 40 71
67 41 69
67 42 5
67 45 30
67 46 98
67 49 8
67 51 73
67 52 68
67 53 22
67 54 49
67 55 54
67 58 82
67 60 49
67 61 5
67 64 98
67 66 54
68 0 38
68 3 39
68 4 24
68 6 77
68 8 15
68 9 52
68 10 47
68 12 33
68 13 43
68 14 33
68 16 3
68 17 9
68 22 69
68 30 54
68 31 2
68 32 14
68 33 97
68 34 21
68 38 14
68 42 1
68 45 38
68 49 31
68 50 58
68 52 56
68 54 19
68 56 49
68 64 72
68 66 44
68 67 9
69 4 44
69 9 27
69 13 99
69 14 87
69 17 54
69 19 10
69 21 19
69 22 69
69 23 12
69 24 29
69 26 88
69 32 68
69 36 40
69 37 95
69 38 4
69 39 62
69 40 32
69 41 41
69 48 44
69 50 16
69 54 28
69 55 15
69 59 49
69 63 16
69 68 74
