70
1 0 12
2 0 43
3 1 65
3 2 11
4 0 77
4 1 39
4 2 4
5 1 23
6 1 58
6 3 42
7 3 38
7 6 32
8 1 20
8 2 45
8 3 74
8 4 15
8 5 69
8 6 10
8 7 43
9 0 64
9 1 58
9 4 73
9 5 11
9 6 2
10 4 9
10 5 76
10 7 28
11 4 56
11 9 33
12 0 24
12 2 54
12 4 72
12 5 72
12 6 65
12 8 7
12 11 18
13 0 35
13 1 29
13 2 4
13 4 8
13 5 21
13 6 61
13 9 43
13 11 8
14 3 9
14 5 70
14 6 24
14 7 48
14 10 38
14 11 71
14 12 31
15 3 44
15 4 23
15 5 69
15 6 6
15 7 31
15 9 16
15 10 10
15 11 27
15 14 4
16 0 4
16 4 7
16 6 45
16 7 46
16 8 70
16 9 68
16 12 15
17 1 59
17 2 65
17 3 64
17 4 39
17 6 19
17 7 57
17 9 26
17 10 20
17 11 3
17 12 40
17 14 30
17 15 61
18 0 45
18 6 39
18 8 3
18 9 77
18 10 70
18 12 36
18 14 50
18 17 15
19 2 72
19 6 13
19 8 44
19 10 23
19 11 59
19 13 13
19 14 29
19 16 31
19 17 32
20 0 60
20 1 30
20 2 31
20 6 35
20 10 80
20 14 21
20 15 8
20 17 25
20 18 50
21 0 24
21 3 38
21 6 40
21 9 23
21 11 49
21 14 10
21 15 22
21 16 45
21 17 60
21 19 18
21 20 6
22 2 41
22 6 78
22 9 43
22 11 32
22 12 57
22 14 10
22 16 59
22 17 28
23 0 15
23 4 10
23 5 3
23 7 9
23 11 32
23 12 11
23 14 45
23 16 22
23 17 64
23 20 32
23 21 50
23 22 52
24 0 74
24 1 3
24 2 54
24 8 65
24 10 24
24 12 32
24 13 45
24 14 64
24 19 60
24 20 40
24 22 22
24 23 72
25 0 64
25 1 31
25 2 39
25 5 37
25 6 76
25 7 10
25 8 40
25 10 36
25 14 31
25 15 71
25 18 62
25 19 32
25 22 20
25 23 54
26 0 78
26 2 63
26 3 8
26 4 23
26 6 72
26 9 43
26 10 13
26 11 25
26 12 22
26 14 48
26 17 12
26 19 21
26 22 27
26 24 78
26 25 13
27 0 42
27 1 2
27 2 59
27 7 16
27 8 69
27 10 67
27 11 63
27 15 23
27 16 32
27 18 70
27 19 11
27 20 22
27 21 63
27 22 59
27 23 74
27 24 39
27 25 57
28 0 63
28 3 67
28 5 15
28 6 18
28 7 45
28 9 57
28 11 18
28 14 11
28 15 66
28 16 16
28 17 41
28 18 54
28 20 64
28 22 72
28 24 64
28 26 37
28 27 58
29 1 67
29 3 3
29 6 63
29 11 75
29 12 28
29 15 75
29 16 3
29 18 55
29 19 35
29 27 50
30 0 71
30 1 29
30 4 12
30 6 25
30 7 5
30 9 30
30 10 72
30 11 70
30 13 64
30 14 65
30 15 4
30 16 77
30 17 28
30 18 63
30 19 68
30 20 5
30 21 46
30 23 20
30 27 23
30 28 12
30 29 49
31 0 35
31 5 14
31 6 73
31 9 77
31 10 24
31 14 72
31 15 63
31 16 63
31 17 20
31 20 17
31 21 33
31 22 9
31 26 12
31 28 12
31 29 10
31 30 20
32 2 59
32 5 47
32 6 45
32 11 62
32 12 40
32 13 51
32 14 42
32 16 77
32 19 51
32 20 71
32 21 18
32 23 13
32 24 27
32 25 76
32 26 22
32 27 18
32 30 73
33 0 22
33 2 49
33 3 49
33 4 32
33 5 3
33 9 32
33 14 19
33 15 25
33 16 12
33 18 33
33 19 22
33 22 70
33 23 80
33 24 53
33 26 27
33 29 12
33 30 66
33 32 11
34 2 66
34 3 78
34 9 5
34 12 67
34 13 57
34 15 18
34 18 10
34 22 61
34 23 25
34 24 44
34 25 32
34 26 71
34 29 78
34 30 57
34 32 28
35 1 9
35 3 43
35 4 8
35 13 44
35 15 42
35 16 25
35 18 3
35 19 31
35 23 10
35 25 36
35 27 68
35 28 47
35 29 19
35 31 63
36 0 64
36 1 44
36 4 42
36 9 80
36 11 12
36 12 1
36 13 1
36 14 73
36 15 38
36 19 11
36 21 80
36 22 14
36 23 75
36 25 62
36 29 58
36 32 51
36 33 63
36 34 69
37 0 7
37 1 3
37 2 71
37 3 79
37 7 38
37 13 39
37 14 79
37 15 49
37 17 33
37 19 56
37 22 22
37 23 72
37 24 76
37 27 50
37 28 7
37 29 29
37 31 43
37 34 40
37 36 59
38 0 52
38 1 71
38 4 51
38 5 10
38 7 44
38 11 69
38 14 58
38 18 71
38 26 30
38 28 61
38 32 46
38 36 28
39 0 5
39 3 21
39 4 65
39 6 17
39 8 49
39 9 53
39 11 24
39 13 69
39 14 19
39 15 34
39 19 33
39 20 39
39 23 77
39 24 28
39 25 3
39 28 33
39 29 26
39 31 5
39 32 49
39 33 29
39 36 36
40 3 58
40 6 18
40 8 46
40 10 23
40 13 59
40 16 9
40 17 42
40 18 36
40 19 11
40 20 68
40 21 42
40 22 79
40 23 56
40 30 56
40 34 32
40 37 70
41 0 18
41 1 38
41 2 55
41 4 45
41 6 46
41 7 39
41 8 21
41 11 38
41 13 65
41 14 60
41 16 60
41 17 16
41 19 31
41 21 46
41 22 40
41 24 26
41 25 63
41 28 23
41 29 75
41 31 41
41 34 14
41 36 7
41 39 64
42 4 78
42 5 36
42 9 39
42 10 36
42 14 28
42 16 71
42 17 71
42 18 31
42 19 32
42 27 2
42 28 68
42 31 62
42 32 76
42 33 43
42 35 52
42 36 36
43 3 6
43 4 34
43 6 35
43 7 38
43 8 9
43 9 40
43 10 35
43 13 44
43 14 2
43 25 18
43 26 5
43 27 57
43 32 63
43 35 35
43 36 74
43 38 54
43 39 55
44 0 74
44 1 3
44 5 57
44 6 50
44 8 54
44 9 57
44 12 45
44 13 8
44 16 41
44 17 34
44 18 59
44 23 4
44 28 51
44 29 57
44 32 51
44 34 42
44 35 61
44 36 40
44 37 41
44 38 42
44 43 53
45 0 20
45 2 10
45 4 10
45 7 59
45 8 68
45 10 48
45 12 62
45 15 9
45 18 15
45 19 31
45 20 48
45 21 9
45 23 6
45 24 61
45 25 2
45 27 46
45 28 73
45 30 64
45 32 23
45 34 6
45 35 49
45 41 8
45 42 66
45 43 5
46 1 18
46 3 78
46 5 52
46 8 62
46 9 62
46 12 37
46 14 27
46 16 23
46 17 79
46 19 77
46 20 65
46 21 22
46 22 10
46 23 77
46 24 54
46 25 19
46 26 5
46 28 48
46 29 58
46 30 48
46 34 19
46 36 30
46 37 43
46 40 33
46 43 25
46 45 68
47 0 62
47 1 3
47 2 2
47 4 39
47 6 35
47 7 72
47 9 76
47 12 9
47 14 42
47 15 16
47 16 32
47 18 34
47 19 23
47 20 39
47 23 67
47 26 57
47 27 47
47 29 59
47 30 44
47 32 19
47 33 4
47 36 53
47 41 23
47 42 29
47 43 13
47 44 10
47 45 67
47 46 62
48 0 79
48 1 43
48 2 14
48 5 34
48 6 52
48 9 70
48 10 37
48 11 10
48 12 34
48 13 29
48 14 55
48 20 20
48 22 33
48 23 35
48 24 57
48 27 2
48 28 5
48 29 65
48 31 10
48 32 38
48 39 35
48 40 69
48 41 17
48 44 17
49 2 47
49 6 40
49 9 6
49 10 41
49 11 29
49 12 73
49 14 72
49 17 26
49 18 46
49 19 42
49 20 58
49 22 6
49 25 77
49 28 39
49 29 78
49 30 26
49 33 58
49 34 11
49 39 57
49 44 78
49 45 57
49 48 42
50 0 55
50 1 79
50 2 39
50 5 19
50 6 64
50 7 15
50 14 16
50 15 53
50 19 2
50 20 27
50 24 25
50 29 44
50 30 64
50 32 27
50 35 36
50 36 37
50 37 17
50 38 77
50 39 4
50 40 15
50 42 49
50 43 44
50 45 15
50 46 43
50 48 9
51 2 71
51 3 33
51 4 77
51 5 21
51 11 48
51 12 4
51 13 15
51 15 42
51 17 11
51 18 37
51 21 52
51 25 2
51 27 54
51 29 60
51 30 45
51 31 65
51 35 38
51 37 13
51 39 2
51 40 60
51 41 61
51 46 43
51 47 63
51 49 32
51 50 32
52 0 5
52 1 48
52 3 76
52 4 20
52 5 37
52 7 5
52 9 53
52 11 8
52 12 16
52 13 46
52 14 16
52 16 25
52 18 62
52 21 25
52 22 70
52 23 18
52 25 54
52 26 63
52 28 1
52 32 42
52 33 38
52 34 16
52 35 47
52 36 33
52 37 11
52 38 5
52 40 38
52 41 19
52 42 11
52 43 8
52 48 12
52 50 30
52 51 12
53 1 59
53 3 46
53 4 53
53 5 71
53 6 77
53 7 54
53 8 19
53 9 30
53 10 10
53 14 65
53 15 31
53 18 66
53 20 10
53 21 36
53 23 26
53 25 14
53 28 12
53 30 38
53 32 11
53 35 66
53 36 2
53 37 43
53 38 80
53 39 71
53 41 79
53 42 21
53 45 25
53 46 80
53 47 7
53 48 58
53 49 55
53 51 27
53 52 74
54 0 21
54 1 30
54 4 73
54 5 7
54 6 64
54 8 66
54 9 64
54 11 51
54 13 54
54 14 64
54 16 15
54 17 75
54 19 35
54 22 13
54 23 51
54 24 55
54 25 4
54 28 19
54 29 35
54 30 6
54 31 53
54 32 54
54 34 7
54 39 17
54 41 23
54 42 49
54 47 39
54 48 39
54 49 44
54 50 29
54 51 64
54 53 8
55 0 40
55 1 1
55 4 23
55 5 48
55 10 36
55 12 64
55 14 1
55 15 23
55 16 25
55 17 31
55 20 35
55 22 49
55 23 77
55 24 46
55 27 37
55 28 27
55 29 5
55 31 40
55 32 37
55 37 51
55 39 32
55 40 40
55 41 15
55 42 25
55 44 5
55 47 36
55 48 49
55 49 13
55 50 1
55 54 31
56 0 73
56 1 54
56 2 40
56 5 80
56 6 76
56 9 51
56 10 54
56 12 30
56 14 57
56 22 24
56 25 26
56 26 25
56 28 25
56 30 3
56 31 52
56 32 27
56 35 76
56 39 66
56 41 26
56 43 24
56 45 17
56 48 12
56 49 61
56 51 15
56 52 8
56 53 29
56 55 48
57 1 5
57 2 47
57 3 14
57 5 35
57 6 56
57 9 40
57 10 30
57 15 80
57 16 27
57 17 78
57 20 54
57 22 9
57 23 48
57 24 59
57 25 18
57 27 74
57 30 49
57 31 54
57 34 19
57 35 11
57 36 20
57 38 4
57 40 16
57 42 72
57 44 8
57 45 3
57 47 7
57 50 31
57 52 39
57 54 63
58 0 32
58 1 60
58 7 56
58 8 36
58 9 46
58 10 16
58 12 20
58 17 44
58 19 9
58 20 4
58 23 12
58 24 42
58 26 38
58 28 33
58 29 53
58 31 48
58 32 60
58 33 36
58 35 20
58 37 66
58 38 24
58 39 58
58 40 21
58 41 65
58 46 60
58 47 71
58 48 12
58 49 67
58 52 7
58 54 6
58 56 63
58 57 18
59 0 24
59 1 17
59 4 47
59 5 80
59 7 14
59 8 20
59 9 58
59 10 48
59 12 9
59 14 9
59 15 9
59 16 10
59 17 6
59 18 55
59 20 72
59 23 24
59 24 37
59 25 1
59 26 31
59 27 54
59 28 67
59 32 75
59 34 33
59 35 1
59 37 12
59 38 78
59 39 47
59 41 44
59 42 42
59 45 57
59 46 22
59 48 59
59 49 79
59 51 73
59 54 45
59 55 80
59 56 48
59 58 25
60 0 74
60 1 42
60 4 42
60 9 67
60 11 6
60 12 76
60 18 1
60 20 61
60 26 53
60 27 6
60 28 42
60 32 26
60 36 64
60 37 46
60 39 27
60 40 24
60 41 68
60 42 47
60 43 44
60 47 38
60 49 68
60 51 11
60 53 12
60 55 1
60 56 54
60 57 76
60 59 62
61 0 34
61 1 29
61 2 63
61 3 12
61 4 34
61 5 31
61 6 57
61 8 63
61 12 79
61 13 70
61 14 22
61 17 2
61 18 40
61 24 72
61 27 37
61 28 33
61 32 66
61 33 60
61 34 7
61 38 21
61 40 26
61 41 65
61 42 32
61 43 45
61 44 20
61 47 1
61 51 67
61 52 4
61 53 48
61 55 20
61 57 42
61 58 10
61 59 45
61 60 50
62 0 43
62 2 1
62 3 8
62 5 11
62 7 70
62 8 57
62 9 29
62 11 48
62 12 10
62 15 43
62 17 76
62 19 63
62 20 12
62 21 8
62 23 14
62 25 51
62 27 56
62 28 5
62 29 71
62 30 16
62 32 69
62 33 25
62 34 68
62 35 59
62 37 13
62 40 43
62 42 19
62 43 51
62 45 28
62 46 30
62 47 8
62 48 7
62 50 26
62 51 71
62 52 21
62 53 19
62 54 35
62 55 52
62 60 36
62 61 23
63 0 19
63 2 13
63 3 4
63 5 12
63 6 36
63 7 72
63 10 42
63 11 3
63 12 67
63 13 43
63 14 17
63 18 73
63 19 9
63 21 37
63 24 35
63 25 59
63 27 14
63 28 63
63 30 60
63 32 58
63 33 24
63 34 53
63 35 60
63 39 29
63 40 2
63 43 24
63 44 66
63 47 19
63 48 17
63 51 57
63 52 45
63 55 75
63 57 46
63 59 2
63 60 33
63 62 63
64 0 75
64 4 12
64 5 42
64 6 37
64 9 64
64 12 22
64 13 51
64 15 71
64 16 79
64 17 37
64 19 79
64 20 51
64 22 28
64 23 65
64 24 77
64 25 43
64 26 40
64 27 75
64 33 20
64 34 3
64 35 79
64 36 73
64 37 65
64 42 34
64 44 28
64 45 45
64 47 4
64 48 7
64 49 46
64 50 54
64 51 61
64 53 7
64 54 31
64 55 47
64 57 46
64 58 70
64 60 49
64 61 49
65 1 56
65 2 29
65 3 16
65 4 67
65 5 41
65 9 9
65 11 28
65 13 55
65 14 11
65 15 68
65 16 67
65 19 47
65 20 72
65 22 4
65 23 59
65 24 3
65 27 72
65 28 58
65 33 67
65 34 14
65 36 63
65 38 23
65 39 4
65 40 55
65 41 28
65 43 73
65 44 5
65 45 55
65 46 3
65 47 70
65 50 13
65 53 44
65 55 32
65 60 48
65 61 9
65 63 42
65 64 39
66 0 24
66 3 38
66 6 4
66 7 55
66 9 3
66 12 5
66 13 77
66 15 54
66 16 41
66 19 25
66 22 1
66 24 75
66 26 19
66 27 2
66 28 30
66 29 76
66 30 6
66 31 24
66 32 78
66 33 61
66 36 40
66 37 47
66 39 23
66 41 37
66 44 60
66 47 23
66 51 66
66 52 49
66 54 19
66 56 50
66 58 64
66 60 46
66 62 13
66 63 65
66 64 30
66 65 56
67 0 7
67 1 63
67 3 80
67 5 18
67 7 3
67 9 39
67 10 27
67 11 66
67 13 17
67 14 65
67 18 52
67 19 69
67 20 49
67 22 78
67 23 2
67 25 51
67 28 1
67 29 24
67 31 61
67 32 2
67 36 61
67 39 56
67 43 60
67 44 78
67 45 49
67 46 13
67 48 68
67 49 58
67 51 52
67 54 6
67 56 22
67 57 31
67 62 3
67 63 25
67 66 3
68 0 9
68 6 31
68 8 51
68 10 28
68 12 47
68 14 75
68 16 36
68 17 68
68 19 3
68 21 19
68 22 36
68 23 38
68 24 22
68 28 57
68 31 29
68 33 47
68 35 72
68 37 9
68 45 69
68 46 38
68 48 76
68 51 30
68 55 48
68 56 13
68 57 20
68 61 44
68 67 56
69 1 17
69 3 57
69 6 66
69 7 24
69 10 51
69 11 70
69 12 77
69 15 16
69 20 29
69 21 8
69 22 51
69 23 52
69 26 70
69 27 45
69 28 44
69 30 61
69 35 51
69 36 47
69 38 4
69 39 32
69 40 43
69 41 2
69 45 69
69 46 63
69 47 79
69 50 65
69 51 46
69 52 18
69 54 74
69 56 53
69 57 74
69 58 4
69 60 37
69 62 20
69 68 19
