40
3 1 8
4 2 4
5 0 40
5 2 59
5 3 36
5 4 18
6 0 11
6 3 5
6 4 23
7 2 48
7 5 23
7 6 34
8 1 8
8 2 17
8 6 45
9 1 29
9 6 32
9 8 31
10 0 23
10 2 2
10 5 26
10 6 14
10 8 21
11 1 4
11 2 34
11 4 31
11 7 39
11 9 15
11 10 23
12 0 13
12 4 59
12 5 16
12 6 56
12 7 20
12 9 15
12 10 50
12 11 24
13 1 4
13 8 59
13 9 18
13 12 30
14 4 33
14 5 10
14 6 4
14 7 17
14 9 36
14 10 16
14 11 19
14 12 33
15 1 26
15 3 28
15 4 10
15 6 45
15 7 11
15 8 33
15 13 31
15 14 34
16 0 20
16 1 17
16 4 25
16 5 49
16 6 18
16 7 19
16 8 5
16 9 48
16 10 23
16 12 27
17 2 51
17 4 20
17 8 41
17 11 42
17 14 17
17 16 5
18 7 11
18 8 18
18 9 23
18 10 20
18 12 28
18 15 39
19 1 29
19 3 43
19 4 43
19 8 35
19 9 15
19 11 21
19 12 52
19 13 54
19 14 54
19 16 16
19 17 8
19 18 46
20 0 4
20 3 40
20 5 36
20 7 26
20 8 28
20 9 18
20 11 49
20 12 20
20 13 53
20 14 60
20 15 31
21 1 15
21 6 41
21 7 42
21 16 53
21 17 34
21 18 22
21 20 20
22 0 45
22 6 31
22 10 51
22 12 32
22 13 48
22 14 25
22 15 14
22 16 52
22 17 4
22 18 55
22 19 6
22 20 46
23 0 42
23 3 23
23 4 11
23 5 38
23 7 27
23 8 56
23 9 8
23 11 3
23 12 23
23 13 26
23 16 10
23 17 35
23 21 20
24 0 49
24 8 14
24 10 26
24 11 43
24 12 4
24 13 47
24 18 20
24 19 56
24 20 23
24 22 56
24 23 37
25 0 53
25 1 21
25 2 10
25 3 34
25 7 54
25 9 38
25 11 50
25 13 44
25 14 14
25 16 20
25 17 46
25 18 19
25 19 46
25 20 30
25 21 23
25 22 4
25 24 27
26 0 17
26 1 51
26 2 58
26 3 44
26 4 17
26 5 58
26 6 42
26 10 51
26 12 21
26 13 38
26 16 47
26 18 39
26 19 41
26 21 17
26 24 17
27 1 57
27 3 46
27 4 16
27 6 53
27 7 26
27 8 48
27 12 23
27 15 12
27 16 55
27 19 37
27 20 25
27 21 13
27 25 5
27 26 30
28 0 59
28 1 26
28 4 4
28 7 55
28 8 42
28 13 48
28 14 23
28 15 50
28 16 41
28 18 39
28 22 13
28 23 60
28 25 7
28 27 54
29 0 17
29 2 28
29 4 59
29 6 37
29 7 9
29 9 12
29 12 60
29 13 35
29 16 32
29 17 44
29 18 59
29 22 60
29 23 27
29 24 53
29 25 31
29 27 19
30 2 10
30 3 28
30 4 6
30 5 10
30 6 46
30 7 24
30 8 51
30 9 34
30 10 36
30 11 23
30 13 56
30 15 14
30 17 56
30 19 17
30 20 29
30 21 47
30 26 58
30 27 53
30 29 34
31 1 49
31 4 12
31 5 43
31 8 51
31 9 35
31 10 50
31 13 28
31 14 57
31 15 41
31 16 40
31 17 38
31 18 45
31 21 32
31 27 60
31 28 35
31 29 23
31 30 34
32 0 22
32 1 29
32 2 60
32 3 41
32 4 45
32 5 14
32 6 45
32 11 19
32 12 10
32 13 1
32 14 33
32 15 25
32 17 28
32 18 15
32 19 1
32 20 30
32 27 16
32 28 49
32 29 46
32 31 23
33 1 1
33 5 5
33 12 31
33 13 38
33 16 28
33 20 38
33 21 1
33 22 17
33 23 32
33 24 22
33 25 19
33 26 25
33 28 14
33 30 52
33 31 48
34 0 53
34 2 1
34 3 53
34 4 26
34 5 52
34 9 9
34 11 60
34 13 41
34 15 37
34 17 14
34 19 12
34 20 15
34 22 31
34 32 44
34 33 3
35 2 14
35 4 27
35 8 32
35 9 10
35 10 54
35 11 56
35 13 1
35 14 25
35 16 15
35 17 59
35 20 43
35 22 9
35 23 16
35 25 2
35 27 50
35 29 24
35 31 42
36 4 40
36 5 40
36 7 7
36 8 26
36 12 55
36 13 3
36 14 39
36 15 54
36 19 31
36 20 2
36 22 28
36 23 24
36 24 26
36 26 2
36 29 26
36 30 16
36 31 19
36 32 27
37 0 33
37 1 12
37 2 17
37 3 45
37 5 38
37 6 30
37 8 21
37 10 52
37 13 33
37 14 43
37 16 4
37 17 16
37 19 20
37 21 9
37 22 11
37 23 4
37 24 10
37 25 50
37 27 56
37 29 18
37 30 9
37 32 26
37 34 60
38 0 2
38 1 21
38 2 2
38 3 31
38 5 2
38 6 28
38 9 35
38 10 51
38 11 42
38 13 41
38 15 27
38 16 31
38 17 43
38 19 3
38 21 23
38 23 13
38 26 47
38 30 39
38 32 53
38 34 1
38 35 54
38 36 50
38 37 47
39 0 36
39 2 60
39 6 8
39 13 38
39 14 1
39 15 20
39 16 23
39 18 39
39 20 53
39 21 57
39 22 43
39 25 16
39 30 18
39 31 36
39 32 53
39 33 28
39 37 48
