40
2 0 58
2 1 92
3 0 93
3 2 87
4 0 8
4 1 18
4 2 14
5 0 84
5 1 46
5 2 57
5 4 65
6 0 29
6 1 1
6 2 79
6 3 40
6 4 76
6 5 8
7 1 66
7 3 49
7 4 22
7 5 93
7 6 50
8 2 10
8 3 72
8 4 50
8 7 89
9 0 27
9 3 78
9 7 27
10 0 31
10 1 70
10 4 1
10 5 20
10 6 60
11 0 25
11 1 46
11 4 84
11 6 64
11 8 81
12 2 35
12 8 44
12 9 96
12 11 91
13 0 74
13 1 42
13 3 48
13 4 23
13 5 98
13 6 35
13 8 83
13 10 82
14 0 29
14 1 97
14 2 8
14 5 46
14 8 27
14 12 95
14 13 88
15 2 59
15 4 23
15 8 10
15 9 14
15 11 55
15 12 17
15 13 3
15 14 39
16 2 87
16 3 96
16 7 61
16 8 75
16 14 77
17 0 2
17 1 58
17 5 58
17 7 5
17 10 47
17 13 32
17 15 82
18 0 22
18 4 58
18 7 16
18 9 23
18 10 70
18 11 9
18 12 37
18 13 32
18 14 76
18 17 58
19 0 77
19 1 30
19 4 95
19 5 1
19 6 72
19 7 7
19 9 92
19 10 70
19 13 4
19 14 82
19 15 8
19 17 16
19 18 66
20 1 35
20 3 34
20 4 75
20 5 36
20 6 62
20 7 45
20 11 25
20 12 85
20 13 33
20 15 58
20 16 69
20 18 91
20 19 93
21 0 1
21 2 98
21 3 46
21 5 19
21 6 28
21 9 44
21 11 91
21 12 73
21 13 38
21 20 33
22 0 18
22 1 71
22 2 52
22 3 38
22 5 23
22 6 34
22 8 68
22 9 95
22 12 53
22 13 68
22 14 31
22 16 97
22 18 10
22 19 78
23 0 74
23 1 69
23 4 8
23 5 99
23 7 83
23 10 93
23 13 1
23 14 20
23 16 57
23 22 17
24 5 64
24 11 17
24 13 90
24 14 68
24 15 43
24 16 31
24 19 73
24 21 13
24 22 10
25 0 3
25 1 29
25 2 47
25 4 69
25 6 5
25 7 59
25 8 98
25 13 48
25 14 41
25 16 73
25 18 90
25 19 76
25 20 89
25 21 47
25 23 95
25 24 33
26 0 81
26 1 78
26 2 5
26 3 61
26 4 30
26 7 78
26 8 44
26 9 93
26 10 29
26 11 57
26 13 44
26 15 13
26 17 47
26 20 81
26 22 15
26 23 4
26 24 24
27 0 92
27 3 34
27 4 13
27 6 52
27 8 32
27 9 37
27 11 79
27 12 72
27 14 79
27 16 54
27 17 33
27 18 59
27 19 87
27 21 56
27 22 42
27 24 97
27 26 58
28 1 94
28 2 7
28 5 91
28 7 93
28 9 30
28 10 93
28 11 25
28 13 35
28 14 15
28 20 26
28 22 71
28 23 53
28 24 60
28 25 88
29 2 22
29 4 100
29 5 19
29 6 27
29 7 45
29 8 73
29 9 68
29 14 3
29 17 82
29 18 35
29 19 78
29 21 55
29 23 95
29 24 23
29 25 23
30 3 87
30 4 73
30 5 24
30 6 94
30 8 52
30 10 42
30 11 90
30 12 1
30 13 6
30 15 21
30 17 100
30 18 4
30 19 26
30 25 89
30 27 64
30 29 47
31 5 39
31 6 10
31 9 59
31 11 1
31 13 23
31 14 15
31 15 28
31 16 94
31 17 5
31 18 7
31 19 45
31 21 47
31 22 16
31 23 42
31 26 6
31 27 52
32 1 61
32 4 10
32 5 5
32 6 64
32 7 30
32 11 6
32 12 48
32 15 84
32 16 45
32 17 94
32 21 69
32 23 76
32 25 95
32 26 87
33 0 17
33 1 31
33 4 81
33 5 26
33 6 93
33 7 57
33 9 16
33 11 53
33 15 73
33 20 91
33 21 95
33 22 47
33 23 83
33 25 86
33 26 79
33 28 14
33 32 32
34 0 30
34 4 73
34 10 38
34 12 77
34 17 50
34 18 14
34 21 89
34 30 49
34 32 63
35 0 85
35 1 33
35 2 57
35 3 22
35 4 55
35 5 28
35 9 64
35 11 47
35 12 32
35 17 24
35 18 39
35 22 95
35 30 1
35 31 61
35 32 58
36 0 81
36 1 50
36 3 85
36 5 50
36 6 27
36 8 62
36 11 5
36 12 82
36 16 2
36 17 16
36 20 46
36 24 59
36 29 7
36 32 81
36 33 62
37 0 33
37 1 74
37 4 42
37 5 14
37 6 26
37 10 18
37 12 74
37 13 31
37 18 75
37 19 64
37 20 67
37 22 63
37 23 1
37 26 39
37 27 98
37 29 10
37 31 40
37 35 61
37 36 36
38 0 58
38 3 3
38 4 7
38 6 69
38 7 70
38 8 69
38 12 59
38 14 66
38 15 37
38 16 60
38 22 4
38 23 56
38 26 20
38 27 15
38 28 50
38 32 22
38 33 66
38 36 30
38 37 56
39 0 79
39 1 25
39 5 43
39 6 52
39 7 75
39 10 37
39 13 33
39 15 4
39 16 78
39 18 61
39 19 6
39 20 65
39 21 43
39 23 65
39 24 16
39 26 1
39 27 92
39 28 1
39 31 3
39 33 75
39 35 76
39 36 93
