20
1 0 71
2 0 13
2 1 67
4 0 23
4 1 19
5 0 64
5 2 67
5 4 17
6 1 26
6 5 18
7 0 38
7 3 73
7 6 60
8 0 55
8 3 24
8 5 47
9 2 60
9 5 24
9 6 62
9 8 33
10 1 11
10 4 34
10 5 17
10 9 30
11 1 16
11 3 79
11 4 57
11 5 79
11 6 45
11 9 16
12 1 57
12 2 26
12 3 67
12 9 76
12 11 65
13 0 7
13 1 71
13 3 19
13 11 55
13 12 28
14 0 68
14 2 71
14 4 56
14 6 56
14 7 44
14 13 56
15 2 19
15 3 66
15 7 35
15 10 25
15 11 13
15 12 22
15 14 38
16 2 74
16 5 36
16 8 53
16 9 27
16 11 57
16 13 53
17 0 71
17 2 75
17 3 56
17 5 1
17 7 37
17 10 33
17 11 6
17 12 44
17 14 76
17 15 34
18 1 64
18 2 58
18 3 71
18 7 33
18 8 72
18 12 29
18 13 69
18 16 63
18 17 28
19 1 3
19 3 76
19 6 13
19 7 36
19 9 11
19 11 40
19 13 19
19 14 80
19 15 38
19 16 78
