30
1 0 45
2 1 1
3 0 99
3 1 83
3 2 50
4 1 1
5 1 40
5 2 63
5 3 18
6 1 3
7 1 75
7 4 46
8 0 62
8 2 30
8 7 3
9 0 93
9 4 59
9 6 88
9 7 41
9 8 13
10 1 45
10 3 38
10 9 70
11 1 80
11 6 4
11 7 80
12 0 43
12 1 49
12 4 56
12 5 19
12 7 48
12 11 54
13 0 76
13 7 94
13 8 36
13 9 25
14 1 97
14 2 37
14 3 55
14 11 74
15 0 96
15 1 76
15 2 62
15 4 2
15 5 80
15 7 55
15 11 72
15 12 23
15 13 38
16 7 97
16 8 57
16 11 81
16 12 82
16 15 22
17 2 20
17 7 15
17 10 92
17 16 43
18 1 3
18 8 98
18 12 5
18 14 67
18 15 75
18 16 1
19 1 91
19 3 16
19 5 77
19 6 21
19 7 92
19 9 48
19 10 52
19 13 88
19 14 40
19 15 28
19 16 91
20 3 57
20 14 50
20 15 20
20 19 43
21 0 45
21 3 49
21 5 76
21 9 48
21 10 87
21 11 91
21 12 79
21 13 61
21 14 86
21 19 54
21 20 52
22 0 59
22 1 60
22 2 4
22 3 34
22 4 63
22 6 85
22 7 34
22 8 49
22 10 30
22 11 55
22 14 4
22 15 84
22 16 72
22 20 90
22 21 65
23 0 84
23 3 82
23 5 75
23 6 18
23 7 39
23 10 54
23 12 52
23 14 5
23 15 9
23 17 44
23 18 100
23 21 45
24 0 94
24 1 1
24 8 54
24 11 76
24 14 88
24 17 18
24 18 78
24 19 14
24 23 57
25 2 91
25 4 10
25 8 63
25 12 30
25 15 28
25 16 24
25 17 34
25 18 36
25 22 96
25 24 26
26 2 94
26 4 18
26 9 94
26 13 39
26 14 17
26 19 42
26 21 85
26 24 22
26 25 74
27 2 38
27 3 3
27 5 20
27 6 80
27 11 59
27 14 88
27 16 2
27 19 14
27 21 3
27 23 51
27 24 92
27 25 1
27 26 10
28 2 22
28 5 71
28 7 54
28 8 56
28 11 89
28 14 73
28 21 38
28 22 17
28 23 22
28 26 28
29 0 94
29 3 76
29 4 8
29 5 49
29 6 67
29 7 8
29 9 63
29 10 63
29 12 54
29 16 71
29 18 6
29 24 81
29 26 86
29 28 71
