60
1 0 33
3 2 1
4 0 18
4 1 15
5 0 23
6 3 16
6 4 11
7 0 35
7 2 23
7 3 28
8 0 4
8 1 9
8 2 30
8 4 20
8 7 34
9 0 13
9 1 11
9 4 3
10 1 17
10 3 4
10 4 16
10 5 30
10 6 38
10 7 31
10 8 28
10 9 39
11 4 31
11 8 31
12 0 25
12 1 12
12 5 31
12 6 31
12 7 3
12 8 17
12 11 4
13 1 33
13 2 3
13 3 6
13 4 6
13 5 34
13 7 23
13 9 31
13 10 23
13 11 35
14 0 35
14 1 16
14 2 14
14 3 12
14 6 4
14 7 26
14 9 9
14 11 21
14 13 6
15 1 35
15 4 8
15 6 28
15 7 1
15 9 34
15 10 19
15 11 10
15 12 30
15 13 1
16 0 32
16 2 21
16 3 5
16 4 3
16 7 11
16 8 4
16 11 35
16 12 9
16 14 13
17 0 20
17 4 21
17 5 5
17 10 32
17 13 12
18 1 35
18 3 4
18 4 39
18 5 13
18 6 31
18 7 8
18 8 5
18 10 28
18 11 34
18 13 26
18 14 25
19 0 22
19 1 29
19 2 39
19 4 7
19 5 39
19 7 15
19 10 17
19 12 29
19 13 12
19 14 15
19 17 39
19 18 3
20 0 16
20 3 12
20 4 19
20 5 27
20 7 7
20 8 19
20 11 27
20 13 36
20 14 25
20 19 25
21 1 32
21 5 30
21 7 21
21 12 5
21 16 28
21 17 5
21 18 3
21 19 3
21 20 11
22 1 4
22 3 28
22 5 33
22 6 32
22 7 25
22 8 11
22 13 35
22 14 10
22 16 11
22 17 34
22 20 3
22 21 16
23 1 22
23 2 24
23 3 38
23 4 21
23 5 37
23 7 8
23 10 6
23 11 12
23 12 5
23 13 31
23 16 1
23 17 6
23 20 15
24 1 40
24 3 6
24 5 1
24 6 14
24 7 19
24 9 22
24 11 15
24 12 16
24 13 22
24 14 31
24 15 33
24 16 5
24 18 30
24 20 5
24 21 6
24 23 7
25 4 3
25 5 2
25 6 25
25 8 31
25 9 40
25 13 18
25 16 26
25 19 27
25 20 5
25 22 28
25 24 2
26 0 21
26 2 40
26 4 29
26 5 33
26 6 38
26 7 27
26 11 32
26 13 30
26 15 33
26 17 21
26 20 13
26 21 40
26 22 9
26 23 31
26 24 39
27 1 31
27 2 31
27 7 17
27 8 21
27 9 3
27 11 6
27 12 18
27 13 29
27 14 8
27 18 37
27 19 19
27 20 1
27 21 14
27 22 16
27 24 28
28 0 13
28 1 39
28 6 11
28 10 13
28 11 36
28 12 17
28 13 27
28 15 39
28 17 27
28 18 4
28 19 6
28 23 21
28 25 4
28 26 27
28 27 23
29 5 31
29 7 6
29 12 27
29 17 30
29 19 4
29 20 13
29 21 6
29 24 4
29 28 24
30 0 40
30 1 29
30 4 10
30 10 33
30 11 26
30 14 33
30 17 36
30 19 37
30 21 5
30 24 33
30 25 38
30 26 36
31 0 35
31 3 9
31 4 24
31 7 7
31 8 4
31 9 33
31 10 39
31 11 25
31 13 37
31 16 26
31 17 5
31 18 24
31 20 37
31 21 30
31 23 34
31 24 19
31 25 40
31 26 9
31 27 22
31 29 21
32 1 21
32 2 8
32 3 34
32 4 1
32 5 29
32 6 29
32 7 30
32 9 27
32 11 36
32 12 16
32 19 35
32 20 23
32 21 22
32 22 11
32 24 11
32 25 15
32 26 27
32 27 13
32 30 11
32 31 20
33 0 29
33 1 37
33 3 21
33 4 32
33 5 35
33 6 33
33 7 8
33 8 2
33 11 9
33 13 4
33 19 27
33 20 24
33 21 35
33 25 2
33 26 32
33 30 29
34 1 34
34 3 20
34 4 23
34 10 2
34 11 37
34 12 21
34 13 22
34 14 13
34 15 31
34 16 20
34 19 39
34 20 40
34 22 35
34 23 19
34 24 6
34 25 1
34 26 18
34 27 2
34 28 33
34 29 5
34 30 16
34 31 6
35 0 3
35 1 28
35 2 27
35 3 1
35 4 20
35 5 21
35 7 33
35 8 29
35 12 14
35 14 23
35 15 37
35 16 27
35 18 25
35 19 12
35 20 27
35 25 17
35 26 15
35 29 38
35 32 19
35 33 39
36 1 14
36 2 15
36 3 34
36 4 24
36 5 18
36 6 16
36 7 7
36 9 15
36 10 12
36 14 18
36 18 27
36 21 38
36 22 25
36 24 9
36 25 17
36 26 22
36 28 16
36 31 38
36 32 15
36 33 8
36 35 32
37 1 3
37 2 33
37 3 16
37 4 27
37 5 30
37 7 31
37 9 9
37 10 4
37 11 19
37 12 30
37 14 18
37 15 35
37 16 31
37 17 28
37 20 8
37 22 8
37 23 39
37 24 19
37 26 23
37 27 20
37 28 24
37 30 29
37 33 27
37 34 25
37 35 28
37 36 38
38 7 24
38 9 17
38 10 33
38 12 3
38 13 8
38 14 32
38 17 39
38 20 34
38 26 8
38 28 40
38 30 27
38 31 3
38 36 39
38 37 30
39 0 1
39 2 14
39 4 28
39 7 24
39 8 39
39 11 9
39 13 29
39 15 18
39 16 33
39 18 25
39 24 8
39 26 33
39 27 3
39 28 3
39 31 12
39 32 34
39 37 9
40 0 39
40 5 24
40 6 18
40 9 21
40 12 11
40 15 10
40 16 36
40 18 4
40 19 5
40 22 30
40 24 4
40 29 23
40 31 36
40 38 18
41 7 36
41 9 23
41 11 9
41 13 20
41 16 24
41 25 1
41 26 10
41 27 3
41 28 20
41 29 8
41 32 7
41 33 16
41 34 3
41 36 1
41 39 40
41 40 4
42 2 29
42 4 23
42 5 20
42 9 12
42 10 5
42 11 32
42 12 11
42 13 28
42 14 28
42 15 20
42 16 8
42 19 40
42 21 13
42 23 36
42 26 30
42 28 4
42 31 1
42 32 33
42 38 24
42 41 13
43 2 2
43 4 26
43 7 38
43 8 5
43 10 25
43 14 11
43 18 37
43 19 16
43 22 22
43 24 27
43 25 39
43 28 26
43 29 2
43 31 10
43 34 8
43 35 23
43 38 26
43 40 37
43 42 38
44 2 29
44 3 10
44 4 32
44 5 12
44 6 19
44 9 18
44 11 27
44 13 22
44 16 14
44 24 10
44 25 8
44 31 29
44 33 29
44 34 16
44 36 23
44 38 16
44 39 5
44 42 12
45 3 4
45 5 14
45 6 4
45 8 27
45 9 23
45 10 4
45 12 29
45 16 2
45 18 21
45 19 38
45 21 34
45 22 26
45 29 25
45 31 33
45 32 28
45 34 3
45 35 9
45 37 37
45 40 40
45 41 10
45 44 37
46 2 34
46 4 13
46 6 34
46 9 7
46 11 12
46 14 21
46 15 36
46 16 23
46 20 4
46 26 34
46 27 10
46 28 13
46 29 33
46 30 34
46 34 23
46 38 5
46 39 30
46 40 30
46 43 32
46 44 16
47 3 29
47 7 24
47 8 34
47 9 31
47 11 28
47 14 12
47 15 40
47 17 30
47 18 5
47 20 18
47 22 11
47 24 38
47 26 7
47 27 17
47 28 10
47 30 6
47 32 1
47 34 27
47 35 22
47 36 6
47 37 40
47 38 3
47 40 33
47 44 30
48 4 26
48 6 30
48 7 21
48 8 17
48 9 16
48 10 34
48 11 23
48 12 10
48 15 11
48 19 17
48 23 30
48 24 11
48 27 33
48 29 11
48 35 3
48 36 13
48 37 32
48 38 30
48 40 30
48 43 27
48 44 13
48 45 6
48 46 40
48 47 28
49 0 7
49 1 35
49 4 19
49 6 24
49 15 28
49 21 35
49 25 39
49 26 20
49 29 9
49 33 22
49 34 1
49 36 24
49 39 19
49 40 19
49 41 38
49 42 6
49 44 24
49 46 28
49 47 31
50 1 8
50 5 24
50 7 15
50 9 2
50 11 6
50 15 40
50 16 13
50 18 22
50 19 3
50 21 25
50 22 26
50 23 7
50 25 10
50 27 27
50 31 19
50 36 7
50 39 37
50 40 34
50 42 9
50 45 7
50 46 28
50 47 10
50 48 7
51 3 31
51 5 21
51 6 6
51 9 19
51 12 29
51 13 36
51 15 18
51 17 35
51 18 8
51 19 39
51 20 18
51 21 39
51 22 32
51 24 17
51 25 12
51 26 12
51 31 9
51 35 6
51 36 32
51 37 26
51 38 7
51 40 10
51 42 14
51 45 20
52 0 15
52 6 32
52 7 2
52 11 11
52 12 23
52 13 1
52 14 8
52 18 1
52 21 10
52 24 15
52 26 6
52 27 12
52 28 37
52 29 26
52 31 19
52 32 36
52 34 31
52 36 1
52 37 26
52 38 20
52 39 30
52 41 24
52 42 35
52 43 29
52 48 27
52 49 28
53 0 3
53 1 2
53 2 23
53 3 13
53 4 6
53 7 22
53 8 33
53 11 24
53 12 37
53 14 3
53 17 4
53 18 16
53 21 2
53 23 40
53 24 34
53 25 34
53 26 37
53 28 22
53 29 8
53 36 30
53 37 15
53 38 33
53 45 31
53 47 7
53 48 13
53 49 40
53 52 10
54 0 30
54 2 10
54 4 23
54 10 37
54 12 12
54 13 27
54 14 22
54 15 23
54 17 27
54 21 6
54 24 27
54 25 4
54 26 23
54 27 3
54 28 21
54 30 38
54 31 30
54 33 5
54 34 40
54 41 30
54 43 16
54 45 29
54 46 27
54 47 26
54 48 19
54 49 31
54 50 25
55 1 18
55 2 25
55 3 32
55 4 38
55 12 32
55 13 24
55 15 13
55 18 13
55 20 1
55 24 37
55 26 9
55 27 30
55 29 20
55 32 20
55 34 24
55 36 9
55 40 15
55 42 18
55 44 3
55 46 6
55 47 4
55 49 4
55 50 10
56 0 25
56 2 1
56 4 21
56 6 7
56 7 40
56 8 34
56 9 18
56 13 28
56 14 5
56 15 20
56 17 5
56 20 26
56 25 30
56 26 31
56 27 16
56 28 23
56 30 33
56 33 13
56 34 4
56 37 14
56 38 36
56 39 3
56 40 13
56 41 14
56 42 9
56 48 37
56 51 37
56 52 15
56 53 9
56 55 18
57 0 15
57 2 36
57 3 30
57 4 32
57 6 28
57 10 7
57 14 27
57 15 27
57 16 38
57 18 6
57 19 40
57 21 11
57 23 25
57 26 37
57 27 5
57 28 23
57 29 1
57 31 14
57 32 26
57 40 35
57 41 39
57 43 39
57 44 32
57 45 7
57 46 13
57 49 13
57 50 22
57 51 7
57 52 18
57 53 30
57 56 25
58 1 12
58 2 34
58 3 34
58 6 35
58 7 28
58 9 13
58 12 15
58 13 13
58 14 24
58 16 34
58 19 20
58 20 11
58 21 16
58 23 8
58 27 14
58 31 24
58 32 5
58 33 3
58 34 10
58 36 16
58 39 31
58 43 9
58 45 38
58 47 15
58 49 21
58 50 21
58 51 9
58 54 26
59 3 10
59 4 37
59 5 28
59 8 6
59 9 13
59 11 24
59 12 5
59 13 36
59 15 30
59 16 25
59 18 22
59 21 20
59 22 5
59 24 26
59 27 34
59 28 8
59 29 24
59 30 9
59 31 23
59 35 21
59 42 18
59 43 37
59 45 21
59 46 33
59 47 17
59 48 16
59 49 35
59 52 16
59 54 30
59 55 33
59 57 20
