40
2 0 4
4 1 20
4 2 23
4 3 54
5 1 2
5 3 70
5 4 57
6 3 36
6 5 15
7 1 68
7 3 18
7 5 36
7 6 12
8 2 24
8 3 11
9 0 72
9 1 40
9 2 36
9 3 47
9 6 11
9 7 59
10 5 23
10 7 70
10 8 30
11 2 28
11 6 13
11 8 29
11 9 71
11 10 34
12 2 79
12 3 43
12 5 64
12 6 32
12 7 66
12 10 31
13 2 65
13 3 62
13 4 60
13 6 13
13 11 73
13 12 27
14 0 44
14 1 30
14 3 19
14 5 75
14 7 10
14 8 20
14 10 25
14 12 10
15 3 45
15 8 72
15 11 50
15 12 75
15 13 1
15 14 69
16 2 24
16 3 35
16 4 47
16 7 53
16 8 62
16 9 24
16 10 29
16 11 31
16 12 40
16 13 24
16 14 76
16 15 58
17 1 45
17 3 78
17 5 26
17 6 6
17 7 34
17 9 51
17 13 63
17 14 19
17 16 50
18 0 45
18 4 66
18 5 25
18 8 46
18 9 16
18 11 67
18 15 28
19 0 14
19 2 60
19 4 76
19 8 51
19 13 46
19 15 55
19 16 78
19 18 49
20 2 66
20 3 38
20 4 78
20 8 45
20 10 8
20 11 46
20 13 69
20 19 2
21 0 63
21 1 54
21 2 54
21 3 8
21 4 52
21 9 45
21 10 28
21 11 69
21 15 31
21 17 47
21 19 69
21 20 51
22 0 6
22 1 31
22 3 34
22 6 74
22 7 15
22 10 14
22 11 17
22 14 52
22 17 14
22 18 73
22 20 2
23 0 72
23 1 24
23 2 56
23 3 4
23 7 14
23 10 60
23 12 38
23 17 42
23 18 17
23 19 32
23 21 28
23 22 60
24 0 76
24 1 45
24 2 4
24 4 71
24 5 27
24 6 58
24 7 31
24 11 20
24 12 14
24 13 11
24 14 64
24 18 5
24 23 53
25 1 19
25 2 58
25 4 49
25 5 26
25 6 32
25 9 28
25 13 50
25 14 54
25 15 26
25 16 53
25 18 19
25 20 44
25 22 73
25 23 63
25 24 27
26 0 39
26 5 49
26 9 26
26 10 68
26 13 8
26 14 7
26 20 44
26 23 2
27 0 3
27 1 31
27 5 69
27 6 46
27 8 33
27 10 56
27 12 77
27 16 24
27 17 34
27 18 32
27 20 15
27 22 30
27 23 29
28 0 74
28 1 21
28 2 69
28 4 59
28 9 2
28 10 50
28 11 70
28 14 53
28 16 35
28 20 56
28 21 49
28 22 68
28 23 36
28 24 62
28 25 61
28 26 9
29 2 67
29 3 35
29 5 66
29 6 43
29 7 12
29 8 39
29 9 14
29 10 1
29 13 73
29 14 1
29 15 59
29 18 17
29 19 20
29 20 51
29 23 57
29 24 56
29 25 20
29 26 19
30 1 50
30 2 16
30 3 10
30 4 1
30 6 4
30 8 42
30 12 54
30 13 11
30 14 9
30 17 76
30 18 23
30 20 9
30 22 74
30 23 46
30 28 60
30 29 37
31 0 48
31 1 19
31 2 35
31 3 73
31 6 18
31 8 66
31 10 55
31 15 50
31 16 58
31 17 23
31 18 32
31 19 33
31 20 36
31 23 21
31 24 36
31 28 7
31 29 1
31 30 27
32 2 52
32 6 5
32 7 11
32 9 70
32 11 74
32 15 64
32 18 79
32 19 52
32 20 30
32 21 74
32 30 7
32 31 58
33 1 79
33 2 50
33 3 31
33 4 5
33 8 50
33 9 22
33 11 76
33 12 31
33 16 67
33 18 39
33 21 64
33 22 69
33 25 18
33 29 72
33 32 52
34 0 8
34 1 1
34 2 71
34 5 52
34 8 62
34 10 39
34 11 26
34 14 69
34 16 39
34 19 79
34 21 70
34 22 21
34 26 44
34 28 43
34 29 36
34 31 41
34 33 28
35 0 44
35 2 41
35 3 72
35 4 58
35 7 10
35 8 51
35 9 32
35 10 39
35 11 69
35 12 6
35 16 29
35 19 75
35 22 57
35 25 65
35 26 45
35 27 45
35 28 17
35 31 51
35 34 61
36 1 25
36 2 38
36 3 41
36 4 72
36 7 12
36 13 1
36 14 48
36 15 49
36 16 11
36 17 32
36 18 16
36 19 55
36 23 69
36 25 60
36 26 9
36 28 48
36 29 23
36 32 79
36 34 8
36 35 23
37 1 54
37 2 7
37 3 60
37 4 33
37 9 62
37 12 4
37 13 21
37 18 62
37 19 64
37 20 23
37 26 58
37 27 9
37 29 28
37 30 63
37 31 60
37 33 20
37 34 27
38 0 38
38 1 70
38 2 9
38 4 22
38 7 75
38 9 32
38 13 40
38 15 6
38 16 26
38 18 1
38 19 36
38 23 77
38 26 3
38 31 12
38 33 61
38 34 31
38 36 51
39 2 14
39 3 21
39 4 15
39 5 49
39 6 59
39 14 15
39 15 55
39 16 30
39 17 36
39 18 21
39 19 56
39 20 42
39 22 8
39 24 4
39 26 46
39 27 40
39 29 66
39 30 12
39 35 66
39 36 61
