30
1 0 9
3 1 27
4 0 25
4 1 52
4 3 29
5 0 10
5 2 50
6 1 36
7 0 50
7 1 31
7 4 11
7 5 59
7 6 38
8 0 43
8 2 30
8 3 44
8 4 21
8 5 42
9 1 14
9 5 23
9 6 60
9 7 31
9 8 34
10 1 50
10 4 19
10 6 60
11 1 41
11 4 27
11 5 18
11 7 14
11 9 17
12 0 14
12 1 37
12 2 22
12 7 48
12 8 38
12 10 20
13 1 45
13 2 40
13 3 51
13 5 26
13 6 48
13 8 22
13 9 59
13 10 43
13 11 6
13 12 5
14 0 58
14 1 26
14 3 26
14 4 39
14 5 20
14 6 8
14 8 21
14 9 54
14 10 4
14 12 1
14 13 58
15 1 49
15 2 44
15 5 43
15 7 52
15 9 29
15 11 49
15 13 42
16 1 20
16 3 7
16 4 32
16 5 57
16 6 39
16 8 32
16 12 14
16 13 58
16 14 4
16 15 28
17 0 33
17 1 21
17 4 45
17 6 19
17 9 23
17 10 27
17 12 18
17 16 57
18 2 2
18 4 41
18 5 20
18 6 58
18 7 42
18 8 33
18 10 2
19 1 36
19 2 3
19 4 9
19 6 49
19 7 22
19 9 57
19 13 57
19 16 4
20 1 6
20 3 13
20 4 44
20 5 45
20 6 59
20 7 28
20 8 55
20 9 42
20 14 52
20 18 19
21 0 17
21 2 54
21 4 57
21 6 13
21 7 35
21 8 36
21 10 22
21 12 26
21 13 9
21 15 29
21 18 55
21 19 43
21 20 40
22 0 14
22 1 33
22 2 9
22 3 18
22 6 26
22 8 5
22 9 43
22 12 54
22 13 42
22 15 55
22 16 15
22 20 54
23 0 13
23 2 53
23 3 16
23 5 22
23 9 15
23 10 46
23 11 1
23 12 44
23 13 26
23 14 51
23 15 3
23 17 50
23 19 33
23 20 20
23 21 19
24 0 58
24 2 39
24 5 40
24 6 20
24 7 26
24 10 9
24 12 53
24 14 11
24 15 51
24 16 6
24 18 17
24 20 3
24 21 4
25 0 59
25 5 35
25 7 32
25 8 46
25 13 21
25 19 18
25 20 46
26 0 7
26 2 39
26 4 29
26 9 51
26 10 39
26 11 11
26 12 44
26 13 39
26 14 49
26 15 39
26 16 47
26 17 29
26 18 48
26 19 6
26 20 49
26 21 6
26 22 54
26 24 40
26 25 58
27 0 46
27 2 49
27 5 32
27 6 57
27 8 13
27 11 46
27 12 58
27 14 24
27 20 59
27 21 8
27 22 46
27 26 13
28 0 28
28 1 52
28 2 33
28 10 52
28 12 51
28 13 60
28 16 14
28 21 5
28 23 50
28 24 58
28 25 33
28 26 31
28 27 12
29 0 34
29 2 37
29 3 32
29 4 7
29 6 10
29 8 57
29 9 35
29 10 55
29 11 27
29 13 31
29 15 23
29 18 25
29 20 50
29 23 44
29 25 34
29 28 22
