20
1 0 58
3 1 58
3 2 54
4 3 51
5 0 39
5 3 6
5 4 45
6 0 37
6 3 48
6 4 7
6 5 51
7 0 22
7 1 44
7 2 38
7 4 44
8 1 43
8 3 8
8 5 26
8 6 12
8 7 42
9 1 8
9 2 47
9 3 58
9 5 3
9 6 54
9 7 49
9 8 24
10 6 26
10 7 59
10 8 11
11 0 54
11 2 27
11 10 29
12 0 46
12 1 24
12 2 29
12 4 53
12 5 34
12 6 30
12 7 21
12 8 50
12 11 37
13 0 52
13 4 33
13 6 56
13 7 60
13 10 50
13 12 37
14 5 18
14 6 13
14 7 32
14 9 10
15 2 2
15 3 7
15 4 37
15 9 17
15 10 25
15 12 30
15 14 41
16 1 51
16 2 24
16 5 3
16 6 13
16 7 60
16 9 26
16 10 10
16 11 13
17 0 18
17 2 7
17 3 49
17 4 28
17 5 42
17 7 35
17 8 33
17 9 12
17 10 52
17 13 3
17 16 25
18 1 40
18 2 34
18 4 19
18 8 45
18 9 8
18 11 5
18 15 27
18 17 56
19 0 30
19 1 58
19 7 3
19 8 48
19 12 50
19 14 38
19 15 27
19 16 19
19 17 9
19 18 5
