30
1 0 25
2 0 23
2 1 34
4 1 15
5 0 34
5 1 24
5 2 28
5 3 8
6 1 12
6 3 1
7 0 10
7 1 10
7 2 29
7 3 28
7 6 25
8 0 12
8 4 27
8 6 3
9 2 39
9 4 14
9 5 32
9 6 25
9 8 12
10 1 28
10 3 32
10 4 33
10 5 3
10 8 12
11 0 21
11 1 33
11 3 34
11 4 11
11 5 18
11 10 30
12 2 12
12 8 33
12 9 19
13 1 16
13 2 23
13 3 31
13 4 9
13 5 9
13 7 16
13 8 26
13 9 28
13 11 21
13 12 38
14 1 35
14 2 7
14 6 31
14 12 26
14 13 6
15 2 33
15 3 24
15 4 8
15 6 1
15 8 23
15 9 38
15 10 4
15 12 1
15 14 29
16 1 36
16 2 30
16 3 40
16 8 30
16 9 32
16 10 40
16 12 2
16 15 34
17 0 21
17 1 31
17 3 13
17 5 18
17 7 4
17 8 11
17 9 19
17 12 31
17 13 33
17 14 32
17 15 32
18 0 17
18 2 30
18 5 18
18 7 14
18 16 1
18 17 2
19 0 24
19 1 21
19 2 9
19 6 19
19 7 34
19 10 7
19 11 35
19 14 12
19 18 5
20 0 28
20 1 18
20 5 10
20 6 40
20 7 8
20 8 10
20 11 5
20 12 1
20 13 20
20 14 26
20 15 38
20 16 17
20 17 40
20 18 7
20 19 5
21 0 35
21 1 1
21 2 31
21 8 6
21 9 39
21 12 25
21 13 8
21 14 11
21 15 7
21 16 18
21 17 32
21 18 18
22 0 19
22 1 40
22 2 24
22 4 24
22 7 18
22 10 14
22 11 14
22 13 21
22 15 9
22 16 27
22 19 7
22 21 4
23 0 32
23 3 17
23 4 19
23 5 40
23 7 23
23 8 25
23 10 6
23 11 30
23 14 20
23 16 18
23 17 28
23 18 16
23 20 34
23 21 28
23 22 14
24 1 7
24 2 27
24 4 26
24 5 39
24 6 19
24 9 17
24 12 3
24 13 2
24 14 38
24 15 17
24 16 19
24 18 30
24 19 17
24 23 39
25 1 36
25 2 24
25 3 9
25 4 13
25 5 38
25 8 11
25 10 28
25 12 26
25 13 3
25 14 10
25 16 32
25 18 22
25 19 20
25 21 38
25 22 2
25 23 23
26 0 31
26 6 3
26 8 40
26 9 25
26 11 6
26 12 28
26 15 20
26 16 30
26 18 16
26 19 29
26 20 39
26 23 40
26 24 20
26 25 14
27 2 30
27 4 6
27 6 36
27 15 34
27 19 25
27 20 38
27 21 11
27 22 21
27 26 36
28 1 30
28 2 40
28 3 36
28 5 1
28 8 26
28 9 3
28 12 20
28 13 23
28 14 19
28 15 22
28 16 7
28 20 29
28 21 32
28 22 33
28 26 18
28 27 25
29 0 13
29 1 8
29 5 35
29 6 18
29 7 4
29 9 40
29 10 11
29 11 15
29 12 17
29 13 28
29 14 9
29 16 36
29 17 11
29 19 30
29 23 30
29 25 16
29 28 9
