40
1 0 45
2 0 87
2 1 109
3 0 47
3 1 14
4 0 77
4 1 64
4 2 113
4 3 108
5 1 74
5 2 77
6 0 1
6 4 14
7 3 38
7 5 118
7 6 2
8 1 9
8 4 59
8 6 82
8 7 107
9 1 40
9 2 96
9 3 98
9 7 100
10 0 28
10 1 31
10 2 64
10 3 14
10 6 82
10 9 73
11 0 95
11 2 50
11 4 14
11 6 104
11 7 92
11 8 41
11 9 24
12 0 67
12 2 27
12 5 105
12 6 87
12 7 79
12 10 59
12 11 36
13 0 101
13 1 13
13 2 93
13 4 50
13 7 42
13 10 97
13 11 75
14 0 36
14 1 24
14 2 94
14 3 20
14 4 35
14 8 43
14 10 72
15 0 84
15 3 77
15 4 2
15 5 48
15 6 113
15 9 94
15 10 106
15 12 102
15 13 19
15 14 69
16 0 22
16 1 111
16 2 119
16 4 79
16 6 52
16 8 99
16 9 58
16 10 115
16 12 83
16 13 8
16 14 44
17 0 75
17 3 92
17 4 55
17 7 45
17 9 100
17 10 116
17 11 2
17 12 60
17 13 30
17 14 19
17 15 37
18 2 102
18 3 110
18 5 59
18 11 104
18 12 87
18 14 98
18 16 76
18 17 51
19 2 90
19 6 55
19 12 84
19 14 110
19 15 114
19 16 114
19 17 8
19 18 114
20 0 63
20 1 37
20 2 3
20 4 56
20 5 75
20 7 52
20 8 96
20 10 73
20 12 80
20 14 81
20 16 32
20 19 95
21 1 62
21 5 104
21 8 90
21 9 19
21 11 55
21 13 96
21 15 33
21 16 33
21 17 47
21 18 68
21 20 95
22 2 62
22 3 41
22 4 81
22 5 69
22 6 57
22 7 32
22 8 37
22 10 101
22 13 82
22 14 60
22 19 58
22 20 21
22 21 46
23 1 96
23 5 93
23 8 52
23 15 65
23 19 119
23 20 12
24 3 19
24 4 108
24 5 47
24 7 31
24 9 107
24 11 42
24 13 47
24 14 25
24 16 112
24 17 80
24 19 87
24 22 24
25 3 46
25 4 3
25 7 23
25 10 74
25 11 111
25 12 1
25 14 23
25 16 4
25 17 75
25 18 88
25 19 118
25 20 6
25 22 99
26 0 105
26 2 91
26 5 36
26 7 19
26 10 65
26 11 80
26 12 11
26 16 45
26 18 55
26 20 42
26 21 115
26 23 78
27 3 86
27 4 35
27 5 47
27 6 97
27 7 38
27 10 10
27 11 72
27 13 45
27 14 117
27 16 111
27 21 20
27 22 80
27 23 28
27 24 108
28 1 112
28 7 20
28 9 54
28 10 1
28 12 34
28 14 105
28 15 117
28 16 18
28 19 103
28 20 116
28 21 83
28 23 21
28 24 110
28 26 1
29 0 109
29 1 69
29 3 85
29 6 120
29 8 83
29 9 107
29 10 46
29 12 68
29 17 82
29 21 14
29 23 82
29 25 38
29 26 109
30 0 107
30 1 72
30 2 10
30 3 54
30 5 2
30 6 61
30 7 77
30 8 15
30 9 1
30 10 36
30 11 119
30 13 6
30 18 84
30 22 41
30 24 85
30 26 8
30 28 4
30 29 36
31 2 46
31 4 73
31 7 77
31 10 98
31 17 50
31 19 6
31 21 70
31 22 5
31 23 74
31 26 65
31 28 98
31 29 79
32 1 74
32 3 28
32 4 108
32 8 26
32 11 111
32 12 108
32 14 119
32 17 91
32 18 19
32 21 88
32 22 91
32 23 34
32 26 31
32 28 46
32 30 57
32 31 1
33 1 58
33 2 28
33 3 102
33 5 42
33 7 18
33 10 62
33 11 95
33 13 2
33 15 43
33 20 33
33 22 55
33 30 75
33 31 4
33 32 31
34 0 11
34 1 112
34 3 67
34 4 119
34 5 55
34 6 65
34 7 20
34 11 25
34 14 81
34 18 20
34 22 120
34 24 5
34 25 57
34 27 101
34 31 29
34 33 19
35 1 49
35 3 15
35 5 77
35 8 53
35 9 96
35 11 88
35 12 47
35 15 79
35 16 21
35 17 40
35 18 60
35 21 101
35 22 13
35 23 41
35 24 64
35 27 64
35 31 8
35 33 45
36 2 118
36 3 38
36 4 1
36 7 51
36 8 46
36 9 97
36 10 58
36 11 120
36 12 63
36 17 74
36 18 116
36 19 38
36 22 68
36 23 51
36 27 10
36 28 83
36 29 92
36 30 62
36 31 75
36 33 82
36 35 50
37 1 79
37 5 93
37 8 9
37 9 48
37 20 84
37 21 116
37 22 73
37 24 97
37 25 37
37 26 104
37 29 53
37 30 104
37 32 49
37 34 70
37 35 62
37 36 36
38 5 67
38 6 101
38 9 109
38 10 90
38 12 51
38 13 96
38 16 96
38 18 46
38 19 110
38 20 67
38 21 44
38 23 48
38 24 15
38 25 30
38 26 105
38 27 4
38 29 57
38 31 109
38 33 24
38 34 120
38 35 67
38 37 87
39 0 68
39 4 118
39 5 115
39 9 86
39 12 96
39 13 44
39 14 69
39 17 70
39 20 50
39 21 109
39 23 82
39 24 84
39 25 95
39 26 102
39 29 25
39 33 66
39 36 42
39 37 104
