60
3 1 18
3 2 98
4 1 59
4 2 11
5 0 38
5 4 49
6 1 4
6 2 85
6 4 7
6 5 69
7 4 97
7 5 56
7 6 78
8 1 47
8 4 75
8 5 7
8 7 10
9 0 80
9 2 28
9 3 41
9 5 46
9 6 76
9 7 14
10 0 15
10 2 24
10 4 33
11 0 47
11 1 7
11 2 81
11 3 60
11 4 40
11 8 98
12 0 80
12 1 14
12 2 2
12 3 27
12 7 38
12 8 27
12 9 8
13 0 49
13 4 59
13 6 7
13 7 37
13 10 26
13 12 66
14 0 80
14 6 59
14 7 39
14 11 72
14 13 96
15 1 73
15 3 29
15 4 10
15 5 68
15 8 68
15 13 79
16 0 37
16 6 41
16 8 41
16 9 50
16 10 1
16 11 11
16 12 96
17 2 81
17 3 85
17 4 61
17 6 98
17 7 44
17 9 89
17 11 47
17 12 57
17 13 74
17 14 63
17 15 91
18 2 21
18 4 79
18 9 11
18 11 51
18 14 77
18 16 55
18 17 62
19 0 99
19 1 6
19 11 37
19 13 29
19 15 69
19 16 69
19 17 61
19 18 29
20 3 76
20 6 40
20 12 44
20 13 3
20 16 95
20 17 7
20 18 51
21 4 70
21 7 76
21 8 74
21 9 40
21 10 31
21 12 64
21 13 92
21 16 97
21 18 58
21 19 83
22 0 23
22 3 96
22 5 33
22 7 21
22 8 32
22 9 21
22 11 12
22 12 32
22 14 86
22 17 3
22 18 38
22 20 58
22 21 87
23 0 14
23 1 38
23 5 20
23 7 80
23 10 89
23 12 92
23 14 4
23 17 31
23 19 13
23 22 59
24 2 13
24 3 51
24 6 66
24 7 26
24 8 66
24 9 52
24 10 26
24 11 48
24 12 24
24 18 59
24 20 34
24 22 21
25 2 9
25 3 70
25 6 69
25 7 32
25 9 57
25 10 69
25 11 11
25 12 44
25 14 42
25 16 93
25 17 38
25 18 79
25 22 35
25 23 81
26 1 18
26 3 63
26 4 78
26 7 37
26 8 73
26 9 13
26 12 65
26 13 21
26 15 37
26 18 27
26 19 85
26 20 2
26 24 74
26 25 51
27 0 1
27 2 20
27 4 31
27 5 78
27 9 89
27 10 84
27 11 26
27 13 40
27 17 61
27 19 44
27 23 96
27 24 70
27 25 29
28 0 45
28 1 16
28 2 51
28 5 76
28 6 61
28 7 49
28 9 38
28 10 57
28 16 28
28 17 75
28 19 62
28 20 30
28 22 36
28 23 14
28 24 90
28 26 89
28 27 31
29 0 55
29 1 63
29 4 16
29 8 21
29 16 35
29 17 29
29 18 74
29 19 31
29 22 92
29 24 36
29 25 99
29 26 50
29 28 25
30 0 36
30 2 59
30 3 17
30 4 86
30 6 10
30 7 96
30 8 5
30 10 13
30 11 42
30 13 63
30 14 41
30 15 82
30 17 4
30 21 52
30 22 9
30 23 38
30 24 90
30 28 42
30 29 93
31 1 98
31 2 76
31 5 31
31 8 39
31 11 72
31 12 73
31 15 33
31 17 70
31 20 58
31 21 51
31 22 9
31 23 84
31 25 78
31 26 77
31 27 62
31 28 40
31 29 23
32 1 54
32 5 86
32 6 6
32 7 31
32 8 100
32 10 23
32 11 95
32 12 89
32 13 71
32 14 5
32 15 18
32 18 27
32 19 9
32 22 9
32 23 60
32 24 90
32 25 91
32 27 76
32 29 7
32 30 16
33 0 38
33 3 56
33 8 86
33 11 53
33 14 67
33 15 28
33 17 85
33 19 59
33 20 15
33 21 48
33 22 27
33 23 12
33 24 89
33 25 16
33 26 90
33 27 10
33 30 33
33 31 82
34 5 17
34 7 94
34 9 18
34 10 70
34 11 2
34 12 89
34 13 64
34 16 68
34 19 91
34 20 12
34 23 9
34 24 32
34 25 33
34 28 59
34 30 3
34 32 55
34 33 66
35 0 1
35 4 48
35 6 18
35 8 30
35 10 69
35 11 93
35 12 61
35 14 50
35 15 3
35 16 71
35 19 7
35 20 91
35 27 17
35 30 21
35 32 77
36 3 91
36 7 12
36 8 28
36 10 55
36 11 33
36 13 83
36 14 92
36 15 37
36 16 92
36 18 38
36 20 16
36 21 63
36 22 82
36 23 78
36 24 40
36 28 23
36 29 42
36 30 14
36 31 41
36 32 20
37 1 32
37 4 79
37 5 6
37 7 51
37 8 38
37 11 19
37 13 47
37 18 89
37 19 80
37 24 2
37 25 50
37 26 93
37 27 6
37 31 60
37 34 92
37 36 50
38 0 30
38 1 65
38 2 76
38 4 5
38 5 88
38 6 9
38 7 24
38 8 51
38 9 39
38 10 58
38 13 63
38 16 76
38 17 66
38 18 10
38 22 7
38 23 84
38 26 28
38 30 65
38 32 74
38 34 100
38 37 25
39 2 69
39 3 23
39 4 55
39 5 62
39 9 80
39 11 21
39 12 95
39 13 99
39 15 59
39 20 5
39 21 81
39 22 94
39 23 34
39 26 19
39 28 30
39 29 70
39 30 44
39 33 70
39 34 90
40 0 39
40 2 83
40 3 82
40 4 93
40 5 100
40 8 64
40 10 11
40 12 70
40 13 64
40 17 1
40 18 78
40 20 59
40 22 10
40 23 74
40 24 30
40 25 67
40 26 5
40 29 50
40 31 5
40 33 66
40 37 85
41 0 74
41 1 87
41 3 86
41 6 100
41 7 75
41 8 47
41 10 58
41 11 96
41 12 35
41 19 42
41 20 53
41 21 81
41 22 78
41 23 90
41 25 17
41 27 25
41 28 49
41 30 8
41 31 30
41 32 92
41 34 99
41 35 32
41 37 42
41 38 30
41 40 25
42 1 34
42 2 4
42 4 11
42 5 46
42 8 30
42 9 5
42 13 40
42 14 12
42 16 2
42 17 17
42 19 15
42 23 50
42 26 97
42 29 100
42 31 97
42 34 10
42 36 22
42 37 95
42 40 33
42 41 57
43 2 75
43 7 82
43 8 65
43 10 93
43 11 42
43 12 26
43 13 90
43 14 78
43 17 64
43 18 45
43 21 9
43 22 89
43 23 55
43 24 39
43 25 84
43 26 74
43 27 53
43 28 86
43 29 100
43 33 64
43 34 48
43 35 48
43 36 91
43 37 76
43 39 63
43 42 18
44 0 28
44 1 92
44 6 14
44 10 43
44 11 41
44 12 30
44 13 60
44 15 47
44 19 43
44 21 40
44 22 65
44 25 70
44 26 37
44 30 46
44 32 100
44 33 70
44 34 64
44 38 1
44 40 94
44 42 3
44 43 12
45 0 20
45 1 67
45 4 12
45 7 97
45 8 7
45 9 53
45 11 17
45 12 87
45 14 43
45 15 5
45 17 97
45 18 41
45 21 80
45 22 52
45 24 74
45 27 24
45 28 84
45 29 41
45 30 78
45 31 1
45 34 14
45 37 35
45 38 88
45 40 5
45 42 68
45 43 72
46 0 48
46 1 65
46 2 37
46 3 95
46 12 65
46 15 67
46 16 42
46 18 68
46 20 91
46 22 70
46 23 25
46 24 41
46 25 13
46 29 77
46 30 25
46 33 11
46 35 50
46 37 58
46 38 47
46 39 87
46 41 40
46 42 100
47 3 69
47 5 85
47 6 1
47 8 90
47 10 89
47 11 63
47 12 27
47 13 3
47 15 31
47 17 100
47 18 100
47 20 35
47 21 9
47 22 92
47 24 54
47 25 89
47 26 30
47 27 83
47 29 75
47 31 92
47 32 7
47 33 89
47 35 21
47 36 6
47 37 80
47 38 61
47 39 55
47 41 86
47 43 20
48 0 28
48 5 61
48 6 77
48 8 68
48 10 46
48 11 31
48 12 45
48 14 77
48 15 8
48 16 32
48 17 67
48 19 2
48 20 91
48 21 99
48 24 58
48 25 7
48 27 23
48 32 18
48 34 7
48 35 93
48 36 38
48 40 63
48 42 59
48 46 58
49 5 4
49 7 60
49 9 31
49 10 81
49 11 100
49 13 97
49 14 48
49 15 29
49 16 99
49 17 75
49 19 10
49 20 37
49 22 5
49 28 60
49 31 29
49 33 65
49 35 34
49 37 38
49 38 71
49 40 98
49 41 21
49 42 15
49 43 64
49 44 10
49 45 12
49 46 45
50 3 19
50 6 65
50 7 34
50 8 70
50 9 58
50 10 67
50 11 97
50 12 67
50 17 78
50 20 58
50 21 54
50 25 8
50 26 1
50 27 39
50 29 7
50 30 32
50 31 18
50 35 89
50 36 42
50 38 77
50 40 31
50 46 87
51 0 36
51 3 84
51 4 66
51 9 28
51 11 41
51 12 91
51 13 6
51 15 16
51 18 48
51 19 40
51 20 98
51 21 77
51 22 11
51 23 92
51 24 36
51 25 68
51 27 48
51 28 40
51 33 36
51 34 34
51 41 15
51 42 33
51 45 64
51 46 79
52 0 22
52 1 60
52 2 82
52 3 36
52 4 75
52 5 11
52 6 55
52 7 72
52 9 1
52 10 57
52 14 88
52 15 87
52 17 14
52 19 14
52 20 59
52 23 81
52 25 80
52 28 100
52 29 86
52 34 61
52 35 51
52 36 86
52 37 9
52 38 46
52 40 49
52 41 59
52 44 7
52 45 89
52 47 21
52 48 26
52 49 34
52 51 19
53 0 98
53 1 8
53 4 50
53 5 50
53 6 3
53 8 42
53 9 41
53 10 85
53 12 7
53 14 92
53 15 73
53 17 4
53 22 86
53 23 74
53 24 54
53 26 24
53 27 15
53 30 72
53 31 93
53 32 93
53 33 13
53 34 23
53 35 96
53 36 56
53 38 28
53 39 88
53 40 28
53 41 50
53 44 15
53 45 61
53 46 94
53 47 11
53 49 82
53 52 8
54 4 16
54 5 33
54 8 59
54 9 64
54 13 20
54 15 29
54 16 99
54 20 62
54 21 10
54 25 46
54 26 49
54 27 66
54 28 96
54 31 8
54 34 89
54 35 82
54 38 69
54 39 9
54 40 57
54 41 65
54 45 78
54 46 86
54 47 32
54 48 71
54 49 45
54 52 19
55 0 58
55 1 58
55 2 55
55 5 22
55 7 22
55 10 38
55 11 78
55 13 69
55 14 94
55 15 83
55 17 70
55 21 99
55 22 9
55 23 94
55 27 5
55 29 33
55 30 17
55 32 17
55 33 49
55 37 28
55 41 100
55 43 35
55 45 78
55 46 52
55 47 95
55 49 77
55 50 48
56 0 96
56 3 75
56 4 38
56 7 49
56 10 6
56 12 29
56 14 25
56 17 83
56 21 57
56 24 71
56 27 38
56 29 6
56 30 58
56 31 32
56 32 70
56 34 36
56 35 58
56 37 90
56 38 73
56 39 8
56 40 95
56 42 33
56 43 21
56 45 68
56 47 17
56 48 75
56 49 79
56 52 84
56 53 51
56 55 54
57 2 69
57 4 28
57 6 12
57 12 69
57 16 72
57 17 54
57 18 5
57 19 15
57 20 67
57 22 38
57 24 26
57 26 35
57 28 5
57 29 8
57 31 85
57 32 31
57 34 89
57 35 28
57 36 21
57 37 44
57 39 90
57 40 3
57 41 67
57 44 97
57 55 67
58 0 1
58 3 74
58 4 74
58 5 96
58 8 37
58 9 43
58 15 74
58 16 90
58 17 43
58 18 35
58 19 90
58 24 57
58 29 16
58 31 6
58 34 90
58 35 64
58 36 90
58 37 95
58 39 15
58 42 76
58 44 67
58 45 80
58 50 32
58 52 52
58 53 55
58 55 18
59 1 57
59 5 56
59 6 26
59 7 3
59 9 15
59 10 85
59 11 97
59 15 3
59 16 65
59 18 23
59 21 54
59 24 84
59 25 21
59 26 75
59 27 78
59 29 59
59 31 48
59 32 41
59 33 49
59 36 64
59 38 92
59 39 63
59 40 42
59 41 28
59 50 97
59 51 66
59 52 45
59 53 5
59 56 31
59 57 87
59 58 90
