70
2 0 15
2 1 5
3 0 19
3 1 3
4 1 14
5 0 12
5 4 20
6 5 18
7 0 17
7 1 7
7 6 18
8 0 11
8 1 11
8 2 3
8 5 11
8 6 11
8 7 5
9 0 20
9 1 1
9 2 13
9 3 1
9 4 20
9 5 3
9 6 12
9 7 7
9 8 10
10 0 2
10 1 3
10 5 4
10 6 19
10 7 17
11 5 15
11 8 3
12 0 17
12 2 18
12 3 14
12 4 4
12 5 14
12 6 6
12 7 9
12 8 11
13 0 3
13 2 11
13 3 3
13 4 5
13 5 3
13 6 12
13 7 20
13 8 8
13 10 1
13 12 13
14 4 9
14 5 12
14 6 18
14 7 6
14 9 11
14 10 10
14 11 18
15 0 19
15 3 1
15 4 6
15 7 19
15 8 16
15 9 2
15 10 7
15 11 6
16 0 11
16 1 8
16 2 17
16 3 12
16 5 7
16 7 5
16 8 20
16 11 17
16 15 6
17 1 4
17 3 16
17 6 2
17 7 16
17 8 17
17 9 10
17 13 13
17 15 5
17 16 11
18 5 13
18 6 6
18 7 6
18 8 15
18 9 1
18 12 19
18 13 8
18 16 16
19 0 8
19 2 2
19 4 14
19 6 10
19 8 19
19 13 2
19 14 13
19 18 11
20 3 4
20 4 8
20 8 3
20 12 1
20 13 19
20 15 20
20 17 13
20 19 1
21 1 1
21 4 15
21 6 16
21 7 17
21 10 8
21 11 4
21 12 17
21 16 7
21 18 15
21 19 15
22 1 11
22 2 7
22 3 14
22 4 16
22 5 2
22 7 15
22 10 13
22 14 7
22 16 10
22 20 13
23 0 17
23 1 9
23 3 9
23 6 19
23 8 1
23 9 5
23 11 19
23 12 9
23 13 15
23 14 7
23 16 6
23 17 4
23 18 1
23 21 14
24 0 15
24 2 4
24 4 12
24 5 20
24 10 8
24 12 18
24 13 5
24 14 6
24 15 18
24 16 18
24 18 12
24 19 6
24 21 13
25 1 12
25 3 12
25 4 14
25 10 13
25 11 3
25 15 10
25 16 10
25 18 16
25 19 11
25 21 15
25 23 6
25 24 5
26 0 8
26 2 13
26 3 5
26 5 10
26 19 1
26 20 12
26 21 6
26 22 12
26 23 17
27 0 1
27 6 10
27 7 3
27 8 12
27 9 6
27 12 16
27 13 19
27 18 4
27 19 20
27 20 10
27 21 8
27 24 20
27 25 1
27 26 18
28 0 15
28 1 15
28 3 13
28 4 9
28 10 7
28 13 1
28 14 16
28 16 1
28 17 9
28 18 15
28 19 13
28 21 15
28 23 9
28 27 7
29 0 1
29 2 16
29 4 12
29 5 4
29 6 16
29 10 19
29 11 20
29 12 5
29 13 8
29 14 19
29 18 1
29 19 6
29 20 3
29 24 1
29 26 2
29 27 11
29 28 16
30 1 17
30 3 7
30 6 5
30 7 19
30 8 5
30 12 4
30 14 18
30 15 11
30 18 5
30 22 4
30 23 5
30 28 18
31 1 15
31 3 20
31 6 20
31 10 1
31 11 7
31 12 7
31 13 8
31 18 12
31 19 15
31 21 18
31 25 20
31 27 8
31 28 19
31 30 20
32 1 3
32 3 17
32 4 16
32 6 8
32 7 14
32 8 18
32 9 10
32 10 13
32 11 16
32 12 5
32 13 10
32 16 17
32 17 3
32 18 18
32 20 12
32 24 13
32 27 18
32 30 1
33 2 17
33 7 9
33 8 6
33 10 8
33 11 2
33 12 1
33 14 7
33 15 14
33 17 8
33 18 8
33 19 11
33 21 16
33 25 12
33 27 4
33 32 4
34 0 6
34 1 20
34 2 18
34 4 14
34 8 18
34 9 1
34 10 11
34 11 20
34 13 10
34 16 14
34 18 10
34 22 4
34 23 8
34 26 9
34 27 9
34 28 9
34 29 3
34 32 2
34 33 7
35 0 19
35 1 6
35 2 1
35 5 5
35 6 11
35 9 3
35 11 17
35 12 5
35 13 15
35 15 10
35 16 1
35 19 14
35 20 18
35 21 6
35 22 13
35 25 17
35 29 17
35 33 7
35 34 11
36 1 13
36 2 8
36 3 8
36 4 11
36 7 5
36 8 4
36 9 6
36 11 3
36 12 19
36 16 13
36 17 18
36 20 19
36 22 13
36 31 14
36 34 6
37 0 17
37 1 12
37 2 17
37 3 1
37 10 18
37 11 1
37 13 6
37 15 4
37 16 4
37 17 12
37 18 4
37 19 1
37 20 8
37 21 15
37 22 19
37 23 11
37 24 9
37 27 7
37 31 12
37 33 15
37 34 1
37 36 5
38 0 17
38 1 11
38 2 2
38 3 15
38 5 17
38 6 13
38 7 4
38 8 7
38 9 20
38 10 15
38 12 12
38 13 2
38 14 20
38 17 16
38 18 16
38 20 4
38 21 20
38 22 6
38 24 9
38 25 10
38 26 9
38 27 10
38 28 9
38 30 9
38 31 12
38 32 3
38 33 12
38 35 15
38 36 17
38 37 5
39 1 18
39 3 18
39 4 2
39 5 12
39 8 16
39 10 9
39 13 4
39 14 13
39 15 12
39 16 4
39 18 5
39 20 3
39 21 18
39 24 8
39 27 19
39 28 7
39 30 17
39 33 2
39 35 19
39 37 4
39 38 14
40 1 9
40 3 12
40 4 6
40 6 15
40 7 18
40 9 1
40 11 20
40 13 1
40 15 7
40 19 19
40 20 2
40 21 2
40 22 1
40 23 7
40 25 2
40 27 15
40 28 17
40 31 5
40 32 13
40 33 2
40 34 12
40 35 20
40 36 10
41 2 15
41 3 11
41 5 19
41 7 14
41 8 11
41 9 12
41 10 17
41 14 6
41 16 1
41 20 18
41 21 10
41 23 3
41 24 2
41 25 18
41 26 19
41 27 16
41 30 20
41 31 9
41 33 12
41 34 10
41 37 14
41 38 11
41 39 1
41 40 1
42 0 9
42 2 20
42 3 16
42 6 12
42 8 7
42 10 6
42 11 10
42 12 10
42 13 8
42 14 7
42 15 9
42 17 6
42 20 4
42 21 11
42 22 8
42 23 4
42 25 7
42 27 10
42 29 20
42 30 15
42 31 11
42 32 16
42 33 19
42 34 11
42 35 12
42 37 9
42 38 9
42 39 14
42 40 16
43 0 18
43 5 9
43 6 2
43 7 15
43 10 13
43 11 2
43 12 7
43 13 6
43 14 3
43 15 19
43 16 15
43 17 8
43 21 4
43 22 12
43 23 11
43 26 6
43 28 16
43 29 7
43 30 9
43 33 13
43 38 20
43 40 15
44 1 13
44 2 20
44 4 1
44 5 2
44 6 12
44 7 11
44 9 12
44 11 2
44 12 12
44 21 15
44 24 2
44 26 19
44 27 14
44 32 18
44 36 5
44 39 10
44 43 4
45 1 8
45 2 4
45 3 17
45 4 11
45 6 2
45 8 5
45 10 18
45 14 6
45 18 10
45 19 3
45 21 11
45 27 10
45 29 9
45 30 11
45 34 18
45 37 11
45 38 19
45 39 3
45 42 19
45 44 14
46 0 7
46 1 13
46 2 16
46 9 3
46 10 13
46 13 16
46 14 15
46 15 19
46 17 3
46 18 6
46 21 7
46 24 13
46 25 17
46 26 5
46 28 7
46 31 7
46 33 8
46 36 18
46 39 14
46 40 8
46 43 19
46 44 4
47 2 7
47 5 2
47 6 15
47 13 2
47 14 3
47 15 13
47 17 5
47 19 15
47 20 2
47 24 11
47 25 6
47 29 7
47 30 2
47 32 4
47 35 17
47 36 19
47 37 9
47 38 16
47 39 12
47 46 1
48 0 6
48 1 18
48 3 19
48 8 14
48 9 17
48 15 2
48 20 8
48 21 20
48 24 2
48 26 18
48 27 17
48 28 2
48 29 5
48 30 17
48 32 17
48 33 15
48 35 17
48 37 9
48 39 14
48 40 2
48 41 13
48 43 5
48 45 12
48 47 9
49 0 2
49 1 5
49 4 4
49 8 7
49 9 9
49 10 15
49 11 14
49 15 5
49 16 3
49 19 4
49 22 9
49 23 16
49 24 16
49 26 3
49 30 4
49 32 20
49 34 5
49 35 20
49 36 5
49 39 16
49 40 4
49 42 18
49 44 10
49 47 7
50 1 12
50 2 5
50 3 14
50 4 15
50 8 4
50 9 10
50 11 14
50 12 15
50 13 18
50 15 14
50 16 1
50 17 1
50 18 15
50 21 2
50 22 16
50 25 16
50 26 4
50 32 11
50 33 3
50 34 2
50 36 7
50 38 18
50 39 7
50 41 10
50 43 15
50 45 19
50 46 6
50 48 3
51 0 18
51 2 2
51 3 13
51 4 13
51 6 9
51 10 4
51 13 14
51 15 20
51 16 7
51 18 19
51 22 20
51 23 12
51 24 8
51 26 10
51 27 3
51 28 17
51 29 5
51 32 18
51 33 18
51 34 7
51 35 18
51 37 6
51 38 16
51 39 20
51 42 20
51 43 5
51 46 12
51 47 3
51 50 19
52 2 18
52 4 4
52 6 16
52 7 5
52 8 18
52 10 7
52 11 16
52 13 10
52 17 5
52 21 1
52 22 4
52 24 16
52 28 20
52 31 14
52 34 11
52 36 2
52 42 5
52 43 20
52 50 5
53 1 5
53 2 16
53 6 10
53 7 13
53 9 16
53 10 20
53 14 6
53 15 14
53 16 18
53 17 13
53 21 19
53 24 2
53 25 10
53 28 1
53 37 8
53 38 5
53 44 5
53 49 10
53 51 4
54 1 7
54 4 1
54 6 10
54 8 6
54 12 9
54 13 14
54 16 17
54 22 2
54 28 5
54 29 18
54 30 13
54 36 12
54 37 4
54 38 11
54 40 17
54 41 13
54 45 10
54 46 7
54 47 8
54 48 16
54 51 13
54 52 3
55 0 6
55 1 4
55 5 4
55 6 7
55 8 1
55 11 12
55 12 19
55 14 9
55 16 7
55 19 8
55 21 11
55 22 9
55 23 2
55 24 20
55 26 4
55 27 11
55 28 7
55 29 18
55 31 4
55 32 3
55 33 2
55 37 4
55 38 4
55 40 5
55 42 7
55 44 7
55 47 1
55 48 10
55 51 7
56 1 5
56 2 18
56 4 11
56 8 6
56 12 12
56 13 20
56 14 6
56 15 11
56 16 19
56 18 2
56 19 3
56 20 3
56 22 18
56 23 19
56 24 17
56 25 18
56 26 6
56 27 15
56 30 13
56 32 6
56 33 6
56 34 20
56 37 19
56 39 14
56 40 3
56 43 16
56 45 9
56 48 19
56 49 6
56 54 17
56 55 3
57 0 19
57 1 19
57 2 3
57 3 3
57 5 8
57 7 9
57 9 15
57 16 12
57 18 10
57 19 4
57 20 8
57 21 18
57 22 19
57 25 13
57 28 13
57 29 9
57 31 13
57 33 13
57 35 10
57 36 1
57 43 3
57 49 18
57 50 1
57 53 8
57 55 3
57 56 3
58 2 18
58 5 1
58 6 4
58 8 12
58 12 2
58 13 5
58 14 19
58 15 19
58 18 19
58 19 13
58 20 18
58 23 7
58 24 6
58 27 5
58 31 17
58 34 18
58 36 3
58 37 11
58 44 10
58 46 19
58 47 9
58 48 5
58 50 15
58 51 20
58 53 8
58 54 5
58 56 13
58 57 15
59 0 6
59 2 8
59 3 3
59 4 3
59 6 18
59 7 17
59 8 1
59 13 2
59 15 12
59 16 13
59 19 12
59 21 5
59 24 4
59 25 17
59 27 9
59 29 14
59 31 2
59 33 17
59 38 15
59 40 6
59 41 1
59 44 8
59 49 1
59 50 1
59 52 6
59 55 6
59 57 14
59 58 6
60 0 6
60 1 7
60 3 5
60 4 3
60 5 4
60 6 9
60 7 11
60 8 12
60 10 19
60 11 14
60 13 3
60 16 18
60 21 18
60 22 18
60 23 20
60 24 20
60 26 20
60 29 18
60 30 11
60 31 6
60 33 13
60 34 12
60 36 9
60 37 4
60 43 4
60 44 12
60 45 15
60 47 11
60 49 18
60 50 12
60 51 4
60 53 13
60 54 16
60 57 8
60 58 4
61 5 18
61 6 3
61 7 19
61 9 10
61 12 20
61 13 5
61 14 6
61 15 19
61 16 16
61 17 16
61 18 16
61 19 12
61 23 4
61 25 11
61 26 15
61 27 6
61 30 6
61 34 20
61 35 20
61 37 8
61 38 17
61 39 9
61 42 2
61 43 13
61 52 13
61 53 1
61 55 15
61 56 18
61 58 16
62 0 5
62 1 7
62 3 11
62 4 16
62 5 16
62 6 9
62 7 13
62 11 15
62 12 4
62 13 3
62 14 17
62 17 13
62 24 14
62 26 3
62 27 4
62 28 11
62 29 1
62 30 5
62 33 6
62 34 5
62 36 1
62 38 15
62 40 9
62 41 16
62 43 8
62 45 7
62 47 15
62 50 7
62 53 20
62 55 18
62 58 14
62 59 3
62 60 2
62 61 10
63 4 20
63 7 4
63 8 14
63 10 15
63 11 1
63 12 6
63 14 3
63 15 7
63 16 15
63 18 18
63 22 3
63 25 7
63 26 1
63 29 17
63 31 12
63 32 13
63 35 18
63 38 20
63 40 9
63 43 18
63 44 10
63 45 20
63 49 10
63 50 8
63 52 9
63 53 15
63 55 16
63 58 4
63 60 19
63 61 6
63 62 15
64 0 13
64 1 4
64 2 10
64 4 12
64 5 16
64 6 9
64 9 19
64 10 10
64 12 6
64 16 10
64 19 17
64 21 3
64 22 15
64 24 5
64 30 4
64 32 2
64 33 16
64 38 5
64 39 20
64 40 10
64 43 9
64 45 5
64 47 7
64 49 6
64 51 20
64 52 15
64 54 17
64 55 5
64 56 11
64 57 20
64 58 9
64 59 1
64 61 8
64 63 11
65 6 18
65 9 2
65 11 2
65 12 15
65 13 3
65 14 6
65 15 7
65 18 2
65 20 19
65 22 20
65 24 19
65 32 8
65 34 9
65 35 13
65 36 6
65 40 16
65 41 20
65 46 13
65 48 19
65 50 7
65 51 7
65 52 8
65 55 14
65 56 5
65 58 19
65 61 4
65 63 9
66 1 20
66 3 17
66 6 5
66 15 9
66 16 17
66 17 17
66 18 8
66 21 16
66 22 17
66 23 3
66 25 11
66 26 11
66 27 7
66 28 9
66 29 3
66 31 20
66 32 11
66 34 3
66 36 8
66 37 10
66 38 5
66 39 14
66 41 14
66 43 14
66 44 6
66 45 19
66 46 20
66 47 19
66 48 4
66 51 19
66 53 12
66 54 5
66 55 9
66 58 10
66 60 2
66 61 1
66 64 7
66 65 4
67 0 17
67 1 13
67 3 8
67 4 17
67 7 13
67 8 14
67 9 10
67 11 11
67 12 19
67 14 18
67 18 8
67 21 10
67 22 19
67 25 4
67 31 20
67 32 6
67 33 8
67 34 3
67 35 7
67 37 3
67 40 11
67 42 13
67 44 2
67 46 2
67 47 17
67 51 14
67 55 5
67 58 16
67 59 3
67 61 15
67 63 10
67 64 1
67 65 7
67 66 14
68 1 10
68 2 3
68 9 4
68 10 8
68 14 8
68 21 5
68 22 11
68 24 10
68 27 13
68 29 2
68 32 17
68 34 5
68 35 19
68 37 10
68 40 7
68 41 1
68 42 5
68 43 5
68 45 20
68 47 15
68 51 12
68 56 2
68 59 13
68 60 15
68 62 3
68 66 8
69 1 14
69 4 9
69 5 13
69 9 19
69 10 9
69 12 3
69 19 10
69 22 10
69 23 11
69 24 12
69 28 5
69 29 18
69 33 20
69 36 11
69 37 10
69 39 18
69 40 20
69 41 18
69 47 11
69 48 19
69 50 16
69 51 11
69 52 5
69 56 20
69 59 4
69 61 6
69 64 18
69 65 12
69 67 7
69 68 20
