70
2 1 14
3 0 16
4 0 19
4 2 9
5 0 32
5 3 23
6 0 39
6 1 2
6 2 26
6 3 17
6 4 8
6 5 8
7 0 39
7 4 20
7 5 24
7 6 32
8 0 1
8 1 12
8 3 3
8 7 32
9 2 22
9 3 9
9 4 15
9 5 4
9 8 12
10 0 10
10 1 5
10 2 9
10 3 14
10 5 16
11 1 31
11 2 22
11 4 40
11 5 7
11 8 9
12 1 37
12 4 17
12 9 3
12 11 32
13 1 28
13 5 14
13 7 28
13 12 3
14 1 7
14 3 4
14 5 29
14 9 34
14 10 7
14 11 14
15 0 24
15 2 31
15 13 14
15 14 6
16 1 39
16 5 33
16 6 18
16 7 31
16 8 15
16 9 9
16 12 17
16 15 1
17 0 20
17 1 21
17 7 18
17 8 10
17 11 23
18 0 1
18 1 33
18 2 2
18 3 22
18 4 5
18 6 13
18 8 13
18 9 30
18 10 8
18 11 35
18 13 35
18 15 12
18 17 31
19 0 30
19 1 14
19 2 12
19 5 36
19 6 15
19 7 30
19 11 32
19 18 35
20 2 6
20 4 27
20 10 3
20 12 27
20 15 18
20 16 15
20 17 26
20 18 30
20 19 30
21 0 10
21 1 26
21 5 31
21 9 31
21 11 10
21 12 7
21 14 12
21 17 7
21 19 10
22 0 9
22 1 25
22 3 38
22 6 16
22 7 22
22 8 15
22 11 1
22 12 8
22 13 39
22 15 38
22 18 31
22 20 27
23 2 35
23 4 6
23 5 7
23 6 37
23 9 33
23 10 21
23 13 13
23 14 34
23 16 30
23 17 34
23 19 40
23 20 15
23 22 39
24 0 28
24 4 14
24 5 32
24 8 9
24 10 11
24 12 4
24 14 6
24 16 7
24 17 29
25 0 2
25 2 12
25 6 40
25 7 28
25 8 17
25 9 33
25 11 38
25 12 1
25 13 7
25 16 16
25 17 28
25 19 6
25 21 22
26 3 30
26 6 15
26 10 31
26 11 9
26 12 13
26 13 15
26 14 19
26 15 12
26 16 38
26 17 32
26 19 3
26 24 3
26 25 32
27 3 21
27 6 28
27 7 5
27 8 10
27 9 7
27 12 25
27 13 35
27 14 22
27 15 11
27 17 34
27 20 39
27 22 20
27 26 35
28 0 37
28 3 26
28 4 13
28 6 35
28 7 37
28 8 16
28 11 23
28 12 19
28 13 7
28 14 13
28 15 24
28 17 36
28 21 29
28 27 25
29 1 22
29 2 15
29 3 37
29 4 9
29 5 36
29 7 17
29 8 25
29 9 3
29 11 14
29 12 18
29 16 27
29 17 20
29 19 6
29 24 11
29 28 13
30 0 37
30 4 28
30 6 30
30 7 18
30 9 17
30 12 2
30 13 27
30 14 36
30 15 4
30 18 17
30 20 12
30 21 4
30 22 5
30 27 9
30 28 5
30 29 2
31 0 40
31 6 10
31 7 10
31 8 25
31 11 25
31 13 22
31 14 13
31 16 40
31 17 6
31 18 3
31 19 33
31 21 28
31 27 14
31 29 31
31 30 4
32 0 5
32 1 7
32 2 20
32 3 15
32 5 35
32 9 16
32 10 2
32 13 14
32 17 15
32 18 22
32 21 35
32 22 39
32 23 17
32 24 28
32 26 17
32 29 19
32 30 11
32 31 39
33 0 10
33 3 21
33 5 31
33 7 17
33 9 4
33 10 1
33 11 21
33 15 9
33 16 9
33 17 35
33 18 31
33 21 26
33 26 15
33 27 5
33 28 39
33 29 15
34 0 35
34 1 15
34 11 10
34 13 7
34 15 3
34 17 9
34 21 32
34 23 37
34 24 26
34 25 26
34 30 18
34 32 3
35 1 30
35 2 23
35 3 8
35 4 20
35 9 20
35 11 39
35 12 18
35 14 36
35 17 36
35 18 20
35 19 2
35 20 24
35 22 17
35 23 24
35 24 30
35 25 24
35 26 20
35 28 39
35 29 30
35 30 37
35 32 1
35 33 9
36 0 25
36 3 36
36 4 13
36 6 36
36 9 33
36 10 36
36 12 6
36 15 33
36 16 15
36 18 27
36 23 34
36 24 2
36 27 35
36 31 25
36 32 39
36 33 29
36 34 14
37 1 6
37 4 6
37 5 16
37 6 10
37 8 13
37 9 13
37 13 12
37 15 30
37 17 40
37 20 13
37 21 39
37 23 16
37 29 25
37 32 19
37 34 27
37 35 5
37 36 30
38 1 12
38 2 38
38 8 6
38 9 36
38 12 24
38 13 22
38 16 17
38 17 11
38 19 8
38 21 40
38 22 38
38 23 1
38 25 35
38 26 34
38 27 18
38 28 10
38 29 19
38 30 6
38 33 19
38 34 34
38 36 33
39 2 21
39 4 15
39 7 39
39 14 28
39 15 35
39 21 15
39 22 33
39 23 21
39 25 22
39 26 15
39 29 26
39 32 30
39 38 34
40 0 4
40 1 5
40 5 31
40 7 9
40 8 3
40 9 13
40 10 33
40 11 40
40 12 32
40 13 10
40 15 20
40 16 23
40 17 15
40 18 34
40 21 25
40 26 9
40 28 2
40 32 6
40 37 32
41 2 14
41 3 7
41 6 39
41 7 37
41 8 31
41 9 20
41 10 2
41 13 4
41 14 27
41 19 22
41 20 12
41 21 15
41 26 40
41 28 39
41 30 10
41 31 13
41 32 8
41 34 5
41 35 31
41 36 6
41 37 23
41 38 36
41 40 27
42 0 9
42 2 39
42 4 21
42 7 15
42 8 36
42 9 1
42 10 22
42 11 26
42 12 7
42 15 38
42 16 13
42 18 25
42 19 30
42 23 39
42 24 17
42 27 9
42 28 37
42 29 30
42 30 27
42 32 13
42 33 27
42 34 34
42 35 11
42 36 12
42 37 30
42 38 10
42 40 22
43 1 2
43 2 11
43 3 34
43 4 37
43 5 19
43 6 4
43 7 7
43 8 27
43 11 3
43 13 17
43 14 28
43 15 23
43 18 11
43 20 13
43 21 35
43 22 40
43 23 23
43 25 27
43 26 39
43 28 7
43 31 27
43 36 9
43 37 14
43 38 24
43 39 27
43 40 7
43 41 4
43 42 16
44 0 35
44 2 15
44 5 36
44 6 36
44 7 26
44 13 2
44 15 24
44 17 23
44 18 22
44 20 20
44 23 25
44 25 13
44 33 15
44 39 39
44 41 30
44 42 4
44 43 37
45 1 7
45 2 1
45 3 10
45 4 5
45 6 13
45 7 7
45 9 29
45 10 20
45 11 28
45 12 7
45 13 12
45 15 2
45 18 40
45 21 24
45 24 27
45 25 37
45 26 33
45 28 17
45 31 5
45 33 15
45 34 34
45 39 37
45 40 40
45 41 17
45 42 31
45 43 2
45 44 11
46 0 16
46 1 30
46 3 16
46 5 2
46 6 25
46 8 9
46 9 4
46 12 28
46 13 27
46 15 2
46 18 26
46 24 18
46 28 35
46 29 26
46 30 36
46 31 18
46 33 10
46 36 33
46 38 22
46 39 34
46 42 35
46 43 21
46 44 8
47 0 11
47 1 35
47 4 32
47 5 16
47 9 21
47 10 7
47 11 23
47 13 13
47 14 31
47 16 26
47 18 5
47 22 36
47 23 30
47 24 14
47 25 26
47 26 14
47 30 22
47 32 17
47 42 25
47 43 22
48 6 28
48 9 34
48 13 19
48 14 23
48 21 35
48 25 37
48 28 34
48 32 39
48 34 31
48 35 9
48 39 12
48 40 1
48 43 21
48 47 13
49 0 38
49 5 34
49 6 18
49 7 33
49 8 29
49 9 40
49 10 34
49 11 4
49 12 15
49 20 12
49 22 26
49 26 14
49 27 28
49 29 7
49 38 16
49 39 34
49 41 12
49 42 4
49 46 3
49 47 35
49 48 25
50 4 3
50 7 35
50 11 36
50 12 21
50 13 39
50 14 35
50 18 16
50 19 20
50 21 19
50 23 1
50 24 23
50 25 5
50 26 17
50 30 5
50 36 6
50 37 4
50 38 21
50 39 11
50 43 11
50 46 14
50 48 17
50 49 12
51 2 39
51 3 4
51 8 17
51 9 38
51 10 31
51 12 1
51 16 32
51 18 32
51 23 16
51 28 32
51 29 3
51 32 35
51 35 15
51 36 28
51 37 31
51 40 8
51 41 10
51 42 40
51 43 18
51 45 3
52 0 35
52 1 3
52 2 20
52 3 4
52 4 15
52 5 37
52 7 24
52 12 34
52 15 26
52 17 12
52 19 26
52 20 23
52 23 40
52 25 37
52 27 5
52 29 29
52 32 32
52 33 18
52 35 38
52 39 23
52 40 35
52 41 31
52 42 4
52 44 17
52 45 20
52 48 2
52 49 14
52 50 36
52 51 29
53 0 34
53 1 14
53 2 13
53 3 15
53 9 10
53 10 37
53 11 21
53 18 18
53 21 24
53 26 9
53 27 5
53 29 8
53 30 29
53 31 17
53 33 16
53 35 1
53 39 17
53 41 4
53 44 36
53 46 3
54 0 13
54 2 21
54 3 2
54 4 40
54 5 6
54 6 5
54 9 36
54 10 1
54 14 30
54 15 17
54 19 36
54 20 35
54 22 14
54 26 32
54 27 32
54 28 13
54 29 29
54 33 5
54 34 6
54 36 1
54 38 35
54 39 21
54 40 15
54 43 36
54 44 8
54 45 12
54 48 34
54 50 8
54 51 18
54 52 20
54 53 40
55 7 20
55 9 7
55 10 30
55 11 24
55 13 7
55 14 11
55 15 21
55 17 4
55 21 8
55 22 8
55 23 9
55 24 31
55 26 28
55 28 17
55 33 14
55 36 27
55 40 7
55 41 26
55 42 10
55 43 9
55 44 6
55 45 11
55 47 13
55 49 35
55 51 19
55 54 36
56 0 30
56 2 21
56 7 16
56 9 27
56 14 25
56 15 14
56 17 33
56 18 20
56 21 36
56 23 1
56 25 39
56 26 14
56 28 36
56 30 16
56 31 32
56 33 25
56 36 3
56 37 22
56 39 7
56 40 17
56 43 4
56 45 1
56 47 38
56 48 34
56 52 22
56 53 11
56 55 7
57 0 25
57 3 34
57 6 19
57 7 39
57 10 35
57 11 35
57 12 36
57 15 28
57 16 6
57 18 1
57 20 14
57 22 14
57 23 1
57 24 15
57 27 10
57 30 27
57 32 16
57 33 17
57 36 14
57 38 11
57 40 7
57 41 9
57 42 33
57 44 27
57 45 4
57 46 21
57 47 37
57 51 7
57 53 25
57 54 40
57 56 29
58 0 22
58 2 30
58 3 13
58 4 17
58 6 29
58 8 35
58 13 9
58 14 4
58 16 28
58 17 2
58 18 24
58 20 13
58 21 4
58 22 34
58 23 21
58 24 15
58 25 25
58 26 24
58 28 2
58 30 10
58 31 37
58 33 36
58 39 1
58 40 1
58 44 2
58 47 8
58 49 12
58 53 17
58 57 29
59 0 26
59 1 19
59 3 5
59 5 17
59 7 19
59 8 32
59 9 24
59 12 21
59 14 40
59 16 31
59 17 30
59 19 4
59 23 3
59 24 6
59 27 39
59 30 9
59 32 40
59 33 30
59 34 21
59 35 7
59 37 23
59 39 26
59 42 36
59 44 31
59 45 38
59 48 32
59 52 14
59 57 31
60 0 33
60 2 32
60 3 22
60 6 2
60 7 2
60 9 7
60 10 25
60 11 1
60 13 32
60 15 7
60 16 6
60 17 7
60 20 32
60 21 26
60 23 31
60 29 16
60 30 5
60 32 29
60 33 30
60 34 30
60 35 28
60 36 11
60 37 19
60 39 10
60 42 17
60 44 19
60 45 6
60 46 2
60 47 11
60 48 1
60 50 18
60 51 26
60 56 34
60 57 36
60 59 12
61 0 15
61 3 28
61 4 34
61 6 7
61 8 32
61 11 18
61 12 15
61 14 3
61 16 15
61 17 15
61 19 28
61 20 23
61 21 1
61 23 8
61 29 25
61 30 34
61 31 12
61 35 8
61 36 14
61 37 24
61 38 2
61 39 22
61 40 28
61 44 3
61 49 2
61 51 15
61 54 27
61 57 22
61 58 12
62 0 21
62 1 28
62 4 22
62 6 1
62 10 1
62 12 28
62 14 11
62 16 7
62 17 22
62 20 4
62 21 24
62 23 6
62 24 22
62 28 1
62 32 21
62 33 2
62 37 12
62 39 27
62 41 40
62 47 33
62 52 40
62 53 39
62 54 37
62 57 38
63 0 16
63 1 19
63 3 23
63 7 27
63 8 13
63 9 4
63 11 1
63 12 33
63 13 20
63 14 13
63 19 20
63 20 40
63 22 1
63 24 16
63 25 6
63 28 29
63 29 15
63 32 18
63 35 16
63 36 38
63 44 15
63 48 16
63 50 34
63 52 11
63 53 6
63 54 20
63 55 34
63 56 4
63 57 27
63 60 7
63 62 36
64 1 31
64 2 18
64 3 20
64 10 32
64 11 38
64 14 2
64 16 35
64 18 17
64 24 39
64 25 7
64 26 36
64 27 6
64 28 8
64 30 10
64 31 21
64 32 14
64 35 27
64 36 3
64 39 22
64 41 9
64 43 40
64 45 3
64 47 27
64 48 5
64 50 19
64 55 31
64 56 10
64 59 22
64 60 37
64 61 8
64 62 24
65 1 22
65 2 30
65 6 12
65 7 35
65 8 29
65 10 5
65 12 34
65 13 13
65 15 38
65 16 24
65 20 15
65 21 38
65 22 33
65 23 38
65 24 29
65 26 7
65 29 27
65 30 40
65 31 20
65 32 34
65 34 17
65 36 13
65 37 34
65 38 32
65 39 40
65 41 39
65 43 21
65 50 2
65 51 7
65 56 23
65 57 11
65 58 6
65 59 20
65 60 34
65 61 21
65 62 31
65 64 24
66 2 14
66 3 2
66 5 10
66 8 23
66 11 17
66 12 38
66 14 4
66 15 8
66 18 22
66 19 29
66 21 32
66 22 16
66 23 30
66 27 34
66 28 21
66 29 11
66 31 6
66 33 21
66 35 9
66 36 6
66 37 30
66 38 34
66 39 30
66 43 6
66 44 13
66 47 13
66 49 40
66 50 32
66 51 33
66 52 12
66 53 33
66 54 9
66 60 27
66 63 28
66 64 21
66 65 35
67 1 31
67 3 8
67 6 6
67 7 17
67 12 25
67 13 25
67 16 29
67 18 11
67 19 17
67 23 28
67 27 37
67 32 15
67 35 17
67 36 9
67 38 5
67 40 33
67 45 4
67 46 24
67 49 20
67 51 20
67 52 3
67 53 6
67 54 34
67 56 35
67 57 21
67 58 29
67 60 27
67 61 18
67 63 33
67 65 3
68 4 11
68 5 39
68 10 16
68 12 38
68 13 23
68 14 15
68 16 35
68 19 29
68 21 30
68 22 27
68 23 10
68 24 19
68 25 36
68 26 9
68 27 19
68 31 36
68 32 24
68 33 2
68 34 32
68 35 24
68 36 8
68 38 17
68 42 5
68 46 36
68 48 25
68 50 2
68 54 29
68 55 15
68 58 17
68 60 19
68 62 35
68 64 35
69 2 20
69 6 9
69 7 10
69 9 37
69 10 25
69 12 26
69 16 32
69 18 35
69 20 29
69 21 17
69 27 22
69 28 20
69 30 22
69 31 38
69 32 33
69 33 21
69 34 38
69 36 31
69 40 39
69 41 34
69 43 23
69 44 27
69 45 12
69 48 10
69 49 16
69 57 5
69 60 38
69 61 15
69 64 30
69 66 28
