60
3 0 44
3 1 52
4 0 8
4 1 21
4 2 34
5 1 57
5 2 59
5 3 54
6 0 53
6 2 1
6 3 11
7 1 20
7 2 27
7 4 8
8 0 37
8 1 52
8 3 46
8 5 5
8 6 40
8 7 29
9 1 35
9 2 56
9 5 2
10 0 49
10 2 25
10 4 48
10 7 57
10 8 47
10 9 42
11 0 51
11 2 25
11 4 24
11 5 34
11 6 26
11 7 3
11 8 59
11 10 59
12 1 28
12 3 20
12 4 11
12 6 12
12 8 35
12 9 36
13 1 55
13 2 47
13 3 23
13 4 53
13 6 19
13 7 28
13 8 54
13 9 41
13 10 45
14 0 33
14 2 10
14 4 21
14 5 14
14 7 46
14 8 32
14 10 33
15 2 9
15 3 48
15 4 27
15 7 27
15 9 56
15 10 51
15 12 51
15 14 60
16 5 19
16 7 15
16 8 45
16 10 39
16 11 51
16 15 19
17 1 52
17 2 16
17 5 28
17 7 40
17 8 2
17 12 33
17 13 29
17 15 13
18 0 54
18 1 4
18 5 15
18 6 47
18 7 31
18 8 16
18 10 55
18 11 56
18 13 23
18 17 59
19 0 4
19 1 4
19 4 43
19 5 47
19 7 36
19 13 33
19 16 55
19 17 22
19 18 52
20 0 29
20 3 51
20 4 3
20 6 2
20 14 17
20 15 2
20 16 30
20 17 42
20 19 10
21 0 8
21 6 53
21 7 9
21 9 49
21 10 1
21 11 47
21 13 11
21 18 13
21 19 22
22 2 13
22 3 31
22 5 1
22 10 4
22 12 14
22 14 1
22 15 18
22 16 51
22 17 49
22 18 47
22 19 1
22 20 1
22 21 40
23 2 35
23 7 12
23 10 39
23 12 8
23 13 7
23 16 31
23 17 54
23 18 45
23 20 41
23 21 55
23 22 60
24 0 2
24 1 14
24 6 7
24 7 53
24 9 41
24 10 26
24 12 50
24 14 25
24 15 44
24 16 30
24 19 27
25 1 37
25 2 34
25 3 18
25 6 18
25 7 6
25 10 38
25 11 4
25 12 57
25 13 56
25 15 4
25 17 51
25 18 59
25 19 13
25 20 42
25 21 3
25 23 53
25 24 19
26 4 30
26 5 20
26 6 56
26 7 15
26 8 40
26 9 24
26 11 27
26 12 40
26 13 25
26 14 56
26 15 4
26 19 19
26 20 22
26 24 51
26 25 17
27 0 60
27 1 10
27 2 16
27 4 49
27 6 44
27 7 55
27 8 9
27 12 11
27 15 43
27 16 8
27 17 52
27 19 51
27 21 47
27 22 17
27 26 10
28 0 52
28 1 40
28 3 22
28 4 16
28 9 38
28 10 27
28 11 22
28 12 55
28 15 42
28 16 40
28 17 40
28 20 10
28 21 52
28 24 13
28 26 29
29 3 44
29 4 6
29 5 50
29 6 51
29 8 33
29 11 29
29 12 12
29 17 1
29 18 6
29 20 56
29 21 41
29 22 43
29 23 44
29 24 3
29 25 49
29 27 6
29 28 57
30 1 9
30 2 6
30 3 46
30 4 4
30 5 53
30 7 41
30 9 23
30 10 38
30 12 16
30 14 58
30 17 46
30 18 59
30 20 6
30 22 16
30 23 16
30 24 10
30 26 23
30 29 30
31 0 55
31 2 2
31 3 60
31 4 30
31 6 59
31 9 21
31 13 7
31 15 23
31 16 60
31 18 8
31 21 44
31 23 2
31 24 10
31 28 58
31 29 16
31 30 6
32 0 7
32 1 45
32 2 19
32 5 15
32 6 30
32 7 2
32 8 8
32 9 6
32 10 32
32 11 31
32 12 11
32 16 60
32 18 33
32 19 37
32 20 53
32 23 46
32 27 8
32 31 39
33 6 38
33 7 40
33 8 8
33 9 54
33 10 19
33 13 31
33 14 48
33 16 46
33 17 3
33 18 13
33 21 51
33 22 33
33 23 53
33 24 50
33 28 42
33 30 43
34 1 21
34 3 15
34 4 31
34 5 18
34 6 53
34 15 25
34 18 39
34 19 25
34 21 2
34 28 13
34 29 8
34 32 43
35 4 20
35 6 59
35 7 47
35 8 38
35 11 43
35 13 44
35 22 8
35 24 47
35 25 13
35 28 21
35 29 52
35 30 8
35 31 25
35 32 14
35 34 3
36 6 54
36 9 32
36 10 56
36 11 40
36 17 40
36 20 55
36 21 27
36 22 24
36 24 1
36 26 1
36 27 53
36 28 55
36 29 34
36 32 59
36 34 18
37 1 56
37 2 15
37 3 3
37 4 32
37 7 7
37 8 26
37 9 53
37 11 25
37 13 38
37 14 15
37 16 1
37 18 55
37 20 7
37 22 1
37 23 51
37 24 54
37 25 51
37 26 20
37 28 16
37 29 39
37 30 58
38 0 31
38 1 35
38 6 15
38 10 32
38 15 5
38 17 5
38 18 12
38 19 23
38 23 41
38 25 33
38 28 26
38 29 6
38 31 29
38 34 1
38 37 56
39 1 46
39 3 31
39 4 34
39 6 50
39 7 41
39 8 25
39 13 50
39 15 52
39 19 46
39 20 39
39 22 60
39 24 43
39 25 17
39 27 26
39 28 30
39 29 35
39 30 60
39 32 60
39 38 5
40 7 44
40 8 28
40 13 20
40 14 41
40 15 49
40 17 10
40 19 17
40 20 32
40 22 49
40 24 32
40 28 48
40 32 19
40 34 54
40 35 40
40 37 2
40 38 6
40 39 11
41 1 5
41 2 3
41 4 35
41 8 5
41 9 54
41 10 52
41 11 34
41 13 30
41 19 43
41 20 2
41 21 44
41 23 30
41 24 5
41 27 38
41 28 15
41 31 4
41 32 1
41 33 35
41 36 15
41 37 32
41 39 33
41 40 39
42 2 5
42 3 6
42 4 36
42 5 4
42 7 2
42 9 42
42 12 13
42 14 11
42 18 54
42 19 29
42 20 4
42 23 51
42 24 59
42 27 34
42 28 45
42 36 14
42 39 57
42 41 3
43 2 54
43 3 53
43 6 53
43 7 55
43 8 49
43 9 47
43 10 41
43 15 13
43 17 3
43 19 31
43 20 14
43 22 44
43 24 59
43 26 3
43 27 59
43 33 2
43 35 53
43 36 20
43 37 55
43 38 31
43 40 56
44 1 15
44 2 12
44 4 42
44 5 12
44 9 8
44 12 43
44 13 27
44 14 11
44 16 2
44 17 56
44 18 45
44 19 19
44 22 40
44 26 9
44 27 9
44 28 4
44 30 31
44 31 16
44 32 12
44 34 26
44 35 9
44 41 45
45 0 49
45 1 10
45 5 16
45 6 59
45 8 10
45 9 60
45 11 58
45 12 50
45 15 48
45 18 12
45 21 16
45 23 54
45 24 53
45 27 16
45 29 45
45 30 10
45 31 34
45 32 59
45 37 56
45 39 4
45 41 20
46 0 4
46 1 55
46 2 29
46 4 38
46 5 37
46 7 12
46 8 60
46 9 18
46 10 40
46 13 46
46 15 54
46 16 21
46 17 30
46 18 41
46 20 2
46 22 59
46 24 47
46 26 8
46 27 45
46 28 2
46 30 48
46 31 25
46 32 28
46 33 35
46 34 14
46 36 1
46 37 8
46 38 56
46 41 25
46 42 30
46 43 2
46 44 2
46 45 42
47 5 28
47 6 31
47 7 8
47 9 50
47 10 32
47 11 15
47 12 56
47 13 7
47 15 34
47 18 56
47 22 37
47 24 7
47 25 24
47 26 9
47 27 42
47 31 40
47 33 46
47 34 52
47 36 5
47 38 26
47 39 7
47 40 3
47 41 22
47 44 18
47 45 8
47 46 23
48 1 30
48 3 23
48 5 60
48 7 34
48 8 29
48 13 12
48 14 20
48 18 57
48 19 45
48 20 60
48 21 22
48 23 7
48 26 35
48 27 58
48 29 46
48 35 12
48 36 20
48 37 1
48 38 36
48 40 46
48 45 18
48 46 12
48 47 2
49 0 21
49 1 30
49 2 15
49 4 48
49 9 3
49 11 48
49 12 53
49 13 57
49 16 46
49 19 24
49 21 56
49 24 12
49 28 21
49 32 52
49 37 37
49 40 1
49 41 59
49 42 8
49 43 46
49 44 46
49 45 49
49 46 35
49 47 56
50 0 44
50 1 47
50 3 2
50 5 22
50 7 48
50 8 40
50 13 45
50 14 36
50 17 43
50 19 39
50 22 52
50 23 25
50 24 6
50 25 38
50 28 48
50 29 31
50 31 57
50 32 13
50 33 26
50 36 29
50 38 34
50 44 30
50 45 59
51 0 42
51 1 10
51 2 4
51 5 59
51 6 38
51 8 15
51 9 37
51 10 14
51 11 3
51 15 43
51 16 10
51 17 4
51 19 3
51 20 38
51 22 31
51 26 16
51 28 4
51 30 46
51 33 31
51 35 41
51 37 14
51 41 11
51 43 39
51 46 3
51 47 34
51 50 17
52 3 11
52 7 5
52 8 11
52 9 39
52 10 11
52 13 37
52 15 1
52 16 22
52 19 31
52 20 11
52 21 28
52 23 56
52 24 2
52 25 43
52 26 49
52 30 56
52 32 47
52 34 53
52 36 26
52 37 34
52 38 2
52 40 41
52 41 26
52 42 1
52 43 27
52 44 34
52 47 21
52 48 40
52 49 42
53 2 59
53 5 24
53 6 16
53 10 44
53 11 10
53 14 58
53 16 13
53 17 26
53 18 21
53 20 10
53 23 40
53 25 33
53 27 21
53 30 5
53 33 24
53 35 29
53 40 2
53 41 3
53 46 39
53 47 49
53 52 28
54 0 19
54 5 2
54 6 11
54 7 48
54 18 56
54 19 60
54 21 46
54 28 27
54 31 31
54 33 44
54 36 34
54 38 23
54 39 26
54 40 20
54 41 55
54 44 35
54 45 57
54 46 56
54 48 57
54 49 17
54 52 7
54 53 41
55 0 50
55 3 28
55 4 1
55 7 34
55 9 26
55 10 24
55 12 27
55 14 25
55 15 15
55 16 9
55 18 21
55 22 46
55 26 45
55 27 41
55 28 16
55 31 11
55 32 56
55 33 40
55 34 33
55 37 8
55 40 11
55 42 39
55 44 23
55 51 7
56 0 35
56 1 36
56 2 21
56 5 26
56 6 26
56 7 24
56 9 36
56 10 46
56 16 41
56 19 27
56 20 43
56 21 13
56 25 6
56 28 39
56 29 30
56 32 49
56 34 32
56 40 32
56 41 48
56 42 17
56 44 53
56 45 57
56 46 59
56 47 7
56 49 20
56 50 43
56 52 2
56 53 21
57 1 10
57 4 24
57 5 19
57 9 14
57 10 44
57 12 42
57 16 48
57 19 19
57 20 20
57 21 31
57 23 12
57 25 16
57 26 1
57 27 57
57 28 45
57 33 24
57 34 59
57 35 46
57 36 19
57 37 37
57 38 24
57 40 7
57 43 3
57 44 25
57 45 17
57 46 12
57 47 14
57 54 25
57 56 7
58 1 2
58 2 16
58 3 33
58 4 18
58 7 19
58 8 3
58 10 23
58 14 18
58 15 26
58 19 44
58 22 49
58 23 24
58 27 49
58 31 46
58 32 9
58 34 5
58 35 29
58 37 23
58 39 42
58 44 51
58 45 41
58 46 56
58 51 16
58 57 26
59 8 46
59 11 14
59 15 59
59 21 38
59 23 13
59 27 47
59 29 20
59 31 19
59 33 19
59 34 11
59 37 54
59 38 3
59 39 21
59 45 27
59 46 14
59 55 4
59 56 23
59 57 11
59 58 4
