50
1 0 18
2 0 19
2 1 1
3 0 5
3 1 6
3 2 14
4 0 3
4 1 1
4 2 7
4 3 7
5 0 3
5 1 4
5 2 4
5 3 7
5 4 2
6 0 11
6 1 2
6 2 1
6 3 3
6 4 15
6 5 1
7 0 16
7 1 17
7 2 4
7 3 4
7 4 7
7 5 12
7 6 9
8 0 7
8 1 9
8 2 18
8 3 2
8 4 18
8 5 17
8 6 15
8 7 12
9 0 19
9 1 1
9 2 15
9 3 4
9 4 11
9 5 17
9 6 7
9 7 10
9 8 1
10 0 7
10 1 13
10 2 7
10 3 5
10 4 20
10 5 13
10 6 2
10 7 17
10 8 14
10 9 6
11 0 3
11 1 2
11 2 6
11 3 7
11 4 14
11 5 2
11 6 18
11 7 5
11 8 11
11 9 15
11 10 12
12 0 4
12 1 7
12 2 7
12 3 18
12 4 3
12 5 7
12 6 14
12 7 19
12 8 17
12 9 3
12 10 16
12 11 17
13 0 10
13 1 17
13 2 16
13 3 1
13 4 20
13 5 2
13 6 5
13 7 17
13 8 2
13 9 18
13 10 15
13 11 2
13 12 11
14 0 1
14 1 12
14 2 7
14 3 16
14 4 19
14 5 12
14 6 19
14 7 16
14 8 5
14 9 2
14 10 20
14 11 2
14 12 13
14 13 6
15 0 14
15 1 4
15 2 10
15 3 10
15 4 1
15 5 1
15 6 3
15 7 1
15 8 6
15 9 14
15 10 13
15 11 18
15 12 11
15 13 20
15 14 4
16 0 20
16 1 2
16 2 11
16 3 9
16 4 7
16 5 19
16 6 9
16 7 15
16 8 20
16 9 19
16 10 7
16 11 3
16 12 6
16 13 5
16 14 3
16 15 13
17 0 14
17 1 6
17 2 1
17 3 2
17 4 13
17 5 19
17 6 2
17 7 11
17 8 13
17 9 5
17 10 19
17 11 5
17 12 16
17 13 7
17 14 6
17 15 19
17 16 14
18 0 3
18 1 8
18 2 1
18 3 6
18 4 11
18 5 10
18 6 12
18 7 13
18 8 3
18 9 17
18 10 6
18 11 8
18 12 20
18 13 19
18 14 1
18 15 20
18 16 17
18 17 18
19 0 6
19 1 2
19 2 12
19 3 10
19 4 6
19 5 12
19 6 5
19 7 15
19 8 14
19 9 7
19 10 11
19 11 13
19 12 15
19 13 5
19 14 20
19 15 7
19 16 5
19 17 15
19 18 10
20 0 3
20 1 11
20 2 14
20 3 4
20 4 6
20 5 14
20 6 4
20 7 11
20 8 17
20 9 13
20 10 1
20 11 8
20 12 1
20 13 13
20 14 20
20 15 12
20 16 6
20 17 12
20 18 18
20 19 13
21 0 9
21 1 2
21 2 4
21 3 11
21 4 19
21 5 4
21 6 16
21 7 12
21 8 1
21 9 7
21 10 5
21 11 15
21 12 19
21 13 12
21 14 3
21 15 20
21 16 15
21 17 10
21 18 14
21 19 10
21 20 3
22 0 4
22 1 4
22 2 8
22 3 13
22 4 1
22 5 16
22 6 8
22 7 7
22 8 11
22 9 15
22 10 12
22 11 20
22 12 11
22 13 4
22 14 4
22 15 6
22 16 8
22 17 18
22 18 13
22 19 5
22 20 1
22 21 8
23 0 8
23 1 18
23 2 19
23 3 3
23 4 6
23 5 3
23 6 11
23 7 2
23 8 2
23 9 11
23 10 10
23 11 6
23 12 8
23 13 7
23 14 12
23 15 17
23 16 16
23 17 10
23 18 20
23 19 3
23 20 1
23 21 13
23 22 8
24 0 5
24 1 7
24 2 1
24 3 4
24 4 12
24 5 20
24 6 16
24 7 9
24 8 19
24 9 1
24 10 6
24 11 12
24 12 15
24 13 1
24 14 7
24 15 13
24 16 9
24 17 17
24 18 9
24 19 17
24 20 11
24 21 1
24 22 8
24 23 11
25 0 13
25 1 7
25 2 6
25 3 6
25 4 2
25 5 11
25 6 18
25 7 16
25 8 4
25 9 2
25 10 6
25 11 17
25 12 8
25 13 18
25 14 12
25 15 19
25 16 11
25 17 6
25 18 14
25 19 13
25 20 16
25 21 15
25 22 16
25 23 19
25 24 17
26 0 14
26 1 13
26 2 13
26 3 11
26 4 18
26 5 11
26 6 1
26 7 12
26 8 13
26 9 1
26 10 14
26 11 6
26 12 5
26 13 8
26 14 17
26 15 17
26 16 8
26 17 4
26 18 2
26 19 18
26 20 12
26 21 7
26 22 4
26 23 16
26 24 19
26 25 17
27 0 14
27 1 17
27 2 1
27 3 12
27 4 11
27 5 6
27 6 11
27 7 7
27 8 12
27 9 20
27 10 9
27 11 15
27 12 7
27 13 16
27 14 20
27 15 11
27 16 10
27 17 3
27 18 14
27 19 20
27 20 6
27 21 15
27 22 6
27 23 16
27 24 19
27 25 18
27 26 12
28 0 13
28 1 19
28 2 19
28 3 13
28 4 10
28 5 6
28 6 1
28 7 17
28 8 9
28 9 14
28 10 7
28 11 13
28 12 1
28 13 4
28 14 15
28 15 17
28 16 8
28 17 6
28 18 4
28 19 11
28 20 5
28 21 14
28 22 13
28 23 19
28 24 10
28 25 16
28 26 3
28 27 6
29 0 14
29 1 15
29 2 5
29 3 2
29 4 16
29 5 20
29 6 19
29 7 4
29 8 5
29 9 5
29 10 5
29 11 20
29 12 8
29 13 4
29 14 9
29 15 20
29 16 7
29 17 20
29 18 13
29 19 20
29 20 18
29 21 14
29 22 7
29 23 14
29 24 16
29 25 9
29 26 5
29 27 2
29 28 8
30 0 7
30 1 18
30 2 19
30 3 4
30 4 16
30 5 17
30 6 12
30 7 12
30 8 20
30 9 9
30 10 18
30 11 15
30 12 4
30 13 12
30 14 11
30 15 19
30 16 2
30 17 8
30 18 15
30 19 18
30 20 8
30 21 11
30 22 8
30 23 16
30 24 16
30 25 5
30 26 15
30 27 6
30 28 4
30 29 18
31 0 15
31 1 6
31 2 13
31 3 8
31 4 3
31 5 5
31 6 13
31 7 6
31 8 18
31 9 11
31 10 13
31 11 9
31 12 1
31 13 5
31 14 17
31 15 13
31 16 3
31 17 14
31 18 14
31 19 11
31 20 12
31 21 10
31 22 10
31 23 1
31 24 20
31 25 13
31 26 12
31 27 10
31 28 4
31 29 1
31 30 5
32 0 14
32 1 6
32 2 6
32 3 12
32 4 8
32 5 11
32 6 1
32 7 11
32 8 4
32 9 18
32 10 9
32 11 3
32 12 7
32 13 7
32 14 15
32 15 10
32 16 3
32 17 10
32 18 11
32 19 4
32 20 12
32 21 6
32 22 15
32 23 1
32 24 8
32 25 2
32 26 16
32 27 7
32 28 18
32 29 18
32 30 9
32 31 4
33 0 2
33 1 7
33 2 2
33 3 12
33 4 1
33 5 19
33 6 5
33 7 18
33 8 14
33 9 16
33 10 10
33 11 10
33 12 19
33 13 3
33 14 17
33 15 8
33 16 2
33 17 16
33 18 9
33 19 3
33 20 12
33 21 17
33 22 20
33 23 8
33 24 14
33 25 8
33 26 11
33 27 16
33 28 11
33 29 19
33 30 19
33 31 7
33 32 11
34 0 5
34 1 2
34 2 20
34 3 14
34 4 16
34 5 16
34 6 12
34 7 11
34 8 11
34 9 3
34 10 4
34 11 4
34 12 3
34 13 10
34 14 2
34 15 10
34 16 1
34 17 4
34 18 12
34 19 13
34 20 3
34 21 8
34 22 6
34 23 9
34 24 15
34 25 13
34 26 17
34 27 14
34 28 13
34 29 18
34 30 19
34 31 12
34 32 5
34 33 19
35 0 12
35 1 16
35 2 9
35 3 13
35 4 8
35 5 1
35 6 5
35 7 19
35 8 7
35 9 2
35 10 9
35 11 4
35 12 1
35 13 8
35 14 11
35 15 12
35 16 17
35 17 1
35 18 3
35 19 13
35 20 20
35 21 12
35 22 4
35 23 14
35 24 14
35 25 15
35 26 3
35 27 11
35 28 16
35 29 15
35 30 6
35 31 13
35 32 18
35 33 17
35 34 14
36 0 1
36 1 9
36 2 17
36 3 13
36 4 11
36 5 3
36 6 16
36 7 7
36 8 12
36 9 15
36 10 13
36 11 4
36 12 4
36 13 10
36 14 2
36 15 11
36 16 20
36 17 17
36 18 11
36 19 12
36 20 14
36 21 9
36 22 19
36 23 16
36 24 15
36 25 11
36 26 5
36 27 19
36 28 11
36 29 11
36 30 8
36 31 3
36 32 1
36 33 11
36 34 19
36 35 7
37 0 10
37 1 8
37 2 6
37 3 7
37 4 14
37 5 7
37 6 19
37 7 2
37 8 4
37 9 3
37 10 17
37 11 20
37 12 4
37 13 10
37 14 17
37 15 20
37 16 20
37 17 9
37 18 10
37 19 11
37 20 5
37 21 3
37 22 3
37 23 6
37 24 20
37 25 18
37 26 14
37 27 10
37 28 12
37 29 15
37 30 11
37 31 8
37 32 7
37 33 17
37 34 7
37 35 18
37 36 9
38 0 18
38 1 14
38 2 15
38 3 9
38 4 13
38 5 8
38 6 9
38 7 3
38 8 12
38 9 6
38 10 1
38 11 7
38 12 13
38 13 7
38 14 5
38 15 2
38 16 5
38 17 2
38 18 18
38 19 9
38 20 4
38 21 18
38 22 4
38 23 9
38 24 11
38 25 19
38 26 12
38 27 6
38 28 9
38 29 13
38 30 11
38 31 20
38 32 20
38 33 16
38 34 10
38 35 5
38 36 10
38 37 6
39 0 16
39 1 3
39 2 19
39 3 16
39 4 7
39 5 15
39 6 20
39 7 4
39 8 8
39 9 20
39 10 11
39 11 8
39 12 11
39 13 8
39 14 2
39 15 13
39 16 12
39 17 3
39 18 8
39 19 12
39 20 20
39 21 5
39 22 2
39 23 6
39 24 11
39 25 4
39 26 18
39 27 15
39 28 1
39 29 7
39 30 8
39 31 19
39 32 2
39 33 12
39 34 20
39 35 2
39 36 18
39 37 6
39 38 20
40 0 5
40 1 2
40 2 20
40 3 6
40 4 15
40 5 9
40 6 1
40 7 1
40 8 8
40 9 13
40 10 14
40 11 3
40 12 14
40 13 5
40 14 15
40 15 14
40 16 4
40 17 4
40 18 18
40 19 2
40 20 10
40 21 16
40 22 16
40 23 10
40 24 2
40 25 1
40 26 18
40 27 6
40 28 1
40 29 11
40 30 3
40 31 18
40 32 6
40 33 16
40 34 6
40 35 13
40 36 2
40 37 15
40 38 9
40 39 16
41 0 17
41 1 17
41 2 12
41 3 8
41 4 9
41 5 17
41 6 15
41 7 16
41 8 9
41 9 1
41 10 11
41 11 14
41 12 4
41 13 4
41 14 17
41 15 17
41 16 2
41 17 7
41 18 11
41 19 18
41 20 2
41 21 7
41 22 7
41 23 7
41 24 10
41 25 10
41 26 8
41 27 20
41 28 18
41 29 18
41 30 7
41 31 11
41 32 6
41 33 4
41 34 19
41 35 17
41 36 14
41 37 18
41 38 13
41 39 17
41 40 13
42 0 15
42 1 8
42 2 18
42 3 6
42 4 7
42 5 18
42 6 16
42 7 10
42 8 3
42 9 14
42 10 11
42 11 10
42 12 16
42 13 17
42 14 10
42 15 7
42 16 7
42 17 18
42 18 12
42 19 13
42 20 1
42 21 20
42 22 14
42 23 3
42 24 4
42 25 19
42 26 18
42 27 1
42 28 5
42 29 4
42 30 14
42 31 15
42 32 20
42 33 1
42 34 5
42 35 8
42 36 2
42 37 7
42 38 9
42 39 2
42 40 10
42 41 10
43 0 10
43 1 1
43 2 14
43 3 7
43 4 15
43 5 10
43 6 16
43 7 6
43 8 14
43 9 19
43 10 11
43 11 5
43 12 20
43 13 2
43 14 8
43 15 3
43 16 16
43 17 12
43 18 20
43 19 7
43 20 20
43 21 14
43 22 3
43 23 15
43 24 2
43 25 1
43 26 14
43 27 12
43 28 2
43 29 20
43 30 13
43 31 12
43 32 10
43 33 4
43 34 1
43 35 5
43 36 18
43 37 17
43 38 6
43 39 3
43 40 3
43 41 7
43 42 2
44 0 4
44 1 19
44 2 19
44 3 18
44 4 3
44 5 4
44 6 17
44 7 15
44 8 1
44 9 11
44 10 12
44 11 15
44 12 19
44 13 3
44 14 17
44 15 3
44 16 17
44 17 10
44 18 4
44 19 10
44 20 6
44 21 9
44 22 12
44 23 16
44 24 9
44 25 12
44 26 5
44 27 9
44 28 13
44 29 15
44 30 7
44 31 11
44 32 7
44 33 9
44 34 10
44 35 10
44 36 14
44 37 14
44 38 17
44 39 5
44 40 8
44 41 16
44 42 12
44 43 13
45 0 8
45 1 12
45 2 4
45 3 11
45 4 2
45 5 7
45 6 14
45 7 20
45 8 8
45 9 16
45 10 9
45 11 1
45 12 8
45 13 17
45 14 9
45 15 11
45 16 16
45 17 11
45 18 5
45 19 19
45 20 8
45 21 18
45 22 9
45 23 9
45 24 8
45 25 17
45 26 15
45 27 15
45 28 8
45 29 3
45 30 14
45 31 13
45 32 1
45 33 16
45 34 6
45 35 12
45 36 17
45 37 14
45 38 8
45 39 12
45 40 3
45 41 17
45 42 1
45 43 13
45 44 17
46 0 6
46 1 4
46 2 20
46 3 5
46 4 10
46 5 2
46 6 2
46 7 2
46 8 17
46 9 7
46 10 10
46 11 14
46 12 1
46 13 1
46 14 4
46 15 17
46 16 8
46 17 13
46 18 17
46 19 20
46 20 11
46 21 18
46 22 17
46 23 8
46 24 8
46 25 20
46 26 13
46 27 18
46 28 4
46 29 18
46 30 8
46 31 18
46 32 16
46 33 17
46 34 12
46 35 3
46 36 12
46 37 10
46 38 20
46 39 5
46 40 6
46 41 10
46 42 12
46 43 17
46 44 10
46 45 4
47 0 17
47 1 8
47 2 4
47 3 20
47 4 19
47 5 2
47 6 9
47 7 8
47 8 5
47 9 7
47 10 9
47 11 16
47 12 14
47 13 10
47 14 4
47 15 9
47 16 13
47 17 17
47 18 13
47 19 10
47 20 3
47 21 20
47 22 9
47 23 11
47 24 5
47 25 12
47 26 2
47 27 16
47 28 3
47 29 14
47 30 19
47 31 14
47 32 15
47 33 4
47 34 7
47 35 16
47 36 16
47 37 7
47 38 9
47 39 14
47 40 12
47 41 15
47 42 7
47 43 16
47 44 2
47 45 12
47 46 4
48 0 5
48 1 11
48 2 2
48 3 1
48 4 15
48 5 13
48 6 16
48 7 13
48 8 17
48 9 6
48 10 14
48 11 6
48 12 13
48 13 8
48 14 16
48 15 18
48 16 20
48 17 16
48 18 1
48 19 7
48 20 15
48 21 14
48 22 8
48 23 2
48 24 1
48 25 16
48 26 18
48 27 14
48 28 8
48 29 4
48 30 4
48 31 5
48 32 12
48 33 11
48 34 1
48 35 12
48 36 14
48 37 16
48 38 14
48 39 2
48 40 7
48 41 1
48 42 17
48 43 15
48 44 19
48 45 19
48 46 20
48 47 3
49 0 6
49 1 10
49 2 4
49 3 14
49 4 17
49 5 18
49 6 12
49 7 1
49 8 20
49 9 5
49 10 6
49 11 7
49 12 8
49 13 17
49 14 18
49 15 5
49 16 13
49 17 14
49 18 20
49 19 11
49 20 18
49 21 8
49 22 20
49 23 11
49 24 3
49 25 3
49 26 20
49 27 7
49 28 20
49 29 2
49 30 12
49 31 1
49 32 12
49 33 4
49 34 5
49 35 6
49 36 10
49 37 18
49 38 19
49 39 10
49 40 6
49 41 8
49 42 10
49 43 2
49 44 1
49 45 18
49 46 8
49 47 9
49 48 1
