50
2 1 40
3 2 11
4 0 53
4 3 31
5 0 79
5 1 56
6 0 49
6 3 26
7 0 41
7 1 18
7 2 58
7 5 88
7 6 17
8 0 18
8 4 35
8 6 70
8 7 97
9 1 74
9 2 42
9 3 27
9 4 5
9 6 36
9 7 13
10 3 5
10 4 68
10 7 48
11 2 44
11 3 25
11 4 36
11 5 45
11 6 68
12 0 15
12 5 31
12 8 39
12 9 46
12 10 22
12 11 30
13 0 40
13 1 73
13 2 90
13 3 100
13 4 9
13 6 95
13 7 68
13 9 95
13 11 78
14 0 27
14 1 40
14 2 17
14 6 62
14 7 43
14 9 3
14 11 67
14 12 22
14 13 33
15 3 28
15 6 83
15 8 41
15 9 70
15 10 37
15 12 13
16 1 100
16 3 2
16 4 29
16 5 52
16 6 67
16 7 61
16 10 49
16 11 99
16 13 87
16 15 48
17 2 33
17 4 12
17 5 86
17 6 41
17 7 62
17 8 52
17 10 57
17 15 95
17 16 50
18 1 47
18 4 3
18 6 25
18 7 33
18 8 20
18 12 78
18 15 96
18 16 4
18 17 1
19 1 81
19 2 66
19 3 25
19 4 66
19 5 66
19 6 58
19 7 1
19 10 58
19 12 93
19 13 88
20 5 20
20 6 78
20 7 67
20 9 61
20 10 20
20 11 34
20 12 47
20 14 94
20 15 95
20 16 56
20 17 6
21 1 14
21 3 19
21 4 40
21 7 1
21 9 84
21 11 51
21 13 29
21 14 16
21 17 74
21 19 46
21 20 93
22 0 74
22 1 64
22 2 8
22 3 55
22 5 90
22 8 62
22 9 84
22 11 29
22 13 99
22 15 39
23 0 72
23 2 11
23 3 7
23 4 22
23 5 52
23 8 75
23 11 79
23 12 84
23 17 69
23 18 78
23 19 14
24 0 89
24 1 45
24 3 78
24 4 8
24 6 21
24 7 1
24 9 47
24 12 75
24 13 93
24 17 49
24 18 19
24 20 40
24 21 82
24 22 32
24 23 87
25 0 75
25 1 39
25 2 34
25 5 79
25 8 21
25 14 7
25 17 94
25 19 11
25 22 9
25 24 25
26 0 15
26 3 4
26 4 72
26 6 74
26 7 33
26 8 9
26 9 77
26 10 29
26 11 1
26 13 38
26 14 69
26 15 83
26 17 72
26 19 81
26 20 72
26 21 65
26 22 77
26 23 52
26 25 42
27 3 16
27 7 33
27 9 14
27 10 10
27 11 92
27 16 20
27 17 37
27 18 23
27 20 47
27 26 40
28 1 77
28 3 73
28 4 91
28 8 97
28 12 98
28 16 89
28 17 43
28 18 35
28 19 25
28 20 1
28 21 77
28 24 71
28 26 47
29 0 97
29 2 66
29 3 98
29 5 47
29 9 41
29 10 13
29 11 63
29 12 71
29 14 11
29 16 82
29 17 60
29 20 89
29 21 2
29 22 82
29 23 41
29 26 94
29 27 60
29 28 62
30 2 100
30 3 56
30 8 9
30 9 30
30 12 45
30 15 78
30 18 66
30 20 88
30 21 5
30 23 12
30 24 10
30 25 16
30 26 73
30 28 14
31 2 16
31 5 55
31 6 75
31 10 55
31 11 83
31 14 61
31 15 70
31 16 98
31 17 71
31 18 26
31 20 1
31 23 87
31 24 99
31 25 3
31 27 2
31 28 82
31 29 96
31 30 52
32 4 90
32 5 46
32 6 38
32 8 29
32 9 64
32 13 28
32 14 80
32 15 46
32 16 44
32 19 85
32 20 12
32 22 34
32 23 4
32 24 38
33 0 48
33 1 2
33 2 33
33 3 7
33 4 92
33 7 37
33 9 98
33 10 67
33 11 48
33 12 17
33 13 4
33 14 73
33 15 38
33 16 8
33 19 9
33 22 98
33 23 4
33 25 87
33 28 11
33 31 26
34 0 13
34 1 67
34 3 27
34 5 73
34 7 20
34 12 13
34 16 6
34 19 66
34 20 75
34 21 3
34 22 44
34 24 68
34 27 22
34 29 59
35 0 65
35 1 39
35 2 68
35 3 84
35 4 67
35 5 16
35 6 88
35 7 16
35 8 55
35 9 91
35 10 14
35 12 7
35 13 100
35 14 65
35 15 69
35 16 56
35 17 76
35 19 51
35 24 41
35 32 64
35 33 80
35 34 87
36 1 4
36 3 37
36 6 10
36 7 19
36 8 67
36 9 23
36 12 96
36 17 22
36 25 35
36 26 65
36 27 56
36 28 11
36 29 91
36 32 24
37 2 36
37 3 29
37 9 39
37 10 77
37 12 41
37 16 40
37 18 32
37 19 9
37 20 70
37 21 90
37 26 82
37 27 31
37 30 80
37 31 41
38 0 79
38 1 72
38 2 28
38 4 25
38 5 41
38 7 80
38 10 43
38 12 41
38 15 59
38 16 66
38 19 22
38 21 17
38 23 59
38 26 61
38 28 6
38 30 18
38 31 39
38 34 82
38 35 7
39 0 20
39 1 29
39 4 68
39 5 9
39 6 88
39 8 98
39 10 47
39 11 39
39 12 28
39 13 65
39 21 61
39 23 75
39 24 60
39 25 89
39 26 41
39 29 35
39 30 62
39 31 39
39 34 67
40 0 41
40 4 82
40 6 65
40 8 30
40 9 34
40 10 41
40 12 6
40 13 63
40 14 2
40 15 49
40 17 7
40 19 2
40 21 82
40 22 96
40 23 59
40 24 65
40 25 16
40 26 34
40 29 34
40 30 68
40 33 40
40 34 44
40 37 82
40 38 40
41 0 8
41 1 76
41 3 61
41 10 13
41 11 65
41 13 3
41 15 29
41 16 61
41 19 55
41 20 76
41 23 24
41 24 64
41 25 35
41 28 67
41 29 23
41 32 80
41 34 85
41 35 79
41 37 63
42 0 11
42 3 25
42 5 30
42 6 2
42 8 15
42 11 76
42 12 36
42 15 31
42 16 32
42 18 82
42 19 86
42 20 100
42 22 78
42 33 48
42 35 97
42 39 55
42 41 32
43 3 14
43 4 22
43 5 63
43 8 23
43 10 65
43 11 27
43 12 92
43 13 25
43 16 71
43 17 40
43 18 66
43 20 89
43 21 13
43 22 68
43 26 3
43 30 40
43 31 9
43 32 49
43 35 36
43 36 57
43 37 100
43 39 76
43 42 43
44 0 87
44 2 43
44 6 98
44 7 77
44 8 62
44 11 54
44 12 89
44 15 81
44 17 13
44 18 39
44 19 69
44 20 53
44 24 24
44 25 47
44 26 21
44 28 79
44 29 55
44 30 22
44 31 26
44 33 38
44 34 70
44 35 11
44 39 22
45 3 28
45 4 83
45 6 14
45 7 22
45 8 28
45 9 54
45 12 58
45 13 87
45 16 31
45 17 46
45 20 90
45 23 98
45 25 14
45 26 65
45 28 49
45 29 49
45 30 95
45 32 45
45 34 37
45 36 49
45 37 73
45 39 58
45 41 36
45 42 84
46 1 34
46 4 99
46 5 65
46 6 43
46 9 27
46 11 85
46 13 58
46 17 80
46 18 32
46 19 16
46 21 54
46 24 21
46 25 30
46 31 54
46 32 64
46 36 60
46 37 54
46 38 4
46 43 59
46 44 6
46 45 28
47 0 54
47 2 88
47 5 4
47 6 23
47 7 100
47 8 44
47 9 6
47 10 30
47 15 71
47 16 93
47 17 94
47 19 98
47 21 46
47 23 10
47 24 37
47 25 38
47 26 25
47 28 91
47 29 82
47 31 16
47 32 31
47 34 29
47 37 70
47 38 17
47 39 39
47 40 72
47 41 78
47 42 69
47 43 24
47 45 2
48 0 96
48 3 71
48 4 53
48 5 36
48 8 90
48 10 30
48 12 98
48 15 79
48 18 48
48 19 1
48 29 93
48 30 32
48 32 46
48 33 67
48 35 4
48 37 12
48 41 52
48 43 36
48 46 8
49 0 98
49 4 82
49 7 2
49 8 3
49 9 28
49 10 94
49 16 81
49 17 8
49 18 17
49 19 75
49 20 67
49 27 55
49 30 43
49 34 17
49 35 94
49 39 18
49 43 55
49 44 16
49 46 70
49 47 69
