40
1 0 90
4 2 42
5 3 84
5 4 22
6 2 16
6 3 26
6 4 53
6 5 46
7 0 32
7 1 44
7 3 83
7 6 40
8 0 2
8 1 92
8 2 78
8 3 100
8 5 55
8 7 85
9 0 27
9 3 5
9 4 24
9 7 22
9 8 71
10 0 77
10 2 94
10 3 92
10 4 9
10 5 37
10 6 35
10 7 30
10 8 44
10 9 97
11 0 30
11 6 61
11 7 45
11 8 63
11 10 7
12 2 94
12 3 41
12 4 33
12 5 44
12 7 25
12 8 8
12 9 68
12 10 83
13 0 44
13 1 35
13 4 17
13 7 70
13 9 39
13 12 99
14 1 58
14 2 53
14 4 30
14 5 21
14 8 83
14 9 70
14 11 34
14 12 25
15 1 39
15 2 48
15 4 7
15 5 51
15 8 35
15 11 72
15 13 5
15 14 60
16 1 17
16 2 24
16 5 22
16 6 28
16 8 4
16 9 22
16 10 53
16 11 33
16 14 51
17 0 21
17 2 54
17 5 56
17 6 8
17 10 62
17 11 38
17 12 37
17 13 91
17 14 69
18 5 18
18 8 71
18 9 8
18 10 30
18 13 87
18 16 9
19 1 63
19 2 38
19 3 16
19 5 98
19 6 52
19 7 65
19 11 6
19 12 44
19 13 18
19 18 17
20 0 18
20 1 71
20 2 63
20 4 38
20 5 85
20 10 82
20 13 15
20 14 63
20 16 19
21 3 80
21 4 4
21 6 30
21 8 55
21 9 41
21 11 53
21 15 68
21 16 22
22 1 47
22 5 1
22 7 68
22 8 96
22 10 23
22 13 38
22 14 51
22 16 48
22 17 16
22 18 25
22 19 77
23 1 61
23 3 79
23 4 88
23 8 10
23 12 33
23 13 77
23 19 42
23 21 5
23 22 21
24 2 36
24 3 44
24 6 84
24 8 49
24 9 98
24 11 24
24 12 60
24 14 47
24 15 34
24 16 95
24 18 27
24 21 26
24 23 15
25 1 59
25 4 37
25 5 5
25 6 97
25 8 5
25 9 77
25 10 50
25 11 29
25 13 23
25 16 79
25 18 42
25 20 91
25 23 35
26 0 43
26 5 60
26 6 73
26 7 73
26 8 24
26 9 97
26 10 82
26 15 98
26 16 46
26 17 40
26 19 41
26 20 93
26 25 74
27 0 55
27 3 5
27 7 3
27 8 55
27 11 64
27 12 17
27 16 33
27 23 61
27 26 16
28 0 8
28 1 17
28 2 48
28 3 7
28 4 92
28 5 42
28 8 65
28 10 42
28 11 63
28 12 38
28 13 40
28 15 95
28 17 28
28 18 19
28 19 55
28 21 39
28 22 88
28 26 21
28 27 80
29 0 81
29 2 69
29 4 54
29 6 4
29 11 68
29 12 8
29 13 58
29 15 21
29 17 50
29 18 33
29 24 8
29 25 13
29 26 1
29 28 27
30 0 31
30 1 2
30 2 4
30 4 59
30 5 10
30 7 82
30 8 91
30 9 59
30 10 47
30 11 59
30 16 99
30 18 52
30 21 23
30 22 77
30 24 8
30 25 79
31 0 82
31 1 26
31 2 19
31 5 1
31 9 90
31 13 83
31 18 49
31 19 99
31 20 99
31 22 100
31 23 69
31 24 42
31 25 12
31 27 69
32 0 4
32 1 91
32 2 96
32 3 5
32 6 16
32 7 33
32 10 96
32 11 70
32 14 75
32 15 17
32 16 68
32 23 79
32 27 81
32 28 100
33 1 91
33 2 72
33 3 31
33 4 75
33 5 63
33 6 8
33 8 33
33 9 28
33 11 10
33 13 69
33 14 53
33 22 45
33 23 48
33 24 3
33 25 33
33 28 80
33 29 93
33 31 86
34 0 6
34 3 98
34 5 93
34 6 12
34 10 35
34 11 58
34 12 41
34 13 88
34 14 69
34 16 74
34 17 54
34 18 67
34 20 41
34 25 68
34 27 5
34 28 51
34 29 26
34 30 14
35 0 3
35 2 23
35 3 90
35 4 56
35 8 34
35 9 31
35 11 21
35 13 61
35 18 62
35 20 12
35 22 66
35 23 73
35 25 68
35 26 90
35 27 91
35 31 76
35 32 100
35 34 75
36 0 66
36 1 71
36 2 39
36 3 40
36 4 54
36 5 97
36 7 99
36 9 87
36 10 14
36 11 14
36 14 32
36 15 23
36 16 89
36 18 11
36 19 61
36 20 99
36 21 53
36 23 6
36 24 94
36 25 21
36 26 33
36 27 59
36 28 16
36 29 25
36 32 53
37 1 50
37 2 46
37 3 12
37 6 48
37 8 23
37 13 92
37 16 78
37 18 38
37 21 67
37 22 90
37 23 29
37 24 11
37 29 14
37 31 34
37 32 32
37 34 76
37 35 90
37 36 51
38 0 81
38 3 30
38 5 18
38 7 56
38 8 12
38 10 12
38 11 81
38 13 85
38 14 43
38 16 91
38 19 49
38 20 96
38 22 4
38 23 96
38 26 100
38 30 78
38 31 61
38 32 39
38 33 48
38 34 72
38 37 15
39 0 68
39 5 62
39 6 19
39 9 32
39 11 33
39 18 38
39 22 1
39 23 60
39 24 4
39 26 76
39 31 73
39 32 60
39 34 11
39 35 6
39 36 32
39 37 78
39 38 54
