70
2 1 36
3 1 23
4 1 18
4 2 34
5 0 2
5 1 47
6 1 17
6 2 33
7 0 24
7 2 42
7 4 52
7 6 31
8 2 42
8 3 12
8 4 35
8 5 49
8 6 20
9 0 52
9 2 35
9 3 47
9 4 10
9 5 39
10 1 42
10 2 56
10 3 46
10 4 21
10 5 22
10 6 15
11 1 11
11 4 30
11 5 30
11 7 9
11 8 42
11 10 5
12 0 28
12 3 53
12 5 14
12 7 33
12 10 24
12 11 44
13 1 19
13 3 32
13 4 57
13 5 14
13 7 22
13 8 16
13 10 51
13 11 7
14 3 28
14 5 16
14 6 28
14 7 53
14 9 26
14 11 38
14 12 39
15 0 7
15 3 30
15 5 58
15 6 43
15 8 32
15 9 29
15 12 12
15 13 37
15 14 33
16 0 38
16 2 48
16 4 32
16 5 50
16 7 54
16 11 59
16 12 23
16 14 51
17 1 16
17 2 42
17 4 30
17 5 32
17 6 1
17 7 9
17 10 2
17 11 20
17 12 24
17 15 22
18 2 35
18 5 21
18 7 12
18 10 26
18 11 51
18 12 13
18 13 16
19 0 58
19 1 31
19 13 5
19 14 10
19 15 8
19 17 47
20 2 50
20 3 58
20 4 13
20 5 29
20 6 31
20 7 27
20 10 54
20 11 39
20 12 55
20 13 60
20 16 42
20 17 31
20 18 40
20 19 52
21 3 18
21 5 25
21 8 49
21 10 43
21 11 36
21 12 10
21 13 5
21 14 31
21 15 38
21 16 55
21 18 13
21 19 47
22 0 2
22 3 3
22 6 23
22 7 27
22 13 23
22 16 19
22 18 38
23 0 23
23 1 57
23 2 9
23 8 42
23 11 25
23 14 51
23 17 35
23 18 22
23 19 41
23 21 35
23 22 49
24 0 23
24 2 40
24 4 9
24 6 9
24 8 32
24 10 11
24 12 54
24 13 44
24 14 6
24 17 9
24 18 20
24 19 12
24 20 49
24 21 20
25 1 28
25 3 17
25 4 45
25 5 10
25 8 9
25 10 39
25 14 28
25 15 25
25 18 5
25 19 3
25 21 16
25 22 53
26 1 18
26 2 9
26 10 24
26 12 45
26 13 37
26 18 9
26 19 55
26 20 23
26 21 15
26 22 14
27 1 14
27 2 52
27 4 2
27 5 60
27 8 30
27 10 6
27 13 46
27 14 38
27 16 26
27 17 17
27 18 18
27 21 48
27 23 3
27 25 10
27 26 44
28 0 46
28 2 1
28 6 16
28 7 10
28 8 27
28 9 39
28 12 50
28 14 21
28 17 47
28 18 16
28 20 47
28 23 31
28 25 48
28 26 36
29 0 17
29 2 12
29 3 57
29 6 47
29 7 6
29 8 42
29 10 17
29 14 12
29 15 6
29 16 28
29 18 49
29 19 13
29 20 4
29 21 52
29 22 60
29 23 7
29 24 22
29 25 26
29 26 48
30 0 35
30 1 27
30 3 43
30 7 44
30 9 19
30 14 27
30 15 26
30 19 50
30 24 10
30 26 41
30 29 37
31 2 31
31 3 49
31 4 53
31 5 52
31 6 58
31 10 31
31 11 28
31 12 19
31 13 32
31 20 17
31 24 6
31 25 29
31 27 33
31 30 16
32 0 39
32 1 43
32 2 6
32 3 28
32 4 1
32 6 15
32 7 8
32 10 24
32 11 49
32 12 60
32 13 50
32 14 43
32 16 10
32 18 54
32 19 26
32 21 22
32 22 45
32 25 29
32 26 1
32 28 21
33 2 24
33 4 55
33 7 52
33 9 31
33 11 2
33 13 23
33 14 40
33 15 42
33 16 16
33 17 23
33 18 60
33 23 48
33 30 19
33 31 21
34 1 35
34 2 46
34 3 50
34 4 43
34 6 7
34 7 60
34 8 14
34 9 53
34 10 50
34 12 23
34 14 37
34 15 1
34 17 12
34 20 30
34 21 6
34 22 15
34 24 1
34 25 17
34 27 55
34 30 19
34 31 8
34 32 34
35 2 48
35 4 47
35 5 36
35 9 50
35 10 6
35 11 51
35 12 26
35 14 9
35 15 1
35 21 47
35 22 9
35 23 57
35 28 54
35 30 26
35 32 24
35 33 59
35 34 3
36 0 16
36 1 43
36 2 54
36 7 16
36 8 39
36 9 59
36 11 26
36 13 34
36 14 4
36 17 34
36 21 3
36 23 29
36 26 4
36 28 34
36 29 47
36 30 47
36 31 27
36 32 21
36 34 45
36 35 8
37 1 57
37 2 5
37 3 53
37 5 27
37 6 58
37 7 50
37 10 48
37 11 5
37 13 58
37 16 52
37 17 39
37 21 9
37 22 34
37 23 15
37 24 54
37 25 26
37 28 28
37 29 52
37 32 44
37 33 23
37 36 11
38 1 28
38 2 50
38 4 6
38 5 19
38 7 16
38 8 12
38 11 44
38 12 36
38 16 14
38 17 23
38 20 28
38 21 1
38 22 23
38 23 50
38 24 1
38 27 28
38 29 54
38 31 32
38 32 13
38 33 43
39 1 33
39 2 12
39 3 33
39 4 4
39 9 48
39 11 7
39 12 33
39 14 46
39 15 37
39 17 8
39 18 39
39 19 58
39 20 2
39 21 13
39 23 41
39 25 49
39 26 19
39 27 24
39 29 55
39 30 60
39 31 42
39 35 12
39 36 38
39 37 34
39 38 30
40 0 10
40 1 59
40 2 19
40 3 42
40 5 7
40 7 52
40 9 46
40 11 26
40 12 12
40 15 16
40 16 38
40 18 25
40 19 11
40 21 12
40 22 4
40 24 14
40 26 26
40 27 36
40 32 49
40 36 26
40 38 24
40 39 49
41 0 60
41 6 42
41 8 22
41 10 51
41 15 45
41 17 10
41 19 28
41 21 7
41 22 19
41 25 52
41 26 45
41 27 30
41 28 59
41 30 40
41 33 22
41 34 48
41 40 32
42 0 59
42 1 14
42 5 21
42 8 1
42 9 26
42 17 14
42 21 32
42 23 33
42 24 39
42 26 52
42 30 56
42 31 21
42 32 43
42 37 2
42 40 51
43 1 35
43 3 60
43 4 6
43 6 30
43 7 24
43 9 18
43 10 44
43 12 28
43 13 33
43 15 40
43 16 49
43 17 56
43 19 38
43 21 21
43 22 27
43 24 11
43 26 22
43 27 17
43 29 30
43 30 19
43 31 19
43 32 11
43 35 46
43 37 29
43 38 27
43 39 15
43 40 17
43 41 13
44 0 34
44 2 2
44 5 3
44 6 27
44 7 6
44 9 33
44 10 45
44 13 52
44 14 51
44 15 34
44 16 16
44 17 9
44 18 32
44 20 55
44 25 54
44 27 34
44 32 8
44 33 56
44 37 13
44 38 16
44 39 16
44 41 21
45 1 28
45 3 50
45 6 18
45 13 18
45 14 8
45 16 7
45 21 14
45 22 30
45 30 32
45 31 11
45 40 9
45 41 8
45 42 56
45 43 8
46 0 4
46 1 22
46 2 32
46 4 59
46 6 7
46 7 59
46 8 10
46 14 9
46 15 33
46 16 22
46 17 10
46 20 37
46 21 33
46 23 32
46 25 17
46 26 54
46 27 58
46 28 9
46 29 44
46 30 19
46 33 33
46 34 16
46 36 34
46 37 16
46 38 23
46 41 14
46 43 26
46 45 42
47 6 3
47 10 34
47 12 32
47 13 52
47 14 42
47 16 34
47 17 38
47 18 55
47 20 27
47 22 15
47 24 26
47 26 56
47 27 13
47 30 34
47 32 45
47 33 19
47 35 5
47 45 42
48 2 5
48 4 38
48 7 36
48 10 35
48 11 55
48 13 13
48 15 8
48 17 6
48 18 49
48 24 3
48 25 1
48 28 26
48 31 3
48 32 39
48 34 2
48 35 34
48 36 52
48 37 56
48 44 45
48 45 24
48 47 30
49 0 34
49 1 2
49 2 52
49 3 9
49 4 48
49 5 40
49 6 43
49 8 17
49 9 23
49 11 17
49 12 16
49 14 40
49 15 7
49 16 32
49 17 29
49 22 34
49 23 10
49 24 5
49 26 18
49 27 3
49 29 60
49 34 43
49 37 25
49 39 4
49 41 19
49 43 58
49 44 14
49 48 38
50 0 45
50 3 60
50 4 46
50 7 43
50 8 26
50 13 27
50 15 21
50 17 22
50 19 1
50 20 46
50 22 34
50 24 33
50 25 54
50 30 52
50 32 5
50 34 56
50 38 33
50 40 36
50 41 6
50 43 47
50 44 42
50 46 51
50 48 13
50 49 26
51 0 21
51 1 57
51 5 59
51 6 34
51 7 57
51 8 40
51 9 55
51 14 16
51 18 39
51 20 23
51 22 17
51 27 52
51 28 7
51 30 53
51 32 50
51 33 34
51 37 51
51 38 13
51 44 29
51 47 57
52 1 54
52 7 19
52 8 31
52 9 46
52 10 11
52 12 54
52 14 40
52 15 12
52 17 22
52 18 11
52 19 23
52 20 17
52 21 1
52 22 45
52 23 31
52 24 15
52 25 46
52 26 17
52 30 53
52 33 27
52 35 21
52 36 18
52 37 28
52 38 34
52 39 27
52 41 34
52 42 16
52 43 60
52 45 42
52 47 27
52 48 30
52 51 44
53 0 15
53 1 48
53 2 39
53 3 50
53 4 38
53 5 24
53 6 23
53 15 23
53 17 39
53 19 27
53 20 41
53 21 41
53 23 5
53 24 9
53 26 3
53 27 35
53 28 49
53 29 11
53 35 59
53 37 1
53 40 31
53 41 46
53 42 12
53 43 56
53 45 28
53 49 51
53 50 26
53 51 13
53 52 4
54 1 29
54 6 44
54 7 2
54 9 48
54 10 46
54 11 39
54 15 40
54 16 46
54 18 8
54 19 2
54 21 10
54 24 12
54 25 46
54 26 14
54 27 34
54 29 46
54 32 7
54 34 59
54 41 23
54 44 4
54 47 5
54 48 50
54 51 1
54 52 51
54 53 1
55 0 28
55 1 27
55 9 52
55 10 49
55 11 16
55 14 30
55 16 28
55 18 28
55 20 41
55 21 59
55 23 58
55 24 16
55 25 39
55 26 32
55 27 38
55 28 23
55 31 57
55 32 54
55 35 5
55 37 42
55 38 60
55 44 40
55 45 36
55 46 3
55 47 22
55 49 47
55 51 47
55 54 1
56 4 4
56 5 26
56 7 8
56 8 3
56 9 21
56 12 18
56 17 22
56 18 32
56 21 7
56 23 54
56 24 55
56 25 9
56 29 18
56 32 50
56 36 56
56 38 37
56 41 57
56 42 26
56 43 15
56 44 56
56 47 2
56 50 4
56 53 45
56 54 58
57 2 23
57 3 30
57 4 54
57 6 35
57 7 1
57 8 53
57 9 58
57 10 53
57 15 15
57 16 29
57 17 26
57 19 25
57 20 32
57 21 45
57 25 38
57 28 42
57 31 34
57 32 56
57 34 42
57 35 33
57 36 42
57 38 24
57 39 3
57 43 43
57 44 32
57 50 29
57 52 13
57 53 11
57 54 11
57 55 35
58 0 10
58 1 50
58 4 4
58 6 19
58 8 50
58 9 35
58 10 44
58 12 56
58 13 11
58 15 15
58 17 10
58 18 54
58 23 4
58 24 32
58 26 25
58 32 36
58 33 54
58 35 54
58 36 60
58 39 13
58 41 9
58 42 33
58 44 43
58 45 20
58 48 1
58 49 14
58 52 44
58 57 36
59 1 31
59 4 26
59 6 16
59 8 46
59 12 24
59 16 59
59 18 1
59 20 31
59 21 26
59 22 20
59 23 23
59 25 52
59 26 41
59 27 43
59 30 45
59 31 34
59 32 23
59 33 10
59 37 55
59 38 28
59 39 23
59 41 47
59 43 55
59 45 47
59 49 43
59 50 55
59 52 42
59 53 26
59 56 43
59 58 21
60 1 35
60 4 1
60 7 56
60 13 12
60 14 27
60 16 38
60 18 47
60 19 18
60 20 31
60 21 40
60 22 38
60 24 47
60 25 59
60 28 18
60 30 14
60 31 54
60 32 57
60 34 47
60 36 4
60 38 42
60 39 22
60 40 2
60 41 17
60 44 47
60 47 24
60 48 2
60 49 57
60 50 27
60 52 57
60 53 7
60 55 29
60 59 36
61 3 22
61 5 4
61 6 21
61 7 11
61 9 55
61 13 57
61 14 17
61 16 35
61 18 59
61 19 26
61 26 50
61 30 31
61 31 41
61 35 37
61 36 11
61 39 55
61 42 43
61 45 15
61 46 4
61 47 39
61 48 10
61 49 31
61 50 4
61 53 45
61 60 18
62 1 37
62 2 3
62 3 56
62 4 29
62 9 44
62 10 32
62 11 1
62 13 32
62 15 11
62 16 19
62 17 15
62 18 49
62 19 30
62 20 52
62 21 53
62 23 13
62 26 6
62 27 17
62 29 60
62 33 27
62 34 7
62 38 30
62 42 26
62 44 18
62 45 8
62 47 44
62 50 19
62 52 33
62 54 56
62 57 57
62 60 34
62 61 55
63 0 59
63 1 10
63 2 6
63 5 12
63 10 43
63 12 14
63 13 59
63 14 36
63 18 25
63 20 47
63 21 26
63 23 15
63 24 28
63 26 29
63 27 6
63 28 32
63 30 25
63 31 1
63 32 53
63 34 27
63 35 59
63 36 12
63 37 51
63 43 52
63 45 33
63 50 13
63 51 53
63 52 33
63 56 2
63 60 10
63 61 9
64 0 30
64 3 18
64 4 51
64 5 7
64 6 33
64 7 31
64 8 39
64 11 11
64 12 21
64 14 18
64 15 5
64 22 11
64 27 31
64 30 18
64 31 9
64 32 5
64 33 51
64 34 6
64 37 14
64 39 1
64 41 24
64 43 14
64 44 50
64 46 2
64 47 50
64 49 60
64 51 19
64 53 21
64 54 31
64 55 24
64 56 41
64 61 56
64 62 50
64 63 28
65 4 21
65 6 41
65 7 57
65 8 17
65 9 41
65 13 55
65 15 48
65 19 9
65 20 57
65 21 20
65 22 23
65 23 21
65 24 21
65 25 25
65 28 32
65 32 10
65 35 15
65 37 43
65 38 7
65 40 34
65 41 52
65 42 16
65 43 48
65 45 48
65 46 43
65 48 27
65 49 28
65 50 44
65 52 32
65 53 11
65 56 43
65 61 26
65 62 32
66 0 29
66 1 52
66 3 11
66 4 24
66 6 11
66 8 52
66 11 57
66 12 52
66 15 4
66 16 10
66 17 46
66 22 40
66 25 41
66 31 50
66 32 37
66 33 7
66 35 55
66 37 30
66 38 42
66 40 28
66 41 42
66 45 14
66 52 60
66 53 42
66 57 6
66 58 1
66 59 42
66 61 50
66 62 42
66 63 14
67 0 5
67 1 23
67 4 14
67 5 23
67 7 5
67 12 11
67 13 15
67 14 18
67 19 37
67 20 35
67 21 32
67 24 37
67 26 22
67 27 55
67 28 55
67 29 16
67 30 5
67 32 17
67 36 10
67 43 19
67 45 33
67 46 42
67 47 58
67 49 12
67 52 58
67 53 5
67 54 47
67 55 8
67 58 2
67 59 51
67 63 37
68 0 49
68 1 10
68 3 15
68 4 7
68 6 8
68 7 2
68 8 44
68 12 45
68 13 60
68 19 38
68 20 1
68 22 26
68 23 15
68 24 17
68 25 19
68 27 11
68 28 44
68 30 60
68 31 57
68 32 32
68 33 40
68 36 4
68 37 2
68 39 25
68 40 37
68 42 43
68 44 51
68 45 56
68 47 32
68 48 47
68 53 49
68 54 55
68 59 19
68 60 27
68 61 26
68 65 11
68 67 29
69 1 54
69 2 54
69 3 28
69 4 48
69 5 10
69 7 59
69 8 4
69 9 20
69 12 29
69 13 9
69 14 46
69 16 37
69 18 23
69 22 52
69 26 8
69 27 59
69 28 3
69 29 47
69 31 25
69 32 25
69 35 31
69 36 49
69 38 9
69 39 2
69 42 58
69 43 26
69 44 38
69 46 58
69 47 21
69 49 42
69 50 57
69 51 41
69 53 8
69 55 19
69 57 29
69 58 1
69 60 23
69 62 3
69 64 5
69 65 51
69 67 47
69 68 27
