70
2 0 51
3 1 11
4 0 38
5 0 44
5 2 12
6 3 20
7 0 13
7 1 45
7 3 64
7 6 22
8 1 49
8 2 33
8 3 29
8 5 68
8 6 48
8 7 9
9 0 75
9 1 79
9 4 73
9 5 30
9 8 10
10 4 8
10 6 77
10 9 7
11 3 41
11 4 23
11 7 56
11 10 47
12 2 60
12 3 10
12 5 73
12 7 54
12 8 23
12 9 46
13 2 56
13 3 35
13 5 3
13 6 72
13 7 68
13 10 27
13 11 26
13 12 39
14 1 73
14 6 21
14 7 73
14 8 9
14 10 7
14 11 12
15 5 70
15 6 52
15 10 53
15 11 51
15 12 54
15 14 39
16 2 64
16 3 10
16 6 13
16 7 43
16 8 40
16 9 66
16 14 76
16 15 52
17 1 70
17 2 66
17 6 23
17 9 47
17 13 41
17 15 56
17 16 10
18 1 46
18 2 44
18 3 2
18 4 19
18 5 19
18 7 22
18 12 55
18 13 18
18 14 22
18 15 43
18 16 13
18 17 38
19 0 22
19 4 15
19 5 30
19 8 11
19 9 17
19 15 34
19 18 20
20 0 16
20 1 66
20 2 76
20 3 79
20 5 54
20 6 11
20 7 80
20 9 6
20 10 4
20 13 54
20 14 60
20 15 59
20 16 61
20 18 46
21 1 69
21 4 37
21 5 38
21 6 3
21 7 68
21 8 2
21 9 48
21 10 51
21 13 28
21 14 53
21 15 35
21 18 5
21 19 51
22 0 31
22 3 15
22 4 35
22 6 17
22 7 10
22 9 3
22 12 4
22 14 64
22 15 67
22 16 37
22 17 15
22 20 43
23 0 54
23 2 9
23 5 13
23 6 38
23 7 71
23 9 61
23 10 39
23 11 2
23 14 3
23 18 66
23 19 55
23 20 73
23 21 68
24 1 44
24 3 50
24 5 48
24 6 80
24 7 32
24 9 70
24 10 70
24 13 22
24 18 67
24 19 60
24 21 72
24 22 67
24 23 21
25 2 32
25 3 1
25 6 53
25 7 23
25 8 59
25 9 17
25 10 4
25 11 18
25 13 35
26 0 40
26 2 44
26 3 60
26 4 71
26 6 13
26 7 79
26 8 48
26 10 4
26 16 51
26 18 26
26 20 61
26 21 46
26 22 70
26 24 10
26 25 36
27 4 51
27 6 40
27 9 43
27 10 26
27 13 14
27 14 45
27 16 58
27 17 43
27 22 65
27 26 38
28 0 73
28 2 45
28 3 33
28 4 18
28 5 45
28 9 73
28 12 76
28 15 79
28 16 53
28 17 17
28 18 8
28 19 31
28 24 4
28 25 20
28 26 57
29 0 74
29 3 50
29 4 62
29 6 4
29 9 70
29 10 29
29 13 64
29 16 47
29 17 31
29 18 77
29 26 24
29 28 29
30 1 24
30 3 61
30 5 5
30 8 44
30 10 40
30 14 75
30 19 43
30 20 21
30 21 72
30 27 32
30 28 34
30 29 54
31 1 35
31 3 32
31 4 77
31 7 8
31 8 24
31 9 43
31 10 71
31 11 31
31 12 7
31 13 47
31 16 31
31 18 22
31 19 31
31 23 21
31 27 46
31 28 45
31 29 1
31 30 57
32 0 47
32 3 71
32 5 27
32 10 67
32 12 39
32 13 78
32 15 41
32 16 46
32 17 49
32 19 7
32 21 62
32 22 64
32 24 4
32 25 6
32 27 78
32 28 62
33 0 74
33 2 24
33 4 31
33 5 1
33 7 35
33 8 9
33 12 48
33 13 68
33 14 58
33 15 66
33 16 62
33 17 51
33 18 12
33 20 21
33 21 9
33 22 45
33 23 79
33 24 10
33 26 69
34 5 35
34 6 19
34 7 61
34 10 54
34 13 43
34 14 28
34 15 4
34 19 51
34 26 79
34 27 73
34 28 57
34 29 43
34 32 22
34 33 63
35 0 65
35 1 10
35 2 23
35 3 11
35 5 70
35 7 22
35 8 24
35 10 15
35 11 39
35 14 75
35 17 65
35 18 76
35 21 13
35 22 74
35 24 79
35 25 59
35 28 28
35 30 29
35 31 28
35 33 45
36 0 74
36 1 33
36 2 66
36 5 51
36 6 26
36 7 12
36 8 64
36 9 34
36 10 71
36 13 9
36 15 18
36 16 42
36 17 22
36 21 50
36 23 63
36 24 30
36 25 80
36 30 63
36 31 27
36 32 38
36 34 77
37 2 64
37 3 78
37 4 1
37 6 49
37 7 4
37 9 73
37 10 20
37 11 70
37 12 23
37 14 55
37 15 20
37 19 14
37 20 69
37 21 64
37 31 29
37 32 46
37 36 14
38 0 27
38 2 76
38 5 17
38 6 68
38 8 8
38 10 77
38 12 26
38 13 60
38 17 47
38 19 66
38 20 28
38 22 53
38 25 63
38 28 56
38 29 68
38 31 56
38 32 74
38 37 69
39 2 67
39 3 22
39 7 15
39 9 47
39 14 3
39 18 38
39 20 27
39 22 76
39 24 19
39 25 24
39 29 47
39 33 1
39 34 55
39 35 33
39 37 21
40 1 6
40 2 30
40 3 57
40 7 79
40 8 52
40 11 33
40 13 48
40 14 34
40 15 16
40 19 36
40 21 35
40 22 76
40 24 43
40 25 48
40 28 80
40 29 78
40 31 71
40 34 3
40 35 4
40 36 50
41 1 73
41 2 58
41 5 72
41 6 23
41 13 32
41 14 74
41 15 75
41 17 15
41 20 9
41 22 8
41 24 25
41 25 4
41 26 6
41 27 11
41 29 76
41 30 31
41 32 31
41 33 28
41 34 78
41 38 25
41 39 50
42 0 10
42 1 39
42 6 8
42 9 58
42 10 4
42 11 64
42 18 4
42 19 64
42 20 50
42 22 63
42 23 37
42 24 15
42 26 80
42 28 30
42 33 35
42 36 49
42 38 59
42 39 41
42 40 74
42 41 62
43 5 51
43 7 79
43 8 58
43 10 52
43 11 5
43 12 32
43 14 48
43 15 44
43 16 12
43 27 16
43 29 14
43 30 64
43 31 21
43 33 40
43 34 76
43 35 70
43 36 33
43 37 7
43 39 44
43 40 67
43 41 62
43 42 29
44 0 12
44 1 63
44 2 20
44 3 41
44 4 41
44 6 13
44 9 26
44 10 44
44 11 20
44 12 17
44 14 31
44 16 22
44 19 29
44 20 4
44 21 29
44 22 41
44 23 48
44 24 23
44 27 11
44 28 43
44 29 65
44 30 74
44 33 9
44 34 15
44 35 21
44 37 54
44 39 26
44 40 42
44 41 19
45 0 35
45 4 36
45 8 72
45 11 51
45 15 78
45 17 40
45 18 45
45 21 65
45 25 5
45 28 62
45 30 72
45 31 60
45 33 80
45 35 14
45 36 48
45 39 49
45 40 36
45 42 17
45 43 70
45 44 23
46 1 13
46 2 14
46 4 74
46 6 71
46 7 54
46 12 64
46 14 74
46 15 20
46 16 29
46 17 16
46 18 77
46 22 20
46 23 15
46 25 38
46 26 65
46 34 65
46 35 59
46 36 49
46 37 17
46 40 35
46 41 13
46 44 7
46 45 60
47 0 59
47 1 4
47 3 74
47 4 54
47 5 71
47 7 45
47 9 72
47 10 66
47 11 25
47 15 26
47 16 69
47 17 56
47 18 38
47 19 37
47 23 67
47 24 3
47 25 52
47 27 78
47 29 54
47 30 77
47 31 47
47 34 68
47 36 10
47 37 32
47 38 68
47 40 73
47 41 29
47 42 55
47 43 48
47 44 66
48 1 44
48 2 61
48 5 43
48 6 74
48 7 61
48 10 45
48 11 36
48 12 74
48 13 6
48 15 60
48 17 7
48 18 53
48 19 65
48 20 76
48 21 59
48 24 76
48 27 65
48 29 38
48 30 27
48 31 68
48 32 6
48 35 22
48 36 61
48 37 35
48 38 42
48 41 40
48 42 79
48 43 52
48 46 44
49 0 22
49 1 41
49 2 23
49 3 44
49 6 16
49 8 27
49 9 71
49 10 14
49 11 74
49 12 47
49 15 2
49 16 28
49 22 49
49 23 39
49 25 74
49 28 13
49 29 42
49 30 74
49 38 29
49 39 40
49 41 29
49 42 31
49 43 46
49 48 77
50 0 16
50 3 69
50 4 10
50 6 27
50 10 63
50 13 29
50 16 44
50 17 39
50 18 13
50 20 55
50 21 3
50 23 22
50 25 1
50 27 18
50 28 43
50 29 71
50 34 13
50 36 37
50 38 45
50 42 68
50 44 58
50 45 71
50 47 33
50 48 55
50 49 41
51 3 10
51 8 28
51 9 23
51 11 34
51 12 71
51 13 30
51 14 28
51 15 25
51 16 32
51 17 30
51 19 10
51 20 12
51 24 76
51 25 29
51 26 53
51 28 21
51 30 41
51 31 62
51 33 39
51 35 46
51 37 39
51 39 17
51 40 16
51 41 30
51 42 26
51 43 9
51 44 66
51 45 56
51 46 35
51 50 27
52 0 22
52 4 19
52 5 11
52 8 46
52 9 61
52 11 60
52 14 67
52 16 79
52 18 71
52 19 31
52 20 12
52 24 35
52 26 14
52 28 72
52 29 25
52 34 6
52 36 27
52 38 17
52 41 54
52 42 32
52 43 7
52 44 53
52 47 61
52 48 45
53 1 29
53 2 79
53 3 34
53 5 71
53 7 12
53 8 77
53 12 13
53 13 3
53 14 1
53 19 68
53 20 69
53 21 54
53 22 67
53 24 74
53 25 9
53 26 72
53 29 14
53 31 55
53 40 23
53 41 38
53 42 23
53 44 40
53 45 6
53 48 58
53 49 80
53 50 46
53 51 6
53 52 10
54 2 18
54 3 42
54 4 68
54 6 75
54 7 14
54 8 65
54 11 38
54 13 2
54 14 66
54 15 70
54 17 31
54 18 32
54 19 49
54 21 29
54 23 35
54 24 29
54 25 57
54 26 32
54 27 39
54 31 2
54 32 10
54 37 39
54 38 60
54 39 59
54 41 21
54 42 56
54 44 22
54 48 60
54 52 18
55 0 14
55 2 34
55 3 4
55 4 20
55 8 39
55 11 67
55 12 27
55 14 74
55 15 15
55 16 42
55 17 36
55 18 40
55 19 60
55 20 70
55 22 52
55 28 41
55 29 43
55 31 45
55 34 74
55 37 29
55 38 43
55 39 37
55 42 44
55 43 33
55 44 77
55 45 18
55 46 76
55 47 62
55 52 1
55 54 72
56 1 64
56 2 13
56 3 58
56 4 70
56 6 52
56 9 64
56 11 49
56 12 59
56 13 75
56 15 11
56 16 75
56 17 20
56 20 33
56 22 12
56 24 7
56 30 39
56 31 3
56 32 15
56 33 48
56 34 49
56 36 10
56 38 44
56 39 53
56 42 67
56 43 22
56 45 23
56 50 19
56 55 28
57 5 22
57 6 61
57 10 28
57 11 17
57 13 50
57 14 51
57 17 32
57 20 80
57 21 40
57 22 24
57 23 13
57 24 78
57 25 74
57 26 67
57 27 9
57 30 11
57 37 72
57 38 66
57 39 75
57 40 32
57 41 26
57 42 2
57 43 74
57 46 7
57 48 54
57 49 52
57 50 10
57 51 20
57 52 10
57 56 38
58 0 37
58 1 39
58 2 8
58 3 41
58 6 71
58 10 27
58 12 77
58 13 31
58 14 35
58 15 47
58 19 5
58 20 58
58 21 6
58 22 12
58 24 1
58 28 69
58 29 29
58 31 49
58 34 20
58 35 54
58 36 61
58 40 36
58 41 53
58 43 69
58 44 43
58 45 18
58 46 30
58 47 35
58 48 20
58 51 2
58 52 3
58 53 77
58 55 76
58 57 42
59 0 3
59 2 65
59 3 28
59 7 3
59 8 13
59 9 54
59 10 16
59 12 13
59 13 74
59 14 10
59 19 19
59 26 27
59 27 17
59 29 77
59 31 52
59 32 21
59 33 32
59 34 42
59 36 37
59 37 38
59 39 53
59 46 12
59 50 42
59 54 41
60 0 78
60 1 63
60 2 27
60 4 10
60 7 10
60 8 55
60 9 47
60 12 63
60 14 57
60 15 22
60 16 28
60 17 43
60 18 60
60 20 75
60 22 45
60 24 23
60 26 39
60 30 31
60 31 35
60 33 69
60 34 25
60 35 60
60 36 31
60 37 15
60 42 79
60 44 12
60 45 31
60 46 74
60 48 38
60 50 13
60 51 15
60 52 46
60 53 9
60 54 43
60 55 19
60 56 9
60 57 47
61 3 57
61 6 78
61 7 31
61 11 3
61 15 21
61 18 45
61 22 39
61 23 41
61 24 49
61 25 61
61 27 26
61 28 60
61 29 46
61 31 78
61 34 52
61 35 78
61 36 13
61 39 78
61 40 14
61 41 60
61 42 68
61 43 45
61 44 14
61 46 64
61 47 31
61 48 2
61 51 25
61 53 44
61 56 42
61 58 7
61 60 26
62 0 76
62 2 34
62 7 28
62 9 65
62 12 55
62 13 65
62 14 47
62 15 37
62 18 48
62 22 59
62 24 45
62 25 62
62 26 7
62 27 69
62 28 47
62 29 46
62 30 63
62 31 41
62 32 45
62 33 33
62 34 35
62 35 75
62 36 31
62 37 49
62 38 65
62 40 67
62 50 7
62 53 20
62 55 9
62 58 15
62 59 11
62 60 41
63 1 54
63 3 3
63 4 43
63 5 31
63 9 26
63 11 7
63 17 10
63 19 55
63 20 69
63 23 69
63 24 23
63 25 8
63 26 75
63 30 42
63 32 70
63 33 71
63 34 77
63 35 60
63 38 64
63 39 28
63 42 32
63 43 42
63 47 24
63 49 64
63 50 66
63 52 8
63 53 68
63 54 41
63 55 31
63 56 44
63 58 34
64 3 23
64 6 26
64 7 53
64 8 62
64 9 30
64 11 14
64 12 25
64 13 6
64 18 63
64 19 30
64 21 58
64 22 71
64 23 9
64 24 65
64 26 8
64 32 38
64 33 52
64 35 23
64 37 27
64 40 10
64 47 76
64 50 17
64 52 23
64 53 63
64 56 15
64 61 69
65 1 73
65 3 31
65 5 59
65 6 44
65 8 69
65 10 4
65 14 6
65 16 32
65 18 65
65 19 80
65 21 80
65 23 60
65 27 69
65 28 36
65 29 63
65 30 22
65 32 22
65 33 4
65 37 67
65 39 27
65 43 12
65 44 64
65 45 11
65 47 10
65 48 25
65 49 38
65 50 52
65 52 61
65 53 64
65 55 25
65 58 52
65 61 1
66 0 74
66 1 27
66 2 46
66 4 67
66 5 55
66 8 49
66 12 5
66 13 33
66 14 48
66 15 5
66 16 30
66 17 4
66 19 46
66 21 75
66 23 62
66 24 38
66 25 49
66 26 5
66 27 6
66 31 18
66 32 3
66 33 78
66 35 41
66 36 4
66 41 48
66 48 9
66 51 24
66 52 64
66 53 8
66 55 24
66 57 23
66 59 35
66 60 55
66 61 74
66 63 14
66 64 76
67 3 46
67 7 2
67 8 78
67 10 75
67 12 35
67 15 78
67 17 26
67 19 11
67 20 40
67 21 34
67 24 20
67 25 70
67 26 66
67 27 23
67 32 63
67 35 50
67 38 72
67 39 47
67 40 61
67 41 16
67 42 30
67 43 22
67 44 12
67 45 6
67 50 11
67 51 53
67 53 11
67 55 67
67 60 56
67 63 23
67 66 53
68 1 9
68 4 41
68 5 51
68 8 11
68 9 10
68 10 48
68 12 23
68 13 2
68 15 57
68 17 9
68 18 15
68 19 15
68 21 56
68 22 79
68 25 8
68 26 31
68 32 73
68 33 2
68 37 9
68 38 60
68 42 8
68 45 66
68 46 44
68 47 75
68 48 3
68 49 78
68 50 44
68 51 17
68 52 57
68 53 9
68 55 38
68 56 43
68 57 39
68 62 41
68 64 3
68 67 22
69 2 74
69 3 5
69 4 47
69 8 26
69 10 43
69 11 63
69 12 75
69 14 13
69 15 49
69 19 20
69 23 42
69 27 49
69 28 4
69 30 54
69 32 18
69 34 1
69 35 61
69 38 57
69 39 13
69 40 40
69 44 21
69 45 80
69 47 3
69 50 49
69 51 59
69 52 44
69 53 23
69 56 57
69 58 5
69 63 31
69 64 77
69 65 23
