70
1 0 8
2 1 5
3 0 95
3 1 16
3 2 31
4 0 112
4 1 26
4 2 116
5 1 35
5 4 90
6 2 77
7 3 78
7 4 56
7 5 93
8 2 8
8 5 109
9 1 108
9 2 53
9 3 30
9 4 10
9 5 74
9 6 20
9 7 46
10 0 80
10 3 106
10 4 115
10 6 51
10 7 104
11 2 85
11 3 24
11 4 34
11 7 96
11 9 14
12 3 90
12 4 6
12 6 21
12 8 113
12 9 97
13 3 51
13 4 46
13 6 83
13 8 75
13 9 92
13 10 53
14 0 62
14 1 61
14 3 19
14 4 51
14 5 52
14 8 22
14 9 32
14 11 70
14 13 58
15 7 4
15 11 44
15 12 14
15 14 25
16 0 3
16 2 8
16 3 9
16 5 55
16 6 46
16 7 83
16 8 117
16 9 6
16 10 66
16 11 11
16 13 95
17 0 25
17 3 48
17 4 36
17 6 9
17 7 110
17 9 28
17 10 106
17 14 16
17 15 113
17 16 96
18 2 97
18 3 74
18 4 102
18 5 119
18 6 20
18 8 120
18 10 62
18 11 104
18 13 33
19 0 102
19 1 102
19 3 92
19 7 92
19 8 44
19 10 47
19 13 12
19 15 72
20 3 15
20 6 83
20 7 72
20 9 8
20 10 68
20 13 91
20 14 15
20 17 57
20 19 111
21 1 104
21 3 33
21 4 82
21 10 30
21 12 110
21 15 35
21 18 22
22 0 100
22 2 60
22 3 120
22 4 29
22 8 99
22 9 37
22 11 6
22 12 77
22 13 111
22 21 73
23 1 19
23 3 87
23 8 116
23 9 76
23 10 49
23 11 59
23 12 56
23 13 46
23 15 6
23 16 4
23 19 69
23 20 76
23 21 16
24 0 24
24 2 99
24 7 8
24 8 79
24 10 16
24 11 64
24 14 89
24 15 20
24 17 5
24 18 38
24 23 12
25 1 60
25 2 52
25 3 104
25 8 40
25 10 61
25 13 52
25 18 107
25 21 87
25 23 54
25 24 21
26 0 19
26 3 60
26 6 49
26 8 71
26 11 44
26 12 18
26 15 83
26 17 8
26 19 27
26 21 92
26 24 88
27 5 92
27 6 74
27 7 57
27 9 101
27 10 117
27 12 2
27 15 50
27 16 55
27 17 22
27 18 72
27 19 15
27 20 46
27 23 36
27 24 63
28 0 49
28 2 23
28 3 106
28 4 111
28 8 17
28 9 81
28 10 67
28 12 50
28 13 12
28 15 63
28 19 3
28 20 58
28 21 32
28 24 120
28 26 93
28 27 95
29 0 40
29 1 109
29 4 22
29 5 77
29 6 92
29 7 87
29 8 56
29 9 100
29 11 21
29 13 84
29 15 13
29 16 62
29 17 114
29 18 87
29 19 74
29 20 29
29 22 116
29 23 33
29 24 103
29 25 90
29 26 13
30 2 18
30 3 53
30 4 12
30 5 49
30 6 81
30 8 86
30 9 55
30 10 2
30 11 77
30 14 27
30 16 53
30 18 12
30 19 44
30 20 44
30 22 6
30 26 73
30 28 64
31 3 74
31 4 51
31 5 33
31 6 101
31 8 2
31 9 77
31 12 111
31 14 110
31 16 81
31 20 29
31 22 70
31 24 108
31 27 66
31 28 95
32 0 29
32 2 32
32 4 80
32 5 29
32 6 7
32 8 20
32 9 37
32 10 5
32 11 7
32 13 17
32 14 72
32 16 77
32 17 41
32 18 5
32 19 54
32 22 54
32 26 16
32 29 75
32 31 107
33 1 114
33 2 113
33 3 103
33 4 59
33 7 42
33 12 116
33 14 71
33 20 87
33 22 42
33 23 45
33 25 60
33 26 3
33 27 6
33 28 84
33 29 45
33 30 36
33 31 117
34 2 94
34 7 7
34 8 27
34 9 107
34 10 113
34 11 24
34 12 24
34 13 2
34 19 41
34 20 75
34 21 83
34 22 115
34 23 32
34 25 28
34 26 50
34 29 106
34 30 20
34 31 101
34 32 110
35 0 47
35 3 67
35 6 55
35 7 48
35 8 100
35 11 101
35 13 27
35 17 27
35 18 34
35 20 33
35 22 22
35 23 107
35 26 73
35 27 61
35 31 61
35 34 111
36 1 30
36 3 105
36 4 58
36 8 112
36 12 31
36 15 115
36 19 55
36 22 2
36 23 43
36 24 85
36 25 98
36 26 17
36 28 72
36 29 110
36 30 117
36 31 35
36 32 2
36 33 98
36 34 15
37 0 27
37 1 69
37 2 19
37 9 75
37 11 95
37 13 42
37 15 90
37 19 51
37 20 10
37 23 32
37 24 7
37 25 108
37 26 71
37 29 88
37 30 46
37 31 106
38 1 111
38 2 86
38 3 46
38 6 52
38 7 82
38 10 20
38 12 82
38 14 92
38 15 41
38 19 4
38 20 99
38 22 55
38 23 11
38 24 110
38 29 83
38 31 109
38 33 98
38 35 26
39 2 107
39 6 47
39 10 54
39 11 64
39 12 30
39 16 16
39 18 82
39 20 41
39 21 43
39 26 81
39 27 85
39 28 9
39 30 44
39 31 96
39 32 85
39 34 62
39 37 118
39 38 28
40 0 52
40 1 84
40 4 20
40 6 79
40 7 92
40 10 96
40 13 26
40 14 53
40 16 15
40 17 68
40 20 14
40 21 22
40 23 47
40 25 16
40 31 15
40 32 115
40 33 23
40 35 117
40 39 56
41 0 89
41 2 21
41 3 21
41 4 33
41 6 75
41 7 67
41 8 82
41 11 42
41 12 89
41 13 55
41 14 85
41 20 80
41 24 58
41 28 115
41 33 48
41 36 61
41 37 99
41 39 40
42 0 65
42 2 49
42 5 15
42 6 109
42 7 13
42 8 108
42 9 13
42 10 58
42 12 7
42 14 27
42 15 27
42 18 99
42 20 114
42 22 93
42 27 26
42 28 2
42 29 22
42 33 13
42 34 6
42 35 96
42 36 116
42 37 78
42 38 44
43 0 7
43 1 9
43 2 105
43 3 99
43 4 104
43 5 20
43 8 95
43 14 18
43 16 49
43 18 104
43 20 29
43 21 65
43 22 50
43 25 104
43 29 75
43 35 58
43 39 82
43 40 113
44 2 39
44 5 14
44 6 1
44 7 80
44 9 18
44 10 62
44 12 105
44 13 117
44 15 1
44 16 104
44 19 100
44 21 11
44 24 19
44 28 52
44 29 11
44 32 43
44 34 23
44 35 50
44 36 76
44 37 30
44 43 2
45 0 86
45 1 4
45 3 58
45 4 119
45 5 12
45 9 1
45 12 110
45 13 3
45 17 11
45 21 118
45 23 31
45 28 82
45 31 91
45 32 57
45 34 41
45 35 103
45 36 20
45 37 59
45 38 66
45 39 40
45 40 92
45 43 68
46 2 114
46 3 73
46 6 41
46 7 24
46 8 105
46 9 105
46 11 59
46 14 40
46 16 69
46 17 43
46 18 47
46 20 84
46 21 10
46 23 97
46 26 7
46 27 106
46 28 95
46 29 38
46 30 85
46 31 114
46 33 59
46 37 50
46 38 119
46 44 29
46 45 50
47 0 116
47 1 85
47 2 24
47 7 103
47 8 71
47 9 72
47 11 9
47 13 45
47 16 92
47 18 27
47 19 110
47 22 85
47 23 58
47 29 80
47 30 32
47 31 75
47 33 120
47 34 101
47 37 47
47 40 50
47 44 110
48 4 58
48 5 9
48 8 113
48 9 23
48 11 36
48 12 57
48 14 64
48 18 22
48 23 47
48 32 58
48 35 92
48 39 19
48 40 20
48 43 56
48 44 15
48 45 70
48 46 53
49 2 76
49 5 109
49 11 16
49 13 89
49 14 65
49 15 57
49 19 56
49 21 72
49 22 1
49 25 14
49 26 63
49 27 55
49 29 2
49 30 84
49 31 77
49 33 98
49 36 16
49 37 69
49 41 116
49 42 77
49 44 10
49 45 97
49 46 80
49 47 92
49 48 9
50 1 36
50 2 46
50 3 116
50 4 13
50 6 37
50 7 107
50 9 23
50 10 12
50 16 27
50 17 62
50 18 34
50 19 99
50 20 64
50 23 59
50 24 108
50 25 56
50 26 103
50 31 88
50 35 120
50 36 37
50 37 1
50 39 116
50 45 108
50 46 78
50 47 40
51 2 64
51 3 114
51 4 1
51 9 72
51 10 12
51 11 16
51 13 28
51 15 5
51 18 45
51 23 13
51 24 37
51 25 59
51 26 69
51 27 88
51 31 46
51 33 83
51 34 44
51 35 16
51 36 69
51 40 29
51 41 29
51 42 120
51 46 21
51 47 22
51 48 61
52 1 110
52 3 116
52 6 91
52 8 64
52 9 100
52 10 39
52 11 69
52 13 105
52 16 20
52 17 113
52 18 112
52 19 108
52 21 1
52 23 114
52 26 34
52 31 67
52 35 59
52 37 90
52 44 109
52 46 102
53 0 22
53 1 30
53 2 46
53 3 30
53 8 119
53 10 4
53 11 75
53 13 84
53 16 35
53 19 41
53 21 38
53 24 119
53 25 61
53 26 71
53 27 84
53 28 18
53 31 50
53 34 114
53 36 85
53 38 120
53 41 102
53 45 13
53 46 108
53 47 114
53 48 56
53 52 62
54 0 11
54 4 4
54 6 75
54 7 38
54 8 53
54 9 105
54 10 11
54 12 45
54 16 87
54 17 79
54 21 61
54 23 95
54 26 25
54 27 63
54 30 14
54 32 54
54 34 34
54 38 82
54 39 36
54 40 37
54 41 108
54 42 14
54 43 1
54 44 58
54 46 21
54 47 2
54 48 35
54 49 99
54 50 40
54 53 21
55 4 6
55 7 29
55 10 29
55 13 89
55 14 44
55 15 62
55 19 107
55 20 61
55 21 71
55 23 72
55 24 25
55 25 2
55 27 88
55 33 82
55 37 96
55 39 24
55 41 48
55 43 91
55 46 52
55 47 24
55 48 15
55 50 16
55 53 86
56 0 4
56 2 77
56 4 1
56 6 25
56 7 9
56 8 45
56 9 15
56 12 31
56 15 64
56 17 4
56 19 92
56 20 113
56 22 75
56 23 116
56 24 2
56 27 63
56 30 28
56 32 37
56 33 76
56 35 63
56 36 76
56 39 51
56 41 35
56 47 59
56 49 64
56 50 48
56 53 107
56 54 88
56 55 110
57 0 21
57 1 51
57 3 56
57 4 30
57 5 117
57 7 35
57 11 53
57 12 6
57 13 84
57 14 82
57 15 76
57 16 107
57 18 100
57 20 31
57 21 100
57 22 78
57 24 103
57 27 69
57 28 70
57 30 27
57 33 83
57 36 28
57 39 93
57 40 14
57 42 114
57 46 80
57 48 50
57 49 75
57 50 34
57 51 118
57 52 23
57 56 83
58 1 101
58 4 53
58 7 8
58 9 94
58 10 43
58 13 103
58 14 108
58 16 117
58 22 34
58 25 86
58 28 103
58 30 120
58 32 55
58 33 97
58 36 63
58 37 42
58 38 105
58 39 81
58 40 85
58 43 120
58 44 100
58 45 39
58 46 51
58 50 70
58 51 45
58 53 35
58 54 98
58 55 111
58 56 116
59 3 13
59 6 31
59 7 84
59 10 40
59 13 120
59 16 117
59 17 7
59 19 10
59 21 41
59 22 56
59 24 80
59 25 13
59 26 8
59 29 17
59 32 7
59 35 43
59 36 99
59 40 21
59 41 61
59 43 2
59 47 115
59 49 38
59 51 47
59 53 116
59 54 11
59 55 57
59 57 119
59 58 69
60 2 53
60 5 81
60 6 50
60 9 51
60 10 60
60 12 47
60 13 14
60 24 34
60 27 21
60 29 107
60 30 37
60 33 56
60 34 50
60 35 29
60 36 45
60 38 117
60 39 82
60 40 14
60 41 11
60 46 28
60 47 72
60 48 107
60 49 84
60 50 71
60 53 80
60 54 70
60 56 47
60 57 3
60 58 36
60 59 68
61 0 34
61 1 30
61 3 36
61 7 10
61 8 85
61 9 96
61 17 67
61 19 80
61 21 83
61 22 9
61 23 15
61 28 72
61 29 10
61 34 87
61 38 55
61 41 27
61 43 6
61 44 117
61 48 74
61 49 81
61 54 9
61 57 4
61 59 4
62 0 82
62 2 53
62 3 26
62 8 68
62 10 92
62 12 83
62 14 15
62 18 66
62 21 28
62 25 89
62 27 6
62 29 13
62 31 57
62 32 27
62 33 4
62 38 108
62 39 47
62 40 43
62 42 117
62 46 13
62 47 37
62 49 112
62 52 6
62 53 61
62 56 96
62 58 30
62 59 66
63 1 120
63 2 90
63 4 10
63 8 23
63 9 115
63 10 108
63 12 45
63 17 111
63 19 101
63 20 76
63 21 32
63 24 90
63 25 55
63 28 55
63 29 35
63 30 57
63 31 105
63 32 116
63 33 49
63 37 36
63 39 43
63 40 23
63 41 39
63 44 84
63 48 65
63 55 40
63 56 23
63 58 44
63 59 61
63 61 20
63 62 92
64 1 51
64 2 92
64 5 66
64 9 47
64 11 88
64 19 28
64 20 118
64 21 87
64 22 97
64 27 94
64 28 23
64 30 61
64 31 43
64 32 6
64 37 58
64 41 93
64 43 52
64 45 77
64 47 44
64 48 11
64 49 81
64 51 114
64 57 48
64 59 53
64 61 31
64 63 10
65 0 88
65 1 36
65 2 82
65 5 34
65 6 66
65 8 45
65 9 83
65 11 109
65 12 66
65 15 108
65 16 56
65 18 94
65 19 50
65 23 118
65 24 112
65 28 86
65 30 4
65 31 29
65 32 64
65 37 7
65 38 60
65 41 16
65 42 89
65 46 73
65 47 75
65 49 11
65 54 120
65 55 36
65 56 70
65 57 113
65 60 92
65 62 86
65 63 103
65 64 88
66 1 14
66 8 99
66 9 46
66 10 88
66 12 56
66 15 76
66 16 44
66 17 115
66 18 9
66 19 96
66 20 21
66 21 67
66 22 55
66 23 109
66 26 59
66 27 105
66 28 76
66 29 104
66 30 100
66 31 34
66 34 57
66 38 87
66 40 118
66 41 31
66 42 2
66 44 74
66 45 22
66 46 113
66 51 21
66 56 70
66 58 110
66 61 53
66 62 48
66 63 6
66 64 1
67 5 77
67 6 16
67 7 80
67 9 54
67 11 33
67 13 17
67 14 67
67 15 119
67 16 10
67 21 69
67 22 27
67 23 37
67 24 18
67 26 63
67 28 85
67 30 19
67 31 12
67 33 45
67 34 9
67 35 58
67 36 42
67 38 3
67 41 67
67 42 8
67 43 2
67 44 17
67 45 3
67 48 68
67 52 9
67 53 22
67 54 91
67 56 20
67 57 13
67 59 36
67 60 37
67 61 60
67 62 72
67 64 6
67 66 47
68 1 53
68 3 118
68 4 50
68 7 106
68 9 105
68 11 105
68 13 83
68 14 72
68 18 94
68 21 20
68 23 22
68 26 63
68 27 60
68 28 69
68 29 62
68 31 6
68 32 94
68 33 41
68 35 52
68 36 71
68 38 9
68 39 43
68 40 113
68 42 115
68 44 44
68 45 80
68 46 84
68 47 99
68 49 96
68 50 22
68 54 108
68 56 57
68 57 38
68 58 11
68 60 52
68 61 84
68 62 97
68 63 118
68 64 104
68 66 116
68 67 77
69 1 34
69 6 18
69 7 24
69 8 105
69 9 40
69 11 70
69 12 118
69 13 14
69 17 67
69 19 4
69 20 3
69 24 19
69 25 7
69 27 112
69 29 14
69 30 74
69 31 74
69 33 40
69 34 46
69 35 30
69 36 93
69 37 21
69 38 76
69 40 102
69 41 115
69 42 79
69 43 96
69 45 74
69 46 80
69 47 6
69 48 90
69 51 25
69 57 42
69 58 9
69 60 4
69 62 112
69 65 8
69 67 17
