50
2 0 74
2 1 31
3 0 15
3 1 22
3 2 51
4 0 65
4 3 26
5 0 45
5 2 37
5 3 18
6 0 1
6 4 58
7 3 70
8 0 12
8 1 50
8 4 14
8 5 83
8 6 98
8 7 22
9 0 68
10 2 26
10 4 60
10 5 92
10 6 42
10 8 58
11 0 91
11 3 77
11 5 20
11 6 31
11 9 81
11 10 2
12 3 88
12 4 66
12 5 40
12 7 39
13 0 17
13 1 38
13 3 92
13 4 39
13 6 48
13 8 55
13 10 10
13 11 91
13 12 40
14 2 53
14 3 68
14 4 63
14 5 55
14 6 82
14 8 66
14 11 59
14 12 25
14 13 55
15 0 11
15 3 59
15 4 97
15 8 42
15 9 95
15 10 45
15 11 63
15 13 73
15 14 79
16 0 36
16 1 66
16 2 13
16 4 42
16 5 71
16 7 78
16 8 81
16 10 13
16 11 48
16 12 11
16 13 88
17 0 32
17 2 87
17 4 36
17 5 83
17 9 69
17 10 77
17 11 98
17 12 65
17 15 56
17 16 7
18 2 31
18 3 90
18 4 68
18 5 50
18 9 76
18 10 18
18 12 3
18 15 29
18 16 94
19 1 49
19 2 84
19 4 26
19 6 75
19 7 53
19 8 29
19 9 56
19 10 93
19 13 22
19 14 71
19 15 83
19 17 10
20 0 81
20 1 51
20 3 49
20 4 22
20 8 13
20 11 85
20 13 61
20 16 95
20 17 15
21 0 97
21 5 25
21 6 46
21 7 74
21 8 28
21 9 64
21 11 76
21 15 86
22 0 79
22 1 52
22 2 94
22 3 22
22 7 20
22 8 77
22 11 56
22 12 82
22 19 23
22 20 4
23 1 63
23 2 26
23 4 37
23 5 75
23 7 90
23 8 48
23 9 21
23 10 46
23 12 4
23 13 31
23 16 11
23 17 76
23 21 17
24 1 80
24 6 36
24 8 44
24 9 82
24 12 42
24 13 13
24 14 6
24 16 52
24 17 46
24 18 27
24 19 83
24 20 91
24 21 24
24 22 21
25 0 4
25 1 3
25 4 35
25 6 58
25 9 68
25 13 38
25 14 16
25 16 87
25 19 67
25 20 44
25 21 77
25 23 46
26 2 71
26 4 80
26 5 43
26 8 21
26 9 82
26 10 33
26 12 65
26 15 54
26 23 28
26 25 61
27 0 54
27 8 92
27 10 74
27 13 71
27 14 74
27 15 40
27 16 41
27 17 3
27 18 36
27 21 70
27 22 85
27 23 79
27 24 58
28 1 33
28 3 19
28 5 33
28 6 44
28 9 75
28 10 89
28 12 65
28 13 3
28 14 57
28 15 97
28 16 1
28 17 95
28 18 75
28 21 52
28 22 81
28 24 87
28 25 8
28 27 64
29 0 94
29 1 61
29 2 39
29 4 17
29 6 38
29 7 20
29 13 55
29 14 83
29 19 48
29 20 62
29 21 39
29 25 96
30 2 53
30 4 93
30 7 54
30 8 11
30 10 30
30 11 44
30 12 11
30 14 39
30 15 66
30 17 46
30 19 92
30 21 49
30 22 70
30 24 70
30 26 27
30 28 10
31 1 78
31 2 72
31 3 73
31 4 91
31 6 62
31 8 43
31 9 21
31 11 83
31 13 98
31 14 56
31 15 72
31 16 90
31 21 45
31 22 60
31 24 23
31 29 46
32 0 5
32 3 63
32 4 88
32 9 25
32 10 68
32 11 56
32 12 27
32 15 84
32 16 11
32 19 6
32 22 25
32 23 55
32 25 28
32 30 85
33 0 95
33 6 59
33 7 8
33 8 45
33 9 55
33 12 79
33 13 25
33 15 94
33 16 12
33 18 95
33 20 76
33 22 94
33 25 64
33 27 31
33 30 53
33 31 33
34 0 68
34 2 77
34 5 17
34 7 72
34 8 68
34 9 27
34 12 2
34 16 2
34 19 95
34 20 84
34 21 37
34 23 6
34 24 9
34 25 30
34 26 39
34 27 28
34 28 41
34 29 59
34 30 17
34 31 40
34 32 86
34 33 79
35 0 79
35 1 83
35 3 65
35 4 62
35 7 59
35 10 44
35 12 75
35 17 41
35 18 47
35 20 39
35 21 18
35 26 27
35 29 66
35 30 89
35 33 31
35 34 90
36 3 93
36 4 31
36 9 59
36 10 42
36 13 8
36 14 78
36 15 17
36 16 59
36 17 43
36 22 91
36 25 23
36 27 8
36 29 98
36 30 96
36 33 94
37 0 19
37 6 53
37 9 82
37 11 86
37 13 70
37 14 35
37 17 15
37 18 25
37 19 22
37 20 17
37 24 17
37 25 49
37 26 65
37 28 41
37 30 57
37 31 69
37 32 41
37 33 42
37 34 47
38 0 93
38 3 11
38 5 62
38 7 52
38 9 34
38 11 98
38 12 95
38 21 78
38 22 13
38 24 72
38 28 34
38 30 95
38 31 36
38 33 3
38 34 31
38 35 5
38 36 29
38 37 93
39 0 57
39 2 69
39 7 43
39 10 7
39 11 32
39 12 15
39 13 42
39 14 37
39 17 44
39 18 37
39 19 65
39 26 3
39 35 14
39 37 67
40 0 15
40 1 10
40 2 21
40 3 24
40 5 15
40 6 80
40 7 23
40 11 98
40 13 84
40 15 12
40 16 2
40 18 95
40 19 25
40 20 58
40 21 37
40 23 84
40 24 11
40 26 86
40 29 89
40 30 58
40 31 74
40 33 95
40 34 20
40 37 77
40 38 99
40 39 77
41 1 32
41 4 48
41 5 59
41 6 82
41 11 45
41 12 57
41 14 26
41 15 86
41 16 28
41 17 3
41 18 63
41 22 80
41 26 91
41 28 80
41 31 46
41 37 48
41 38 43
41 40 46
42 3 28
42 5 35
42 7 76
42 8 6
42 13 47
42 15 10
42 16 42
42 18 69
42 19 63
42 20 12
42 23 25
42 24 28
42 25 18
42 26 80
42 30 1
42 32 99
42 33 45
42 35 70
42 38 93
42 39 27
42 41 33
43 0 57
43 2 67
43 5 16
43 6 17
43 8 48
43 13 13
43 16 62
43 19 87
43 20 31
43 23 64
43 25 96
43 26 83
43 28 53
43 29 72
43 32 35
43 34 80
43 35 49
43 36 58
43 37 37
43 39 32
43 41 21
43 42 65
44 1 72
44 2 65
44 7 35
44 8 77
44 9 94
44 11 40
44 12 70
44 14 58
44 16 43
44 17 20
44 21 73
44 26 9
44 30 93
44 31 44
44 33 59
44 38 41
44 42 78
45 0 83
45 1 32
45 3 8
45 10 71
45 13 13
45 14 42
45 18 69
45 19 93
45 24 79
45 27 83
45 28 62
45 30 24
45 31 90
45 32 60
45 33 16
45 34 9
45 37 18
45 39 46
45 41 11
45 43 75
46 0 64
46 2 59
46 5 84
46 6 54
46 7 78
46 8 77
46 10 37
46 11 25
46 13 89
46 16 1
46 21 6
46 22 34
46 23 71
46 24 72
46 25 3
46 26 50
46 27 17
46 29 13
46 30 66
46 32 75
46 33 51
46 34 67
46 35 74
46 38 31
46 41 42
46 45 31
47 0 40
47 1 68
47 2 94
47 3 26
47 5 30
47 6 54
47 8 85
47 9 57
47 11 61
47 14 69
47 16 93
47 19 22
47 22 6
47 23 5
47 26 37
47 28 89
47 29 21
47 30 46
47 32 57
47 35 24
47 37 6
47 40 51
47 41 53
47 44 27
47 46 38
48 0 33
48 3 91
48 4 96
48 5 71
48 12 36
48 13 76
48 14 70
48 15 64
48 17 99
48 19 84
48 21 30
48 22 89
48 25 61
48 26 98
48 27 75
48 28 78
48 31 13
48 36 32
48 37 91
48 38 66
48 40 35
48 41 33
48 42 26
48 44 50
48 47 34
49 1 71
49 4 82
49 5 97
49 9 6
49 10 93
49 11 65
49 12 67
49 13 60
49 14 20
49 15 26
49 18 15
49 22 67
49 24 33
49 25 98
49 28 41
49 29 9
49 32 85
49 34 85
49 35 61
49 37 31
49 38 19
49 40 37
49 42 38
49 44 58
