40
1 0 16
3 0 3
4 0 11
4 1 14
4 2 8
5 0 18
5 3 12
5 4 10
6 0 14
6 2 18
6 4 10
7 3 7
7 6 15
8 3 5
8 7 13
9 3 5
9 4 7
9 5 12
9 6 17
9 7 2
9 8 1
10 2 14
10 3 19
10 8 15
11 0 7
11 1 3
11 6 1
11 7 2
11 8 15
11 9 19
12 1 7
12 3 14
12 4 10
12 5 13
12 6 10
12 9 20
12 10 19
12 11 7
13 3 14
13 4 5
13 6 15
13 7 18
13 10 7
13 11 18
13 12 18
14 0 3
14 3 9
14 4 13
14 10 20
14 13 6
15 0 5
15 1 8
15 7 17
15 13 2
15 14 1
16 1 10
16 8 10
16 9 3
16 12 19
16 15 16
17 1 11
17 11 6
17 14 2
18 2 8
18 3 8
18 4 18
18 6 6
18 8 4
18 11 13
18 13 9
18 14 10
19 3 7
19 5 8
19 7 19
19 8 5
19 9 5
19 11 1
19 12 7
19 13 6
19 14 2
19 15 2
19 17 5
19 18 16
20 0 13
20 2 13
20 4 14
20 5 19
20 7 17
20 11 5
20 13 9
20 14 17
20 15 6
20 16 8
20 19 15
21 3 14
21 5 5
21 12 7
21 13 19
21 14 3
21 19 17
21 20 3
22 0 20
22 5 13
22 6 13
22 12 2
22 15 19
22 17 6
22 20 3
22 21 16
23 1 6
23 4 10
23 5 18
23 8 18
23 10 3
23 11 1
23 12 18
23 13 19
23 14 6
23 15 8
23 17 16
23 21 17
24 0 19
24 4 1
24 6 18
24 7 6
24 11 5
24 17 15
24 23 12
25 0 17
25 1 4
25 2 7
25 3 11
25 4 6
25 5 10
25 9 6
25 10 13
25 11 20
25 12 7
25 14 7
25 16 3
25 19 16
26 0 16
26 1 19
26 2 12
26 6 5
26 7 5
26 10 19
26 13 17
26 14 12
26 15 15
26 17 14
26 18 19
26 19 9
26 24 12
27 0 5
27 1 5
27 3 11
27 5 20
27 8 17
27 11 5
27 14 19
27 17 5
27 18 9
27 19 16
27 20 14
27 22 4
27 23 13
27 25 11
28 2 2
28 3 14
28 6 17
28 8 3
28 9 19
28 10 4
28 11 17
28 12 20
28 14 1
28 15 15
28 17 18
28 19 17
28 20 18
28 23 10
28 24 14
28 27 5
29 0 7
29 3 1
29 4 20
29 5 12
29 6 7
29 7 10
29 9 20
29 10 3
29 12 14
29 14 12
29 15 19
29 17 4
29 20 2
29 23 20
29 24 5
29 25 13
29 26 19
29 28 20
30 4 12
30 8 18
30 9 1
30 10 5
30 14 7
30 15 3
30 16 18
30 19 13
30 21 4
30 23 7
30 24 4
30 26 10
30 28 20
31 0 2
31 1 15
31 2 13
31 3 20
31 4 11
31 5 1
31 7 8
31 9 10
31 17 9
31 18 12
31 22 17
31 23 2
31 24 17
31 26 16
31 28 6
31 29 14
31 30 1
32 2 13
32 3 17
32 6 4
32 7 7
32 13 4
32 16 12
32 19 17
32 20 11
32 25 1
32 26 19
32 28 15
32 29 17
33 0 13
33 2 16
33 3 3
33 7 8
33 10 6
33 11 16
33 12 13
33 15 17
33 17 16
33 18 19
33 19 7
33 22 15
33 23 9
33 24 16
33 25 8
33 27 4
33 31 14
34 0 2
34 2 15
34 3 20
34 4 14
34 5 9
34 6 6
34 7 20
34 9 10
34 12 9
34 13 2
34 15 20
34 17 1
34 19 5
34 20 2
34 25 19
34 27 14
34 29 17
34 31 10
34 32 6
35 2 17
35 3 5
35 5 9
35 8 12
35 13 7
35 14 1
35 15 7
35 16 18
35 17 4
35 20 9
35 21 19
35 22 15
35 24 19
35 25 18
35 31 9
35 34 16
36 1 20
36 2 3
36 9 2
36 14 2
36 16 7
36 18 20
36 20 11
36 21 20
36 23 8
36 24 11
36 26 3
36 28 7
36 29 1
36 33 7
36 35 16
37 3 8
37 5 20
37 11 14
37 12 20
37 14 13
37 15 2
37 18 9
37 19 13
37 20 13
37 21 19
37 23 3
37 25 1
37 27 8
37 29 20
37 31 16
37 33 11
37 34 3
37 36 7
38 0 3
38 1 10
38 5 6
38 6 3
38 7 17
38 9 9
38 14 19
38 16 8
38 18 13
38 19 20
38 21 12
38 22 7
38 24 4
38 25 16
38 28 9
38 31 11
38 33 14
38 35 6
38 36 10
38 37 8
39 4 12
39 5 11
39 6 11
39 7 2
39 9 13
39 11 2
39 13 1
39 14 19
39 15 2
39 16 8
39 17 20
39 18 15
39 20 8
39 21 10
39 23 10
39 24 7
39 26 1
39 27 8
39 29 19
39 33 9
39 35 11
39 37 14
39 38 13
