30
2 0 7
2 1 15
3 1 22
4 0 4
4 1 17
4 2 37
5 1 13
5 2 40
5 4 38
6 0 13
6 3 25
6 4 1
6 5 7
7 0 9
8 0 10
8 1 36
8 3 17
8 4 40
8 5 16
9 1 13
9 4 2
9 6 30
9 7 8
10 0 4
10 1 37
10 3 18
10 5 1
10 6 21
11 0 24
11 1 10
11 4 23
11 7 35
12 0 16
12 1 4
12 4 19
12 5 20
12 8 33
12 10 17
12 11 20
13 0 33
13 1 1
13 2 27
13 3 19
13 6 6
13 8 11
13 11 30
13 12 23
14 0 18
14 1 16
14 3 15
14 4 27
14 6 2
14 11 17
15 0 39
15 2 28
15 3 35
15 4 19
15 5 28
15 7 3
15 8 12
15 11 22
15 12 24
15 13 35
16 1 39
16 5 2
16 6 32
16 8 34
16 9 39
16 11 25
17 1 20
17 3 7
17 7 22
17 8 21
17 11 15
17 13 8
17 14 8
17 15 8
18 0 32
18 1 1
18 3 10
18 4 40
18 5 3
18 10 10
18 11 29
18 13 29
18 14 5
18 15 18
18 17 2
19 0 6
19 1 20
19 3 20
19 4 4
19 6 2
19 8 39
19 9 13
19 10 4
19 12 18
19 13 4
19 14 29
19 15 23
19 17 25
20 0 31
20 1 23
20 3 8
20 5 4
20 6 33
20 18 18
21 1 3
21 3 18
21 6 7
21 7 36
21 8 30
21 9 21
21 12 40
21 16 13
22 0 27
22 1 38
22 2 30
22 7 29
22 8 23
22 9 31
22 13 22
22 17 24
22 21 39
23 1 5
23 2 29
23 3 11
23 4 11
23 5 34
23 8 25
23 9 18
23 10 28
23 11 7
23 12 12
23 14 15
23 16 1
23 17 25
23 20 9
23 21 40
23 22 25
24 2 4
24 3 25
24 4 35
24 6 28
24 7 13
24 16 13
24 18 36
24 19 32
24 21 16
24 22 25
24 23 12
25 1 2
25 3 8
25 4 11
25 5 3
25 6 36
25 8 15
25 9 39
25 10 36
25 11 23
25 13 37
25 15 14
25 16 1
25 17 5
25 21 5
25 23 30
25 24 14
26 1 38
26 4 37
26 5 23
26 7 32
26 8 38
26 10 26
26 11 10
26 16 35
26 17 37
26 18 19
26 21 2
26 22 28
26 23 39
26 24 8
26 25 9
27 0 29
27 1 22
27 3 37
27 4 8
27 5 16
27 9 12
27 11 31
27 12 20
27 13 5
27 14 6
27 15 8
27 16 20
27 19 40
27 20 14
27 22 35
27 26 31
28 0 31
28 1 3
28 2 23
28 3 1
28 5 28
28 6 4
28 7 20
28 9 8
28 11 14
28 15 36
28 19 4
28 21 18
28 22 24
28 23 32
28 25 35
28 27 39
29 0 11
29 2 16
29 3 24
29 5 35
29 7 36
29 9 36
29 10 3
29 11 20
29 13 30
29 14 8
29 15 18
29 16 27
29 17 22
29 19 39
29 20 20
29 21 26
29 22 14
29 23 20
29 25 8
