60
1 0 30
3 0 9
3 1 34
4 2 33
5 0 25
5 1 27
5 2 40
6 0 34
6 1 29
6 2 13
6 5 31
7 1 33
7 2 29
7 3 38
8 0 32
8 2 19
8 4 35
8 5 36
8 7 27
9 0 37
9 2 17
9 4 18
9 6 8
9 8 7
10 0 13
10 1 21
10 2 15
10 8 31
11 0 15
11 1 25
11 2 22
11 3 6
11 5 20
11 6 16
11 7 6
11 9 39
11 10 31
12 4 8
12 6 21
12 8 6
13 4 37
13 5 24
13 7 7
13 8 39
13 9 2
13 11 2
13 12 15
14 3 27
14 4 8
14 5 37
14 6 19
14 7 1
14 10 7
14 13 10
15 1 37
15 3 27
15 4 8
15 5 10
15 7 30
15 8 40
15 11 21
16 1 17
16 3 12
16 4 36
16 5 31
16 7 35
16 10 26
16 11 21
16 14 6
16 15 11
17 2 10
17 3 40
17 6 14
17 8 19
17 9 28
17 11 1
17 14 17
17 15 1
17 16 34
18 1 5
18 3 17
18 5 12
18 6 11
18 8 9
18 10 37
18 12 37
18 15 38
18 17 37
19 2 15
19 3 7
19 8 8
19 12 31
19 13 9
19 14 13
19 15 25
19 17 39
20 0 18
20 4 34
20 5 6
20 6 12
20 7 40
20 10 33
20 13 25
20 16 16
20 17 1
20 19 22
21 1 30
21 5 32
21 6 1
21 8 24
21 9 30
21 10 14
21 13 9
21 14 12
21 17 16
21 18 1
21 20 37
22 1 8
22 4 35
22 5 20
22 6 30
22 7 16
22 8 9
22 10 35
22 11 8
22 12 12
22 13 14
22 16 40
22 19 4
23 0 32
23 4 12
23 5 12
23 6 22
23 9 32
23 11 9
23 12 27
23 14 8
23 18 34
23 19 35
24 0 39
24 1 36
24 3 22
24 4 39
24 8 27
24 9 9
24 11 6
24 12 15
24 13 17
24 16 39
24 19 1
24 21 2
24 23 13
25 2 7
25 4 5
25 5 30
25 6 40
25 8 7
25 9 2
25 10 27
25 11 11
25 12 35
25 13 9
25 14 33
25 16 38
25 17 3
25 18 29
25 20 25
25 22 27
26 0 17
26 3 17
26 4 2
26 6 24
26 7 34
26 10 28
26 11 10
26 12 4
26 15 29
26 17 24
26 18 4
26 19 37
26 25 34
27 0 24
27 1 20
27 3 28
27 5 25
27 6 1
27 8 33
27 12 28
27 14 29
27 16 12
27 18 34
27 20 37
27 22 34
27 23 36
27 24 10
27 26 4
28 0 17
28 2 34
28 5 29
28 9 32
28 12 31
28 13 22
28 14 20
28 16 36
28 17 38
28 18 25
28 19 34
28 20 36
28 22 14
28 23 5
28 24 14
28 26 20
28 27 2
29 1 11
29 4 11
29 6 31
29 7 8
29 8 24
29 14 26
29 15 27
29 16 38
29 18 9
29 23 25
29 25 29
29 27 35
29 28 24
30 2 30
30 4 6
30 5 28
30 6 25
30 7 25
30 8 1
30 12 22
30 13 2
30 14 19
30 15 5
30 16 33
30 17 30
30 18 27
30 19 30
30 20 21
30 21 28
30 22 17
30 23 15
30 25 16
30 29 36
31 2 5
31 4 33
31 5 18
31 6 2
31 9 28
31 12 22
31 13 37
31 16 22
31 19 23
31 21 33
31 24 34
31 25 16
31 26 20
31 27 18
31 28 35
31 30 38
32 0 19
32 2 28
32 4 36
32 5 13
32 7 15
32 8 9
32 9 1
32 10 11
32 11 23
32 15 37
32 16 7
32 18 25
32 20 4
32 22 20
32 23 6
32 24 16
32 26 15
32 27 23
32 29 29
32 30 17
33 0 32
33 1 12
33 2 39
33 3 31
33 4 14
33 5 27
33 7 24
33 8 23
33 9 20
33 12 28
33 15 6
33 20 27
33 21 30
33 22 6
33 23 14
33 24 18
33 27 8
33 28 2
33 31 5
34 2 37
34 3 32
34 5 26
34 11 9
34 12 32
34 17 15
34 20 25
34 21 24
34 23 7
34 27 6
34 30 2
35 0 8
35 3 38
35 5 23
35 8 1
35 9 32
35 11 22
35 12 21
35 14 35
35 15 10
35 16 3
35 18 22
35 19 29
35 20 36
35 22 8
35 29 19
35 31 24
35 32 2
35 33 24
36 0 23
36 1 1
36 2 38
36 7 5
36 8 2
36 11 30
36 13 32
36 14 19
36 21 33
36 23 16
36 24 28
36 25 19
36 26 17
36 29 19
36 32 11
36 35 18
37 0 8
37 2 4
37 3 37
37 4 34
37 7 13
37 9 11
37 10 5
37 14 4
37 19 18
37 21 20
37 23 12
37 25 2
37 26 33
37 28 12
37 29 20
37 32 36
37 33 15
37 34 21
37 36 28
38 1 10
38 3 29
38 4 1
38 5 16
38 6 1
38 7 25
38 9 5
38 11 6
38 14 36
38 15 1
38 19 14
38 20 17
38 24 21
38 28 16
38 29 7
38 34 28
38 35 29
38 36 24
39 0 31
39 6 18
39 8 6
39 11 24
39 12 23
39 14 7
39 15 20
39 16 13
39 23 15
39 24 23
39 26 19
39 29 40
39 30 22
39 31 25
39 32 21
39 33 29
39 38 37
40 1 5
40 3 34
40 5 20
40 8 25
40 12 18
40 13 31
40 14 37
40 16 29
40 17 38
40 18 28
40 19 37
40 20 6
40 21 24
40 24 26
40 27 22
40 30 2
40 31 34
40 33 19
40 34 21
40 36 5
40 39 21
41 0 17
41 1 13
41 3 2
41 6 20
41 7 5
41 8 40
41 9 22
41 10 3
41 12 17
41 13 24
41 14 38
41 16 13
41 17 36
41 18 23
41 21 33
41 26 7
41 27 2
41 28 26
41 29 27
41 33 40
42 3 24
42 4 26
42 6 13
42 8 20
42 13 25
42 18 26
42 19 39
42 22 37
42 23 31
42 26 18
42 27 36
42 29 11
42 31 31
42 32 35
42 33 28
42 35 26
42 37 15
42 39 15
42 40 19
42 41 3
43 1 20
43 3 29
43 4 1
43 8 13
43 10 20
43 11 12
43 12 34
43 13 10
43 15 37
43 16 19
43 19 40
43 24 16
43 25 23
43 29 13
43 32 27
43 35 23
43 36 5
43 37 29
43 39 30
43 40 14
43 41 21
44 3 22
44 5 25
44 9 30
44 11 13
44 13 17
44 16 7
44 20 15
44 22 27
44 23 20
44 24 28
44 29 21
44 31 39
44 33 25
44 35 4
44 38 29
44 39 1
44 40 21
44 41 22
44 42 39
45 0 40
45 1 5
45 3 9
45 4 20
45 7 36
45 8 6
45 9 15
45 16 37
45 18 36
45 19 29
45 20 35
45 23 9
45 25 7
45 26 20
45 29 28
45 31 16
45 34 16
45 36 33
45 37 31
45 38 38
45 41 23
46 0 7
46 1 14
46 6 30
46 7 14
46 8 11
46 9 40
46 10 13
46 12 35
46 13 26
46 15 11
46 17 1
46 20 33
46 21 3
46 22 33
46 23 6
46 24 11
46 27 1
46 28 15
46 30 3
46 31 5
46 32 15
46 33 35
46 35 14
46 36 25
46 37 39
46 39 17
46 40 6
46 41 6
46 43 6
47 3 9
47 5 30
47 6 27
47 7 18
47 8 21
47 9 8
47 10 9
47 16 17
47 18 38
47 21 2
47 22 23
47 24 16
47 25 4
47 28 3
47 30 27
47 31 39
47 32 17
47 33 13
47 35 11
47 38 37
47 42 31
47 43 13
47 44 13
47 45 32
48 4 40
48 5 12
48 6 3
48 9 16
48 10 5
48 11 31
48 12 9
48 13 27
48 14 8
48 16 32
48 19 4
48 21 15
48 22 10
48 26 10
48 27 38
48 33 21
48 37 30
48 38 26
48 39 19
48 41 32
48 43 37
48 44 17
48 45 23
48 46 12
48 47 13
49 4 9
49 5 23
49 6 16
49 8 15
49 9 13
49 14 28
49 15 38
49 17 19
49 21 17
49 23 27
49 24 30
49 29 24
49 30 8
49 31 6
49 33 24
49 40 4
49 44 23
49 45 40
49 46 34
49 47 6
49 48 34
50 0 29
50 3 27
50 4 11
50 6 35
50 9 28
50 10 12
50 11 37
50 14 39
50 15 2
50 18 22
50 22 34
50 26 20
50 28 6
50 29 19
50 32 15
50 33 38
50 34 7
50 35 14
50 36 35
50 39 16
50 41 5
50 42 2
50 43 37
50 44 23
50 46 24
50 47 11
50 48 5
50 49 1
51 0 30
51 1 40
51 4 30
51 5 11
51 7 11
51 14 15
51 16 2
51 18 10
51 20 34
51 21 14
51 22 15
51 23 29
51 25 23
51 26 19
51 27 29
51 29 39
51 31 12
51 32 36
51 35 24
51 36 32
51 37 31
51 40 34
51 42 11
51 46 32
51 47 7
51 48 26
51 49 34
52 0 31
52 1 3
52 5 34
52 7 27
52 10 26
52 14 2
52 15 23
52 16 2
52 17 14
52 18 9
52 24 1
52 26 34
52 28 18
52 30 32
52 34 32
52 37 37
52 38 36
52 39 22
52 40 39
52 41 35
52 42 10
52 43 27
52 44 5
52 46 9
52 49 11
53 1 12
53 2 37
53 4 5
53 5 24
53 11 2
53 14 12
53 17 2
53 18 6
53 21 39
53 23 20
53 24 15
53 26 9
53 29 9
53 31 15
53 33 27
53 34 1
53 37 34
53 38 17
53 41 18
53 47 17
53 50 20
53 51 37
53 52 34
54 0 5
54 4 34
54 5 25
54 8 20
54 10 22
54 12 24
54 14 37
54 15 23
54 16 21
54 17 27
54 20 29
54 21 34
54 23 31
54 27 16
54 28 40
54 29 7
54 30 39
54 31 40
54 34 36
54 35 33
54 38 10
54 39 37
54 40 3
54 45 18
54 46 39
54 49 25
54 50 23
54 52 12
55 1 28
55 2 4
55 4 14
55 5 1
55 8 38
55 16 15
55 17 30
55 18 7
55 19 16
55 20 28
55 22 33
55 26 16
55 31 19
55 33 9
55 35 22
55 36 33
55 37 24
55 44 4
55 47 23
55 52 22
55 53 4
56 2 28
56 3 22
56 5 28
56 8 19
56 16 38
56 17 12
56 18 22
56 21 6
56 22 14
56 25 26
56 27 30
56 28 37
56 34 33
56 35 35
56 36 7
56 38 22
56 42 15
56 43 40
56 44 19
56 46 37
56 48 40
56 49 33
56 50 33
56 54 39
57 1 40
57 3 20
57 5 34
57 7 7
57 11 9
57 12 3
57 14 15
57 15 5
57 17 30
57 18 27
57 19 19
57 21 14
57 23 28
57 24 13
57 27 16
57 28 13
57 29 30
57 30 34
57 31 25
57 34 12
57 36 30
57 41 4
57 42 10
57 43 23
57 45 3
57 47 1
57 48 18
57 49 13
57 50 33
57 52 36
57 55 7
57 56 21
58 3 34
58 6 26
58 8 8
58 9 36
58 10 36
58 11 13
58 12 1
58 13 18
58 17 10
58 19 28
58 20 3
58 21 22
58 22 5
58 24 14
58 26 32
58 27 33
58 29 35
58 30 35
58 31 31
58 36 5
58 37 12
58 38 34
58 39 6
58 41 15
58 42 24
58 44 10
58 46 30
58 47 8
58 48 39
58 49 8
58 51 25
58 53 3
58 54 34
58 55 29
58 57 13
59 1 28
59 2 25
59 4 23
59 5 32
59 6 13
59 9 19
59 12 34
59 13 4
59 14 4
59 15 37
59 16 3
59 17 36
59 18 18
59 20 24
59 21 40
59 22 8
59 25 4
59 26 7
59 28 26
59 29 13
59 33 2
59 34 30
59 36 28
59 39 3
59 40 25
59 41 9
59 42 13
59 44 18
59 45 35
59 47 17
59 48 10
59 49 35
59 54 5
