30
2 1 19
3 1 94
3 2 13
4 0 99
4 2 30
5 1 13
5 3 32
6 1 18
6 3 26
7 0 18
7 2 67
7 6 7
8 2 91
8 4 51
8 5 52
8 6 63
8 7 64
9 0 20
9 2 24
9 3 87
9 6 46
9 7 14
10 0 11
10 1 13
10 3 95
10 4 29
10 5 94
10 6 59
10 7 38
11 0 48
11 4 52
11 6 2
11 7 97
11 8 79
11 10 70
12 3 74
12 6 96
12 10 66
12 11 20
13 0 7
13 3 56
13 7 87
13 9 31
13 10 81
13 11 83
14 2 37
14 4 42
14 5 71
14 7 67
14 8 71
14 12 48
14 13 82
15 0 19
15 4 22
15 5 50
15 7 60
15 8 57
15 11 2
15 12 49
15 14 40
16 3 90
16 4 77
16 6 52
16 7 32
16 8 40
16 10 18
16 13 21
16 15 12
17 1 69
17 2 63
17 3 83
17 4 91
17 6 83
17 7 38
17 8 69
17 10 77
17 11 4
17 12 52
17 13 73
17 14 2
17 15 8
18 1 9
18 2 93
18 8 17
18 10 30
18 11 19
18 12 4
18 13 43
18 14 70
18 16 10
19 0 47
19 2 45
19 4 45
19 5 17
19 6 82
19 7 99
19 8 62
19 14 33
19 17 52
20 1 87
20 2 91
20 4 36
20 5 89
20 7 88
20 12 70
20 16 44
21 2 17
21 4 81
21 5 63
21 6 50
21 7 72
21 10 87
21 11 51
21 12 95
21 13 52
21 14 83
21 15 34
21 17 69
21 18 86
22 1 45
22 4 58
22 5 47
22 8 45
22 9 84
22 10 37
22 12 28
22 13 2
22 14 59
22 17 66
22 18 61
23 1 84
23 2 63
23 3 98
23 4 19
23 5 76
23 9 80
23 11 20
23 12 44
23 13 14
23 14 39
23 17 42
23 19 53
23 20 62
23 21 57
24 0 24
24 4 96
24 5 23
24 6 29
24 7 76
24 11 4
24 12 26
24 13 67
24 14 28
24 15 1
24 16 28
24 17 31
24 18 91
24 19 78
24 22 39
24 23 6
25 0 27
25 1 59
25 2 49
25 5 33
25 6 73
25 7 80
25 8 4
25 9 31
25 11 10
25 14 75
25 15 66
25 18 79
25 21 28
25 24 62
26 1 41
26 4 85
26 5 1
26 6 60
26 8 96
26 9 61
26 14 80
26 15 38
26 17 82
26 18 59
26 20 73
26 22 88
26 23 68
26 24 26
26 25 76
27 0 68
27 1 97
27 2 91
27 3 60
27 5 22
27 6 65
27 7 13
27 9 89
27 14 10
27 15 61
27 19 99
27 20 26
27 23 26
27 24 80
27 25 68
27 26 39
28 2 85
28 3 57
28 5 55
28 6 96
28 8 27
28 9 6
28 15 58
28 16 30
28 17 83
28 18 17
28 20 93
28 21 79
28 22 83
28 23 54
28 27 25
29 0 3
29 2 80
29 3 76
29 5 37
29 6 77
29 7 79
29 10 55
29 13 50
29 18 50
29 19 70
29 20 96
29 22 41
29 23 51
29 25 10
29 26 70
29 27 55
