20
1 0 5
2 0 34
2 1 17
3 0 68
5 3 3
6 2 31
6 5 11
7 0 40
7 1 15
7 2 64
7 3 11
7 4 55
7 5 19
8 0 51
8 1 1
8 2 43
8 5 44
8 6 11
9 0 38
9 1 43
9 2 60
9 4 61
9 7 11
10 1 37
10 3 49
10 8 1
11 1 72
11 2 27
11 6 22
11 9 75
12 1 12
12 5 5
12 9 45
12 11 49
13 0 42
13 3 63
13 5 52
13 8 12
13 9 13
13 11 4
14 2 37
14 3 50
14 11 69
14 12 26
15 0 56
15 1 19
15 4 52
15 5 15
15 6 23
15 9 13
15 10 58
15 11 39
15 14 2
16 0 2
16 4 8
16 5 12
16 6 36
16 7 59
16 9 79
16 10 39
16 13 31
16 14 49
16 15 70
17 1 79
17 4 76
17 7 72
17 8 74
17 9 20
17 11 50
17 12 80
17 13 36
17 14 74
17 16 38
18 3 61
18 4 72
18 5 23
18 8 16
18 9 75
18 10 68
18 11 69
18 12 23
18 13 40
18 16 77
18 17 63
19 10 22
19 12 51
19 13 13
19 15 25
19 16 52
19 17 11
