20
2 0 8
3 2 4
4 1 19
4 2 32
5 1 7
5 3 27
5 4 7
6 1 3
6 2 9
6 3 21
6 4 25
7 1 15
7 3 34
7 5 3
7 6 9
8 1 31
8 3 17
8 5 33
8 7 4
9 0 40
9 1 9
9 3 26
9 4 36
9 5 13
10 0 28
10 1 8
10 5 36
10 6 10
10 8 35
11 0 11
11 2 31
11 4 25
11 6 3
11 7 5
11 9 19
12 2 21
12 3 9
12 5 34
12 6 26
12 8 5
12 9 25
12 10 11
13 0 24
13 1 3
13 8 8
13 11 9
13 12 15
14 0 32
14 2 28
14 4 28
14 5 15
14 6 24
14 11 18
15 0 36
15 1 4
15 5 25
15 8 31
15 9 40
15 10 32
15 14 30
16 0 6
16 1 15
16 5 34
16 6 13
16 10 25
16 11 19
16 13 9
16 14 5
17 0 8
17 1 36
17 3 3
17 6 25
17 9 29
17 12 17
17 13 11
18 0 3
18 1 11
18 3 34
18 4 30
18 5 26
18 6 12
18 7 5
18 8 6
18 9 21
18 10 8
18 11 8
18 16 9
19 2 33
19 4 17
19 5 40
19 6 29
19 7 39
19 8 7
19 10 37
19 11 8
19 12 28
19 14 18
19 15 2
19 17 20
