70
1 0 73
2 0 27
2 1 7
3 0 74
3 1 37
3 2 35
4 0 78
4 1 48
4 2 61
4 3 69
5 0 78
5 1 28
5 2 79
5 3 78
5 4 39
6 0 39
6 1 8
6 2 66
6 3 46
6 4 30
6 5 67
7 0 25
7 1 7
7 2 69
7 3 32
7 4 7
7 5 75
7 6 74
8 0 75
8 1 13
8 2 12
8 3 58
8 4 18
8 5 26
8 6 67
8 7 21
9 0 13
9 1 63
9 2 14
9 3 25
9 4 75
9 5 76
9 6 78
9 7 20
9 8 73
10 0 66
10 1 48
10 2 7
10 3 60
10 4 53
10 5 5
10 6 55
10 7 13
10 8 1
10 9 62
11 0 9
11 1 34
11 2 73
11 3 17
11 4 32
11 5 38
11 6 13
11 7 34
11 8 31
11 9 16
11 10 74
12 0 17
12 1 29
12 2 34
12 3 69
12 4 24
12 5 39
12 6 32
12 7 61
12 8 3
12 9 43
12 10 6
12 11 34
13 0 21
13 1 13
13 2 23
13 3 73
13 4 25
13 5 68
13 6 63
13 7 62
13 8 49
13 9 24
13 10 47
13 11 66
13 12 80
14 0 62
14 1 8
14 2 27
14 3 71
14 4 63
14 5 18
14 6 3
14 7 78
14 8 7
14 9 1
14 10 77
14 11 66
14 12 63
14 13 68
15 0 26
15 1 74
15 2 20
15 3 16
15 4 71
15 5 62
15 6 70
15 7 31
15 8 25
15 9 7
15 10 79
15 11 60
15 12 56
15 13 31
15 14 48
16 0 39
16 1 13
16 2 25
16 3 36
16 4 64
16 5 25
16 6 56
16 7 74
16 8 8
16 9 58
16 10 75
16 11 43
16 12 52
16 13 78
16 14 33
16 15 7
17 0 55
17 1 63
17 2 1
17 3 69
17 4 71
17 5 27
17 6 60
17 7 22
17 8 65
17 9 61
17 10 30
17 11 72
17 12 66
17 13 32
17 14 22
17 15 66
17 16 20
18 0 34
18 1 3
18 2 58
18 3 6
18 4 56
18 5 41
18 6 15
18 7 34
18 8 16
18 9 31
18 10 76
18 11 37
18 12 21
18 13 32
18 14 30
18 15 45
18 16 35
18 17 61
19 0 17
19 1 73
19 2 68
19 3 41
19 4 23
19 5 73
19 6 16
19 7 66
19 8 77
19 9 66
19 10 75
19 11 26
19 12 29
19 13 68
19 14 9
19 15 22
19 16 57
19 17 31
19 18 80
20 0 76
20 1 18
20 2 9
20 3 51
20 4 35
20 5 46
20 6 28
20 7 42
20 8 8
20 9 55
20 10 54
20 11 40
20 12 6
20 13 33
20 14 60
20 15 27
20 16 46
20 17 46
20 18 75
20 19 45
21 0 11
21 1 4
21 2 8
21 3 55
21 4 64
21 5 8
21 6 48
21 7 54
21 8 68
21 9 17
21 10 43
21 11 44
21 12 78
21 13 77
21 14 53
21 15 12
21 16 40
21 17 52
21 18 34
21 19 62
21 20 27
22 0 77
22 1 19
22 2 10
22 3 58
22 4 59
22 5 71
22 6 40
22 7 76
22 8 38
22 9 42
22 10 50
22 11 42
22 12 35
22 13 70
22 14 20
22 15 47
22 16 23
22 17 37
22 18 35
22 19 48
22 20 57
22 21 6
23 0 28
23 1 21
23 2 29
23 3 51
23 4 54
23 5 52
23 6 16
23 7 31
23 8 17
23 9 57
23 10 80
23 11 70
23 12 20
23 13 63
23 14 43
23 15 23
23 16 55
23 17 47
23 18 70
23 19 4
23 20 76
23 21 2
23 22 55
24 0 54
24 1 29
24 2 54
24 3 38
24 4 44
24 5 35
24 6 71
24 7 12
24 8 56
24 9 5
24 10 55
24 11 37
24 12 7
24 13 71
24 14 1
24 15 5
24 16 76
24 17 8
24 18 11
24 19 26
24 20 2
24 21 42
24 22 78
24 23 10
25 0 60
25 1 63
25 2 68
25 3 11
25 4 3
25 5 62
25 6 78
25 7 48
25 8 62
25 9 67
25 10 38
25 11 33
25 12 38
25 13 31
25 14 74
25 15 77
25 16 56
25 17 68
25 18 52
25 19 14
25 20 73
25 21 6
25 22 19
25 23 56
25 24 22
26 0 58
26 1 13
26 2 11
26 3 25
26 4 16
26 5 8
26 6 59
26 7 31
26 8 18
26 9 65
26 10 79
26 11 48
26 12 77
26 13 33
26 14 4
26 15 43
26 16 33
26 17 22
26 18 76
26 19 62
26 20 47
26 21 17
26 22 71
26 23 25
26 24 25
26 25 41
27 0 22
27 1 21
27 2 8
27 3 68
27 4 12
27 5 24
27 6 22
27 7 31
27 8 12
27 9 2
27 10 5
27 11 39
27 12 30
27 13 75
27 14 60
27 15 59
27 16 36
27 17 67
27 18 65
27 19 37
27 20 77
27 21 69
27 22 56
27 23 49
27 24 74
27 25 24
27 26 61
28 0 79
28 1 75
28 2 14
28 3 29
28 4 3
28 5 22
28 6 79
28 7 20
28 8 53
28 9 74
28 10 18
28 11 61
28 12 74
28 13 47
28 14 36
28 15 26
28 16 27
28 17 60
28 18 20
28 19 35
28 20 37
28 21 59
28 22 15
28 23 6
28 24 59
28 25 14
28 26 45
28 27 5
29 0 58
29 1 10
29 2 51
29 3 5
29 4 43
29 5 20
29 6 54
29 7 15
29 8 60
29 9 23
29 10 3
29 11 14
29 12 17
29 13 75
29 14 69
29 15 70
29 16 58
29 17 80
29 18 26
29 19 39
29 20 13
29 21 16
29 22 51
29 23 43
29 24 64
29 25 13
29 26 74
29 27 63
29 28 61
30 0 28
30 1 66
30 2 43
30 3 75
30 4 11
30 5 41
30 6 72
30 7 56
30 8 4
30 9 34
30 10 8
30 11 28
30 12 3
30 13 66
30 14 62
30 15 10
30 16 29
30 17 6
30 18 79
30 19 4
30 20 20
30 21 18
30 22 29
30 23 16
30 24 43
30 25 26
30 26 33
30 27 76
30 28 80
30 29 38
31 0 16
31 1 32
31 2 75
31 3 44
31 4 59
31 5 2
31 6 23
31 7 18
31 8 70
31 9 15
31 10 41
31 11 49
31 12 37
31 13 11
31 14 52
31 15 54
31 16 10
31 17 44
31 18 45
31 19 14
31 20 76
31 21 68
31 22 27
31 23 79
31 24 67
31 25 62
31 26 2
31 27 67
31 28 34
31 29 72
31 30 39
32 0 72
32 1 55
32 2 15
32 3 77
32 4 64
32 5 63
32 6 55
32 7 43
32 8 78
32 9 56
32 10 5
32 11 55
32 12 34
32 13 51
32 14 32
32 15 50
32 16 15
32 17 31
32 18 44
32 19 3
32 20 27
32 21 6
32 22 13
32 23 32
32 24 7
32 25 72
32 26 62
32 27 20
32 28 32
32 29 69
32 30 69
32 31 52
33 0 19
33 1 53
33 2 65
33 3 5
33 4 16
33 5 13
33 6 75
33 7 29
33 8 30
33 9 6
33 10 9
33 11 33
33 12 38
33 13 64
33 14 67
33 15 60
33 16 57
33 17 55
33 18 44
33 19 19
33 20 78
33 21 2
33 22 44
33 23 43
33 24 4
33 25 37
33 26 78
33 27 80
33 28 26
33 29 64
33 30 50
33 31 17
33 32 76
34 0 36
34 1 41
34 2 24
34 3 26
34 4 53
34 5 37
34 6 58
34 7 59
34 8 49
34 9 20
34 10 16
34 11 13
34 12 74
34 13 78
34 14 78
34 15 56
34 16 3
34 17 54
34 18 45
34 19 15
34 20 55
34 21 36
34 22 60
34 23 72
34 24 24
34 25 42
34 26 18
34 27 39
34 28 7
34 29 1
34 30 46
34 31 26
34 32 18
34 33 34
35 0 9
35 1 11
35 2 21
35 3 7
35 4 73
35 5 49
35 6 59
35 7 73
35 8 11
35 9 13
35 10 53
35 11 40
35 12 24
35 13 9
35 14 20
35 15 15
35 16 19
35 17 10
35 18 11
35 19 52
35 20 67
35 21 42
35 22 78
35 23 22
35 24 74
35 25 53
35 26 14
35 27 19
35 28 49
35 29 70
35 30 72
35 31 5
35 32 16
35 33 29
35 34 6
36 0 11
36 1 38
36 2 7
36 3 50
36 4 42
36 5 69
36 6 56
36 7 22
36 8 62
36 9 61
36 10 67
36 11 66
36 12 74
36 13 13
36 14 36
36 15 37
36 16 52
36 17 28
36 18 5
36 19 58
36 20 23
36 21 4
36 22 76
36 23 3
36 24 30
36 25 56
36 26 58
36 27 5
36 28 53
36 29 36
36 30 72
36 31 16
36 32 71
36 33 11
36 34 19
36 35 3
37 0 65
37 1 28
37 2 8
37 3 36
37 4 14
37 5 19
37 6 9
37 7 70
37 8 53
37 9 75
37 10 55
37 11 63
37 12 6
37 13 33
37 14 30
37 15 29
37 16 9
37 17 31
37 18 16
37 19 11
37 20 56
37 21 40
37 22 5
37 23 66
37 24 51
37 25 67
37 26 20
37 27 56
37 28 74
37 29 55
37 30 42
37 31 24
37 32 24
37 33 75
37 34 8
37 35 28
37 36 39
38 0 36
38 1 74
38 2 3
38 3 43
38 4 50
38 5 51
38 6 3
38 7 7
38 8 56
38 9 32
38 10 13
38 11 23
38 12 40
38 13 31
38 14 20
38 15 10
38 16 77
38 17 40
38 18 63
38 19 76
38 20 24
38 21 73
38 22 32
38 23 48
38 24 72
38 25 17
38 26 13
38 27 52
38 28 12
38 29 23
38 30 31
38 31 30
38 32 64
38 33 29
38 34 26
38 35 37
38 36 63
38 37 67
39 0 78
39 1 63
39 2 24
39 3 46
39 4 67
39 5 59
39 6 49
39 7 4
39 8 35
39 9 52
39 10 14
39 11 40
39 12 73
39 13 43
39 14 57
39 15 62
39 16 75
39 17 29
39 18 34
39 19 62
39 20 59
39 21 9
39 22 51
39 23 39
39 24 17
39 25 57
39 26 24
39 27 10
39 28 10
39 29 39
39 30 25
39 31 72
39 32 2
39 33 52
39 34 53
39 35 19
39 36 29
39 37 12
39 38 44
40 0 56
40 1 72
40 2 52
40 3 25
40 4 64
40 5 35
40 6 58
40 7 57
40 8 44
40 9 41
40 10 20
40 11 57
40 12 22
40 13 30
40 14 73
40 15 8
40 16 16
40 17 45
40 18 4
40 19 38
40 20 66
40 21 2
40 22 22
40 23 28
40 24 76
40 25 17
40 26 68
40 27 36
40 28 3
40 29 77
40 30 28
40 31 47
40 32 13
40 33 73
40 34 34
40 35 41
40 36 63
40 37 64
40 38 47
40 39 54
41 0 10
41 1 75
41 2 21
41 3 71
41 4 64
41 5 47
41 6 51
41 7 12
41 8 79
41 9 19
41 10 79
41 11 23
41 12 37
41 13 60
41 14 38
41 15 15
41 16 4
41 17 4
41 18 63
41 19 39
41 20 29
41 21 74
41 22 66
41 23 32
41 24 6
41 25 59
41 26 41
41 27 61
41 28 73
41 29 39
41 30 35
41 31 46
41 32 4
41 33 34
41 34 60
41 35 56
41 36 68
41 37 78
41 38 56
41 39 19
41 40 71
42 0 75
42 1 47
42 2 3
42 3 65
42 4 5
42 5 9
42 6 17
42 7 44
42 8 38
42 9 30
42 10 55
42 11 54
42 12 47
42 13 79
42 14 76
42 15 18
42 16 41
42 17 7
42 18 68
42 19 8
42 20 2
42 21 10
42 22 72
42 23 71
42 24 47
42 25 66
42 26 32
42 27 61
42 28 6
42 29 54
42 30 46
42 31 64
42 32 17
42 33 64
42 34 17
42 35 65
42 36 56
42 37 1
42 38 62
42 39 45
42 40 57
42 41 42
43 0 70
43 1 2
43 2 16
43 3 56
43 4 35
43 5 80
43 6 13
43 7 36
43 8 22
43 9 15
43 10 65
43 11 43
43 12 47
43 13 49
43 14 21
43 15 62
43 16 54
43 17 9
43 18 26
43 19 61
43 20 3
43 21 75
43 22 27
43 23 67
43 24 41
43 25 80
43 26 19
43 27 15
43 28 9
43 29 25
43 30 18
43 31 42
43 32 61
43 33 29
43 34 69
43 35 46
43 36 9
43 37 60
43 38 25
43 39 27
43 40 8
43 41 19
43 42 6
44 0 76
44 1 71
44 2 5
44 3 40
44 4 39
44 5 38
44 6 7
44 7 76
44 8 13
44 9 2
44 10 12
44 11 21
44 12 47
44 13 49
44 14 71
44 15 79
44 16 24
44 17 17
44 18 47
44 19 47
44 20 36
44 21 68
44 22 79
44 23 31
44 24 40
44 25 23
44 26 18
44 27 15
44 28 33
44 29 72
44 30 6
44 31 59
44 32 38
44 33 25
44 34 25
44 35 33
44 36 67
44 37 4
44 38 75
44 39 67
44 40 37
44 41 35
44 42 36
44 43 37
45 0 5
45 1 17
45 2 32
45 3 79
45 4 80
45 5 65
45 6 7
45 7 34
45 8 45
45 9 24
45 10 76
45 11 20
45 12 74
45 13 12
45 14 79
45 15 41
45 16 49
45 17 52
45 18 46
45 19 28
45 20 33
45 21 39
45 22 6
45 23 5
45 24 6
45 25 60
45 26 30
45 27 41
45 28 11
45 29 43
45 30 23
45 31 70
45 32 58
45 33 65
45 34 21
45 35 62
45 36 28
45 37 16
45 38 73
45 39 22
45 40 57
45 41 70
45 42 36
45 43 36
45 44 29
46 0 60
46 1 64
46 2 34
46 3 45
46 4 53
46 5 12
46 6 80
46 7 57
46 8 10
46 9 11
46 10 37
46 11 22
46 12 75
46 13 76
46 14 78
46 15 65
46 16 68
46 17 6
46 18 67
46 19 79
46 20 57
46 21 31
46 22 35
46 23 22
46 24 16
46 25 71
46 26 43
46 27 63
46 28 66
46 29 20
46 30 39
46 31 58
46 32 68
46 33 3
46 34 32
46 35 1
46 36 35
46 37 8
46 38 16
46 39 28
46 40 69
46 41 60
46 42 29
46 43 55
46 44 79
46 45 39
47 0 51
47 1 64
47 2 9
47 3 41
47 4 74
47 5 43
47 6 71
47 7 26
47 8 33
47 9 72
47 10 1
47 11 1
47 12 27
47 13 4
47 14 64
47 15 7
47 16 15
47 17 63
47 18 69
47 19 6
47 20 8
47 21 18
47 22 50
47 23 5
47 24 63
47 25 58
47 26 18
47 27 1
47 28 21
47 29 17
47 30 5
47 31 38
47 32 19
47 33 34
47 34 10
47 35 1
47 36 73
47 37 62
47 38 70
47 39 53
47 40 34
47 41 1
47 42 17
47 43 69
47 44 39
47 45 48
47 46 60
48 0 5
48 1 52
48 2 43
48 3 58
48 4 58
48 5 30
48 6 28
48 7 72
48 8 32
48 9 69
48 10 8
48 11 41
48 12 26
48 13 20
48 14 61
48 15 9
48 16 39
48 17 59
48 18 37
48 19 56
48 20 12
48 21 50
48 22 21
48 23 57
48 24 29
48 25 33
48 26 36
48 27 43
48 28 80
48 29 26
48 30 59
48 31 69
48 32 5
48 33 14
48 34 52
48 35 68
48 36 51
48 37 6
48 38 73
48 39 71
48 40 46
48 41 54
48 42 78
48 43 55
48 44 60
48 45 73
48 46 52
48 47 62
49 0 46
49 1 17
49 2 44
49 3 46
49 4 79
49 5 75
49 6 3
49 7 65
49 8 23
49 9 33
49 10 38
49 11 72
49 12 29
49 13 56
49 14 35
49 15 34
49 16 13
49 17 8
49 18 65
49 19 79
49 20 56
49 21 80
49 22 9
49 23 2
49 24 51
49 25 43
49 26 40
49 27 24
49 28 36
49 29 24
49 30 3
49 31 18
49 32 54
49 33 62
49 34 47
49 35 20
49 36 44
49 37 46
49 38 8
49 39 72
49 40 39
49 41 38
49 42 20
49 43 17
49 44 53
49 45 64
49 46 52
49 47 58
49 48 2
50 0 63
50 1 17
50 2 12
50 3 33
50 4 63
50 5 28
50 6 43
50 7 43
50 8 56
50 9 74
50 10 30
50 11 6
50 12 59
50 13 26
50 14 9
50 15 2
50 16 39
50 17 9
50 18 78
50 19 19
50 20 6
50 21 65
50 22 72
50 23 55
50 24 45
50 25 14
50 26 30
50 27 69
50 28 9
50 29 65
50 30 2
50 31 24
50 32 38
50 33 71
50 34 44
50 35 30
50 36 71
50 37 40
50 38 22
50 39 49
50 40 26
50 41 73
50 42 29
50 43 15
50 44 66
50 45 46
50 46 41
50 47 45
50 48 21
50 49 59
51 0 49
51 1 12
51 2 57
51 3 18
51 4 69
51 5 52
51 6 38
51 7 26
51 8 7
51 9 37
51 10 24
51 11 15
51 12 32
51 13 5
51 14 18
51 15 10
51 16 34
51 17 48
51 18 27
51 19 36
51 20 56
51 21 73
51 22 25
51 23 5
51 24 80
51 25 51
51 26 24
51 27 70
51 28 60
51 29 26
51 30 60
51 31 48
51 32 45
51 33 45
51 34 27
51 35 47
51 36 66
51 37 49
51 38 59
51 39 68
51 40 67
51 41 1
51 42 9
51 43 25
51 44 54
51 45 14
51 46 61
51 47 76
51 48 3
51 49 78
51 50 64
52 0 31
52 1 54
52 2 55
52 3 22
52 4 16
52 5 19
52 6 1
52 7 73
52 8 62
52 9 29
52 10 71
52 11 23
52 12 51
52 13 51
52 14 28
52 15 29
52 16 55
52 17 61
52 18 53
52 19 38
52 20 33
52 21 61
52 22 38
52 23 26
52 24 30
52 25 26
52 26 60
52 27 37
52 28 33
52 29 41
52 30 53
52 31 32
52 32 25
52 33 41
52 34 59
52 35 32
52 36 70
52 37 10
52 38 79
52 39 32
52 40 55
52 41 78
52 42 58
52 43 58
52 44 13
52 45 1
52 46 25
52 47 47
52 48 24
52 49 39
52 50 14
52 51 34
53 0 43
53 1 47
53 2 50
53 3 49
53 4 48
53 5 30
53 6 40
53 7 17
53 8 8
53 9 63
53 10 39
53 11 50
53 12 28
53 13 61
53 14 68
53 15 28
53 16 57
53 17 59
53 18 64
53 19 27
53 20 26
53 21 21
53 22 51
53 23 36
53 24 10
53 25 8
53 26 52
53 27 16
53 28 43
53 29 44
53 30 15
53 31 56
53 32 4
53 33 37
53 34 39
53 35 34
53 36 59
53 37 26
53 38 12
53 39 24
53 40 38
53 41 38
53 42 29
53 43 22
53 44 19
53 45 13
53 46 14
53 47 19
53 48 67
53 49 8
53 50 48
53 51 6
53 52 1
54 0 61
54 1 13
54 2 14
54 3 47
54 4 39
54 5 27
54 6 46
54 7 26
54 8 10
54 9 66
54 10 66
54 11 39
54 12 78
54 13 55
54 14 78
54 15 31
54 16 3
54 17 73
54 18 31
54 19 24
54 20 67
54 21 56
54 22 27
54 23 53
54 24 45
54 25 54
54 26 36
54 27 25
54 28 4
54 29 69
54 30 52
54 31 19
54 32 70
54 33 79
54 34 74
54 35 12
54 36 62
54 37 44
54 38 22
54 39 60
54 40 75
54 41 57
54 42 44
54 43 40
54 44 77
54 45 74
54 46 7
54 47 34
54 48 50
54 49 64
54 50 27
54 51 6
54 52 49
54 53 61
55 0 71
55 1 57
55 2 66
55 3 38
55 4 47
55 5 37
55 6 13
55 7 66
55 8 51
55 9 72
55 10 57
55 11 26
55 12 74
55 13 23
55 14 46
55 15 3
55 16 72
55 17 39
55 18 14
55 19 30
55 20 66
55 21 20
55 22 37
55 23 25
55 24 8
55 25 36
55 26 35
55 27 6
55 28 14
55 29 32
55 30 76
55 31 13
55 32 2
55 33 21
55 34 54
55 35 27
55 36 31
55 37 30
55 38 54
55 39 70
55 40 10
55 41 68
55 42 1
55 43 28
55 44 37
55 45 66
55 46 29
55 47 47
55 48 80
55 49 17
55 50 31
55 51 50
55 52 50
55 53 65
55 54 50
56 0 69
56 1 64
56 2 11
56 3 68
56 4 54
56 5 77
56 6 32
56 7 30
56 8 16
56 9 61
56 10 33
56 11 55
56 12 79
56 13 48
56 14 19
56 15 28
56 16 77
56 17 46
56 18 17
56 19 5
56 20 48
56 21 68
56 22 24
56 23 29
56 24 29
56 25 1
56 26 2
56 27 31
56 28 78
56 29 75
56 30 47
56 31 47
56 32 65
56 33 27
56 34 53
56 35 21
56 36 47
56 37 58
56 38 11
56 39 47
56 40 21
56 41 74
56 42 66
56 43 13
56 44 48
56 45 73
56 46 63
56 47 35
56 48 79
56 49 62
56 50 65
56 51 48
56 52 29
56 53 25
56 54 30
56 55 41
57 0 29
57 1 12
57 2 64
57 3 14
57 4 8
57 5 53
57 6 60
57 7 32
57 8 6
57 9 5
57 10 9
57 11 80
57 12 22
57 13 29
57 14 79
57 15 37
57 16 23
57 17 5
57 18 16
57 19 80
57 20 12
57 21 68
57 22 54
57 23 43
57 24 17
57 25 54
57 26 50
57 27 57
57 28 9
57 29 70
57 30 23
57 31 28
57 32 63
57 33 21
57 34 53
57 35 64
57 36 11
57 37 34
57 38 44
57 39 76
57 40 51
57 41 43
57 42 74
57 43 10
57 44 3
57 45 42
57 46 8
57 47 72
57 48 9
57 49 28
57 50 54
57 51 53
57 52 67
57 53 55
57 54 73
57 55 42
57 56 56
58 0 29
58 1 9
58 2 59
58 3 70
58 4 25
58 5 13
58 6 71
58 7 39
58 8 68
58 9 25
58 10 25
58 11 16
58 12 48
58 13 68
58 14 67
58 15 77
58 16 27
58 17 16
58 18 38
58 19 42
58 20 43
58 21 60
58 22 61
58 23 74
58 24 42
58 25 13
58 26 1
58 27 41
58 28 28
58 29 21
58 30 35
58 31 54
58 32 74
58 33 53
58 34 16
58 35 56
58 36 79
58 37 43
58 38 42
58 39 25
58 40 68
58 41 42
58 42 53
58 43 57
58 44 13
58 45 34
58 46 22
58 47 33
58 48 4
58 49 18
58 50 39
58 51 80
58 52 27
58 53 62
58 54 62
58 55 52
58 56 60
58 57 68
59 0 23
59 1 2
59 2 26
59 3 52
59 4 34
59 5 78
59 6 31
59 7 1
59 8 53
59 9 80
59 10 67
59 11 54
59 12 2
59 13 48
59 14 49
59 15 38
59 16 48
59 17 66
59 18 45
59 19 33
59 20 3
59 21 48
59 22 7
59 23 64
59 24 8
59 25 68
59 26 24
59 27 79
59 28 32
59 29 27
59 30 43
59 31 43
59 32 77
59 33 57
59 34 44
59 35 43
59 36 48
59 37 31
59 38 46
59 39 50
59 40 57
59 41 77
59 42 17
59 43 80
59 44 27
59 45 40
59 46 65
59 47 16
59 48 44
59 49 70
59 50 58
59 51 59
59 52 26
59 53 72
59 54 56
59 55 51
59 56 58
59 57 78
59 58 19
60 0 44
60 1 63
60 2 47
60 3 54
60 4 7
60 5 56
60 6 59
60 7 28
60 8 31
60 9 78
60 10 12
60 11 6
60 12 10
60 13 61
60 14 1
60 15 66
60 16 41
60 17 41
60 18 34
60 19 25
60 20 78
60 21 47
60 22 59
60 23 67
60 24 39
60 25 57
60 26 58
60 27 62
60 28 68
60 29 6
60 30 13
60 31 19
60 32 32
60 33 53
60 34 78
60 35 8
60 36 63
60 37 14
60 38 41
60 39 25
60 40 1
60 41 31
60 42 21
60 43 8
60 44 53
60 45 5
60 46 14
60 47 51
60 48 17
60 49 52
60 50 34
60 51 7
60 52 59
60 53 22
60 54 17
60 55 30
60 56 26
60 57 79
60 58 4
60 59 65
61 0 22
61 1 9
61 2 40
61 3 48
61 4 52
61 5 18
61 6 34
61 7 64
61 8 64
61 9 5
61 10 10
61 11 17
61 12 1
61 13 28
61 14 78
61 15 33
61 16 30
61 17 44
61 18 38
61 19 61
61 20 36
61 21 65
61 22 52
61 23 13
61 24 36
61 25 50
61 26 41
61 27 72
61 28 70
61 29 11
61 30 58
61 31 66
61 32 73
61 33 78
61 34 65
61 35 60
61 36 2
61 37 7
61 38 50
61 39 63
61 40 44
61 41 74
61 42 59
61 43 74
61 44 15
61 45 1
61 46 12
61 47 18
61 48 58
61 49 60
61 50 28
61 51 31
61 52 30
61 53 68
61 54 57
61 55 37
61 56 47
61 57 76
61 58 48
61 59 3
61 60 17
62 0 15
62 1 77
62 2 16
62 3 26
62 4 66
62 5 3
62 6 9
62 7 17
62 8 9
62 9 35
62 10 73
62 11 9
62 12 7
62 13 77
62 14 24
62 15 75
62 16 4
62 17 52
62 18 8
62 19 79
62 20 57
62 21 9
62 22 54
62 23 28
62 24 32
62 25 5
62 26 62
62 27 36
62 28 65
62 29 49
62 30 29
62 31 11
62 32 14
62 33 53
62 34 54
62 35 6
62 36 64
62 37 52
62 38 4
62 39 25
62 40 31
62 41 26
62 42 67
62 43 52
62 44 45
62 45 26
62 46 8
62 47 50
62 48 43
62 49 64
62 50 72
62 51 47
62 52 71
62 53 20
62 54 53
62 55 24
62 56 58
62 57 40
62 58 47
62 59 53
62 60 73
62 61 22
63 0 26
63 1 57
63 2 78
63 3 72
63 4 13
63 5 4
63 6 73
63 7 4
63 8 60
63 9 19
63 10 10
63 11 57
63 12 73
63 13 65
63 14 78
63 15 49
63 16 72
63 17 4
63 18 73
63 19 59
63 20 48
63 21 43
63 22 5
63 23 73
63 24 13
63 25 17
63 26 55
63 27 37
63 28 7
63 29 40
63 30 2
63 31 26
63 32 6
63 33 47
63 34 23
63 35 20
63 36 59
63 37 79
63 38 76
63 39 78
63 40 12
63 41 8
63 42 41
63 43 34
63 44 7
63 45 10
63 46 35
63 47 26
63 48 80
63 49 66
63 50 66
63 51 70
63 52 25
63 53 67
63 54 19
63 55 25
63 56 55
63 57 35
63 58 45
63 59 40
63 60 79
63 61 27
63 62 66
64 0 69
64 1 41
64 2 33
64 3 37
64 4 22
64 5 39
64 6 62
64 7 28
64 8 76
64 9 64
64 10 49
64 11 56
64 12 8
64 13 65
64 14 33
64 15 37
64 16 4
64 17 22
64 18 62
64 19 7
64 20 20
64 21 8
64 22 71
64 23 44
64 24 7
64 25 27
64 26 15
64 27 4
64 28 54
64 29 36
64 30 3
64 31 72
64 32 64
64 33 3
64 34 22
64 35 40
64 36 70
64 37 34
64 38 73
64 39 15
64 40 49
64 41 67
64 42 45
64 43 49
64 44 44
64 45 77
64 46 16
64 47 72
64 48 70
64 49 14
64 50 28
64 51 46
64 52 76
64 53 74
64 54 70
64 55 16
64 56 60
64 57 60
64 58 69
64 59 6
64 60 76
64 61 2
64 62 31
64 63 46
65 0 22
65 1 45
65 2 8
65 3 68
65 4 55
65 5 35
65 6 72
65 7 78
65 8 13
65 9 68
65 10 9
65 11 75
65 12 19
65 13 58
65 14 8
65 15 65
65 16 65
65 17 45
65 18 3
65 19 8
65 20 46
65 21 43
65 22 18
65 23 25
65 24 5
65 25 74
65 26 43
65 27 65
65 28 46
65 29 43
65 30 38
65 31 69
65 32 2
65 33 31
65 34 4
65 35 33
65 36 45
65 37 11
65 38 51
65 39 55
65 40 63
65 41 60
65 42 23
65 43 1
65 44 49
65 45 43
65 46 21
65 47 29
65 48 16
65 49 52
65 50 59
65 51 28
65 52 42
65 53 32
65 54 75
65 55 68
65 56 37
65 57 16
65 58 23
65 59 37
65 60 46
65 61 77
65 62 6
65 63 28
65 64 66
66 0 9
66 1 71
66 2 33
66 3 70
66 4 64
66 5 69
66 6 44
66 7 3
66 8 61
66 9 29
66 10 56
66 11 45
66 12 74
66 13 60
66 14 63
66 15 7
66 16 69
66 17 18
66 18 62
66 19 42
66 20 46
66 21 5
66 22 46
66 23 38
66 24 12
66 25 53
66 26 21
66 27 6
66 28 31
66 29 10
66 30 9
66 31 68
66 32 41
66 33 37
66 34 20
66 35 2
66 36 21
66 37 42
66 38 3
66 39 20
66 40 22
66 41 20
66 42 24
66 43 65
66 44 38
66 45 75
66 46 18
66 47 52
66 48 66
66 49 42
66 50 41
66 51 79
66 52 52
66 53 5
66 54 71
66 55 8
66 56 35
66 57 4
66 58 28
66 59 57
66 60 72
66 61 6
66 62 48
66 63 11
66 64 39
66 65 6
67 0 41
67 1 60
67 2 66
67 3 16
67 4 57
67 5 76
67 6 60
67 7 73
67 8 40
67 9 23
67 10 59
67 11 76
67 12 55
67 13 49
67 14 15
67 15 23
67 16 22
67 17 29
67 18 50
67 19 19
67 20 61
67 21 17
67 22 64
67 23 7
67 24 53
67 25 9
67 26 36
67 27 23
67 28 47
67 29 76
67 30 74
67 31 69
67 32 63
67 33 50
67 34 14
67 35 42
67 36 16
67 37 18
67 38 51
67 39 63
67 40 18
67 41 49
67 42 7
67 43 2
67 44 74
67 45 52
67 46 46
67 47 21
67 48 22
67 49 51
67 50 67
67 51 9
67 52 52
67 53 80
67 54 72
67 55 8
67 56 68
67 57 15
67 58 65
67 59 40
67 60 3
67 61 17
67 62 53
67 63 21
67 64 49
67 65 30
67 66 21
68 0 42
68 1 1
68 2 16
68 3 23
68 4 12
68 5 47
68 6 34
68 7 52
68 8 76
68 9 27
68 10 61
68 11 38
68 12 52
68 13 8
68 14 55
68 15 67
68 16 69
68 17 33
68 18 28
68 19 18
68 20 37
68 21 16
68 22 53
68 23 38
68 24 14
68 25 2
68 26 71
68 27 26
68 28 27
68 29 30
68 30 30
68 31 19
68 32 10
68 33 43
68 34 30
68 35 67
68 36 48
68 37 62
68 38 65
68 39 20
68 40 39
68 41 73
68 42 58
68 43 13
68 44 42
68 45 53
68 46 56
68 47 27
68 48 60
68 49 12
68 50 21
68 51 6
68 52 4
68 53 42
68 54 30
68 55 43
68 56 74
68 57 51
68 58 31
68 59 25
68 60 22
68 61 18
68 62 79
68 63 27
68 64 38
68 65 70
68 66 7
68 67 13
69 0 30
69 1 75
69 2 59
69 3 20
69 4 58
69 5 6
69 6 38
69 7 47
69 8 20
69 9 7
69 10 46
69 11 8
69 12 35
69 13 16
69 14 18
69 15 27
69 16 47
69 17 5
69 18 60
69 19 50
69 20 76
69 21 73
69 22 2
69 23 49
69 24 58
69 25 78
69 26 78
69 27 64
69 28 33
69 29 64
69 30 69
69 31 57
69 32 65
69 33 10
69 34 36
69 35 40
69 36 42
69 37 52
69 38 42
69 39 24
69 40 69
69 41 46
69 42 25
69 43 65
69 44 38
69 45 80
69 46 55
69 47 41
69 48 10
69 49 31
69 50 14
69 51 62
69 52 30
69 53 55
69 54 28
69 55 62
69 56 18
69 57 79
69 58 77
69 59 62
69 60 64
69 61 51
69 62 71
69 63 39
69 64 59
69 65 15
69 66 66
69 67 18
69 68 73
