60
1 0 45
2 1 45
3 0 31
3 1 52
3 2 23
4 0 2
4 1 26
5 0 13
5 1 26
5 3 57
6 5 24
7 1 33
7 6 58
8 2 33
8 3 48
8 4 43
9 2 19
9 3 13
9 4 54
9 6 42
9 7 20
9 8 15
10 2 17
10 5 31
10 8 56
11 4 37
11 6 30
11 7 1
11 9 53
11 10 14
12 0 58
12 1 21
12 3 22
12 6 20
12 8 58
12 9 37
13 2 40
13 4 8
13 6 49
13 8 17
13 9 60
13 10 11
13 11 59
13 12 39
14 0 16
14 2 4
14 4 4
14 5 57
14 7 37
14 8 37
14 9 29
14 11 41
14 12 9
15 1 59
15 3 8
15 9 43
15 10 27
15 11 39
15 14 3
16 0 11
16 2 26
16 4 36
16 5 43
16 7 6
16 9 18
16 10 11
16 11 24
16 15 9
17 4 17
17 5 56
17 6 58
17 8 35
17 9 45
17 12 22
17 14 45
17 15 30
17 16 21
18 1 22
18 2 53
18 4 32
18 5 38
18 6 33
18 7 40
18 8 44
18 9 7
18 10 36
18 12 25
18 15 42
18 16 52
19 0 55
19 1 8
19 2 42
19 4 43
19 5 52
19 7 29
19 9 24
19 10 11
19 12 54
19 14 45
20 1 14
20 3 9
20 5 44
20 8 4
20 9 30
20 16 17
20 19 38
21 0 41
21 3 47
21 6 32
21 8 37
21 9 18
21 12 22
21 13 2
21 15 3
21 16 13
21 17 4
21 18 57
22 0 39
22 1 44
22 2 16
22 3 34
22 4 16
22 6 45
22 8 6
22 10 53
22 13 26
22 17 13
22 18 28
22 20 29
23 0 29
23 1 54
23 2 22
23 3 27
23 4 21
23 5 10
23 6 48
23 7 20
23 8 43
23 9 14
23 12 57
23 13 19
23 15 48
23 17 11
23 18 31
23 19 54
23 20 13
23 21 43
24 0 52
24 1 44
24 2 33
24 4 36
24 5 29
24 6 56
24 8 11
24 10 28
24 13 4
24 14 53
24 16 44
24 17 38
25 1 25
25 3 29
25 4 39
25 6 2
25 8 4
25 9 6
25 12 16
25 13 10
25 14 11
25 16 52
25 19 21
25 23 45
25 24 13
26 0 12
26 1 47
26 2 53
26 4 59
26 5 45
26 9 55
26 14 23
26 21 16
26 23 10
26 25 45
27 5 42
27 9 19
27 10 40
27 11 12
27 13 54
27 14 50
27 16 40
27 18 7
27 20 48
28 0 28
28 6 32
28 7 40
28 9 24
28 11 14
28 13 44
28 17 50
28 18 20
28 21 21
28 23 5
28 25 19
29 0 32
29 2 50
29 3 52
29 5 15
29 7 22
29 8 12
29 9 22
29 10 38
29 12 31
29 13 46
29 17 13
29 21 13
29 23 57
29 24 1
30 2 56
30 6 53
30 8 22
30 10 7
30 11 57
30 12 3
30 13 48
30 21 54
30 23 5
30 26 48
31 0 19
31 1 30
31 2 16
31 3 54
31 6 38
31 7 42
31 8 57
31 13 46
31 14 46
31 17 30
31 19 44
31 21 17
31 24 7
31 25 42
31 26 56
31 27 14
32 1 9
32 2 17
32 3 16
32 4 51
32 5 13
32 6 2
32 7 40
32 8 43
32 13 56
32 14 54
32 16 51
32 20 23
32 21 45
32 22 24
32 24 30
32 27 18
32 30 32
32 31 53
33 1 37
33 2 12
33 3 52
33 5 18
33 6 42
33 7 37
33 8 47
33 15 36
33 17 60
33 18 15
33 19 27
33 20 36
33 26 33
33 27 9
33 28 31
33 29 4
33 32 8
34 2 54
34 3 20
34 5 44
34 8 3
34 9 56
34 10 39
34 11 16
34 12 23
34 14 52
34 18 36
34 19 59
34 20 37
34 24 56
34 25 17
34 26 6
34 27 2
34 28 29
34 30 47
34 31 36
34 33 5
35 0 16
35 1 35
35 3 16
35 4 19
35 7 26
35 11 51
35 13 40
35 14 25
35 18 41
35 19 2
35 21 33
35 23 46
35 25 19
35 27 54
35 28 58
35 30 5
35 33 46
36 0 48
36 1 60
36 2 21
36 3 15
36 4 49
36 8 10
36 10 47
36 12 52
36 15 59
36 16 55
36 17 57
36 19 59
36 22 60
36 23 43
36 26 18
36 28 43
36 30 17
36 33 29
37 1 57
37 2 44
37 4 6
37 7 57
37 10 55
37 11 11
37 13 58
37 14 12
37 15 54
37 16 21
37 22 13
37 25 55
37 26 28
37 30 17
37 31 49
37 32 35
37 33 10
37 35 55
38 0 39
38 4 33
38 5 6
38 6 18
38 7 54
38 9 54
38 10 58
38 11 50
38 12 42
38 16 29
38 17 41
38 18 58
38 19 1
38 20 14
38 21 52
38 22 41
38 32 21
38 34 30
38 35 55
39 0 8
39 2 13
39 5 40
39 8 32
39 9 53
39 12 7
39 14 40
39 15 41
39 17 38
39 18 53
39 19 18
39 20 3
39 21 31
39 22 14
39 23 24
39 24 22
39 25 31
39 28 26
39 32 59
39 33 9
39 35 8
39 36 56
39 37 12
40 0 40
40 1 36
40 3 32
40 4 1
40 6 27
40 8 1
40 10 9
40 13 35
40 15 48
40 18 1
40 19 42
40 21 56
40 22 43
40 25 15
40 26 3
40 27 23
40 28 38
40 29 42
40 31 60
40 32 20
40 33 40
40 34 37
40 36 38
40 37 53
40 38 54
40 39 25
41 0 13
41 5 29
41 7 12
41 11 43
41 14 33
41 16 26
41 18 7
41 20 15
41 21 44
41 22 56
41 23 33
41 24 26
41 25 57
41 26 3
41 27 14
41 29 47
41 30 43
41 32 26
41 35 33
41 37 1
42 4 34
42 5 28
42 9 56
42 10 23
42 11 27
42 13 35
42 15 7
42 17 36
42 20 55
42 21 8
42 22 53
42 23 54
42 25 35
42 26 24
42 27 22
42 30 9
42 31 57
42 36 28
42 37 55
42 38 37
42 40 41
42 41 6
43 6 10
43 7 9
43 8 23
43 10 7
43 11 28
43 13 47
43 15 32
43 18 60
43 21 18
43 22 3
43 23 52
43 24 17
43 29 40
43 30 52
43 32 57
43 33 18
43 34 19
43 37 37
43 41 25
44 0 50
44 5 3
44 7 27
44 8 8
44 10 43
44 11 44
44 14 59
44 15 50
44 16 30
44 17 19
44 25 25
44 26 21
44 28 56
44 29 60
44 32 18
44 33 48
44 34 34
44 35 38
44 37 16
44 38 56
44 39 15
44 40 2
44 41 10
44 42 28
45 0 56
45 3 22
45 5 51
45 7 12
45 14 19
45 15 38
45 17 25
45 18 48
45 20 26
45 23 24
45 24 51
45 25 10
45 26 37
45 27 37
45 28 20
45 33 1
45 34 19
45 36 41
45 37 38
45 39 4
45 40 20
46 3 50
46 5 10
46 8 43
46 9 57
46 11 48
46 13 57
46 14 56
46 16 19
46 19 55
46 20 38
46 21 2
46 22 14
46 24 29
46 25 14
46 27 50
46 29 28
46 30 54
46 31 31
46 34 22
46 35 15
46 36 30
46 44 13
47 2 37
47 6 60
47 7 3
47 14 60
47 15 59
47 16 14
47 18 31
47 22 19
47 23 35
47 26 58
47 27 26
47 28 14
47 32 32
47 34 60
47 35 14
47 39 27
47 40 23
48 1 23
48 3 6
48 5 53
48 6 8
48 12 29
48 13 33
48 19 29
48 21 52
48 23 33
48 24 7
48 27 9
48 29 37
48 31 14
48 32 50
48 34 26
48 36 54
48 38 59
48 39 14
48 40 51
48 41 11
48 42 26
48 43 50
48 44 34
48 46 11
49 3 21
49 5 39
49 7 22
49 8 24
49 9 56
49 10 30
49 11 10
49 12 60
49 14 47
49 15 33
49 16 32
49 19 27
49 21 44
49 22 17
49 25 6
49 26 42
49 28 10
49 31 19
49 34 32
49 37 26
49 38 5
49 39 19
49 44 18
49 45 10
49 46 40
49 47 56
49 48 42
50 0 36
50 2 33
50 3 6
50 4 58
50 5 10
50 6 20
50 7 52
50 8 47
50 12 45
50 16 25
50 18 45
50 19 12
50 21 32
50 26 46
50 27 16
50 29 22
50 31 53
50 32 28
50 33 24
50 36 6
50 37 29
50 43 8
50 47 12
50 49 1
51 6 39
51 16 21
51 20 32
51 22 8
51 26 8
51 28 53
51 31 39
51 32 58
51 34 30
51 35 39
51 36 59
51 37 17
51 39 8
51 40 6
51 45 58
51 46 9
51 50 25
52 1 44
52 2 2
52 8 31
52 9 16
52 10 9
52 11 44
52 12 37
52 18 26
52 20 38
52 21 10
52 23 8
52 24 49
52 26 57
52 27 35
52 28 27
52 30 24
52 33 48
52 35 17
52 38 20
52 41 47
52 43 40
52 44 48
52 46 49
52 47 18
52 48 19
52 49 17
52 50 49
52 51 48
53 0 57
53 4 46
53 6 39
53 7 2
53 8 37
53 9 33
53 11 38
53 12 48
53 15 42
53 16 45
53 17 37
53 18 44
53 20 11
53 21 12
53 23 56
53 24 52
53 25 15
53 26 37
53 27 40
53 28 43
53 29 22
53 32 15
53 34 6
53 35 43
53 38 39
53 39 10
53 40 55
53 41 31
53 42 53
53 44 4
53 48 6
53 49 30
54 1 49
54 2 22
54 3 36
54 5 60
54 7 35
54 9 45
54 10 26
54 12 19
54 13 57
54 15 22
54 16 27
54 19 12
54 21 18
54 22 57
54 24 52
54 27 4
54 28 1
54 29 21
54 30 19
54 31 32
54 32 55
54 33 8
54 36 51
54 37 21
54 41 24
54 43 4
54 44 50
54 45 19
54 46 42
54 49 60
54 50 23
55 1 13
55 3 46
55 4 37
55 5 55
55 7 12
55 13 24
55 14 35
55 17 2
55 18 15
55 22 55
55 23 51
55 24 23
55 26 14
55 27 42
55 28 56
55 29 50
55 33 59
55 34 48
55 35 9
55 36 21
55 39 4
55 41 31
55 42 11
55 43 29
55 48 37
55 49 28
55 51 48
55 52 53
55 53 4
55 54 5
56 3 55
56 4 52
56 5 1
56 7 46
56 11 52
56 13 8
56 14 55
56 18 3
56 19 12
56 21 44
56 22 51
56 25 8
56 27 11
56 30 54
56 35 11
56 37 52
56 39 39
56 40 46
56 42 14
56 43 15
56 44 36
56 46 49
56 52 48
56 55 60
57 0 36
57 7 6
57 10 41
57 16 38
57 17 50
57 18 55
57 21 31
57 23 43
57 26 41
57 27 36
57 30 45
57 31 44
57 34 22
57 37 46
57 39 4
57 41 49
57 43 21
57 48 13
57 50 20
57 51 47
57 52 29
57 54 31
57 56 35
58 1 31
58 2 48
58 4 26
58 7 11
58 9 7
58 11 10
58 12 59
58 13 23
58 20 42
58 23 1
58 24 47
58 25 49
58 27 25
58 30 49
58 32 1
58 35 60
58 36 21
58 38 26
58 40 53
58 42 17
58 43 20
58 45 51
58 51 53
58 52 11
58 55 23
58 56 13
59 0 40
59 2 46
59 3 40
59 4 37
59 7 23
59 9 25
59 12 56
59 13 47
59 14 39
59 16 37
59 17 27
59 18 7
59 20 36
59 22 38
59 23 43
59 29 60
59 32 24
59 35 10
59 37 25
59 41 51
59 42 52
59 43 15
59 45 23
59 46 35
59 48 46
59 50 51
59 51 7
59 52 41
59 53 52
59 54 39
