50
1 0 51
3 0 9
3 1 23
4 0 38
4 1 35
4 2 28
5 0 20
5 1 41
5 2 9
5 3 52
6 0 50
6 1 18
6 2 44
6 3 2
6 5 44
7 4 59
8 1 19
8 2 58
8 5 48
9 1 2
9 4 46
10 0 8
10 1 20
10 2 26
10 3 33
10 4 33
10 7 30
11 3 32
11 4 51
11 5 51
11 6 40
11 7 12
11 10 4
12 0 45
12 1 45
12 6 35
12 7 45
12 8 18
12 9 33
13 0 51
13 1 29
13 2 5
13 3 14
13 4 32
13 5 3
13 7 53
13 8 42
13 10 24
14 3 19
14 6 28
14 8 46
14 11 59
14 12 54
14 13 53
15 1 53
15 5 23
15 6 44
15 8 28
15 11 18
15 12 31
16 2 50
16 3 2
16 4 28
16 6 43
16 7 48
16 9 10
16 12 10
17 0 45
17 2 54
17 3 30
17 4 42
17 5 7
17 8 47
17 12 29
17 13 42
17 15 21
18 0 17
18 1 35
18 2 14
18 7 10
18 8 49
18 12 35
18 15 14
19 1 14
19 3 7
19 5 7
19 7 8
19 8 38
19 9 55
19 10 36
19 11 53
19 12 50
19 13 20
19 15 12
19 17 46
19 18 44
20 0 13
20 3 31
20 8 29
20 10 13
20 11 3
20 13 56
20 14 59
20 15 7
20 16 52
20 17 18
21 0 18
21 1 48
21 2 9
21 5 42
21 6 12
21 7 41
21 8 12
21 9 39
21 10 2
21 12 43
21 14 7
21 15 8
21 16 51
21 17 44
21 18 18
22 1 8
22 2 43
22 3 47
22 5 40
22 7 2
22 9 39
22 10 22
22 11 3
22 12 12
22 14 22
22 15 55
22 17 33
22 19 16
22 20 55
23 1 52
23 3 35
23 4 40
23 5 48
23 8 29
23 9 37
23 10 47
23 11 15
23 13 47
23 15 19
23 18 57
24 6 5
24 7 12
24 8 41
24 10 47
24 11 58
24 12 53
24 13 54
24 20 18
24 22 37
24 23 49
25 2 54
25 5 47
25 6 44
25 8 18
25 9 9
25 11 33
25 13 54
25 16 3
25 17 58
25 23 42
26 0 11
26 1 3
26 2 20
26 6 53
26 9 28
26 10 13
26 12 22
26 14 51
26 15 58
26 17 46
26 20 43
26 22 7
26 24 37
27 1 32
27 4 30
27 6 12
27 10 10
27 11 49
27 13 33
27 15 33
27 16 59
27 20 39
27 22 17
27 23 22
27 26 9
28 3 45
28 4 47
28 6 32
28 7 41
28 8 30
28 10 1
28 12 20
28 13 11
28 16 44
28 19 28
28 21 49
28 22 40
28 23 3
28 24 4
28 26 56
28 27 57
29 0 58
29 3 46
29 4 47
29 5 41
29 7 21
29 8 11
29 9 57
29 10 53
29 11 37
29 13 4
29 16 10
29 17 9
29 20 58
29 22 56
29 23 47
29 25 3
29 28 9
30 0 20
30 2 44
30 6 29
30 7 26
30 8 2
30 9 20
30 11 46
30 15 58
30 16 4
30 17 20
30 19 33
30 20 31
30 21 28
30 23 27
30 25 41
30 28 39
31 0 22
31 6 3
31 8 27
31 9 14
31 10 56
31 11 22
31 12 22
31 18 15
31 20 59
31 21 50
31 22 45
31 25 33
31 26 16
31 27 12
32 3 60
32 6 36
32 8 10
32 9 50
32 10 22
32 11 13
32 15 2
32 17 46
32 19 16
32 20 44
32 21 45
32 22 46
32 26 13
32 27 49
32 28 9
33 1 28
33 5 26
33 12 6
33 17 43
33 21 42
33 22 60
33 24 25
33 25 1
33 26 4
33 27 50
33 28 42
33 31 9
33 32 23
34 1 58
34 2 46
34 3 56
34 4 55
34 5 40
34 6 28
34 9 57
34 10 57
34 11 11
34 14 23
34 16 57
34 17 49
34 19 45
34 20 30
34 21 52
34 22 25
34 32 29
35 0 2
35 1 40
35 2 30
35 4 46
35 6 32
35 7 38
35 12 21
35 13 30
35 19 30
35 20 8
35 21 56
35 23 45
35 25 38
35 26 35
35 28 47
35 29 32
36 1 29
36 3 33
36 4 8
36 5 5
36 8 14
36 11 10
36 15 37
36 17 52
36 18 7
36 21 50
36 22 59
36 26 42
36 28 38
36 31 15
36 32 17
36 33 45
37 0 53
37 3 49
37 7 15
37 8 25
37 13 55
37 15 1
37 17 31
37 18 5
37 19 40
37 20 19
37 21 26
37 26 43
37 27 36
37 29 12
37 31 51
37 33 35
37 36 3
38 0 19
38 2 30
38 4 31
38 5 5
38 6 23
38 10 18
38 11 57
38 12 18
38 15 56
38 16 47
38 17 27
38 18 36
38 21 45
38 24 48
38 26 22
38 29 15
38 30 2
38 31 4
38 33 29
39 2 8
39 7 24
39 8 1
39 9 21
39 10 21
39 13 3
39 16 27
39 18 50
39 19 36
39 20 35
39 24 5
39 25 11
39 26 38
39 29 28
39 30 17
39 36 11
40 2 49
40 3 17
40 6 27
40 7 30
40 8 51
40 11 28
40 14 43
40 16 36
40 17 9
40 19 4
40 21 44
40 22 39
40 27 47
40 28 48
40 30 29
40 31 51
40 32 21
40 39 24
41 0 14
41 1 8
41 5 51
41 7 5
41 9 34
41 11 40
41 18 16
41 19 59
41 20 51
41 23 3
41 26 44
41 27 37
41 28 37
41 30 19
41 32 27
41 37 35
42 2 59
42 3 49
42 5 55
42 7 23
42 8 16
42 9 12
42 11 46
42 13 39
42 14 33
42 15 12
42 16 57
42 17 22
42 18 54
42 21 57
42 23 6
42 24 31
42 25 13
42 26 32
42 27 48
42 30 29
42 31 22
42 32 34
42 39 52
42 40 58
43 0 9
43 5 48
43 6 17
43 12 9
43 13 24
43 14 52
43 16 53
43 17 51
43 24 59
43 26 34
43 28 40
43 30 52
43 31 19
43 32 48
43 34 27
43 35 53
43 36 20
43 39 57
43 42 8
44 1 32
44 5 15
44 6 58
44 8 2
44 9 8
44 10 37
44 11 3
44 12 52
44 15 52
44 18 36
44 19 18
44 21 16
44 22 38
44 23 59
44 24 9
44 26 23
44 27 48
44 28 34
44 32 39
44 37 35
44 38 29
44 39 32
44 42 56
45 3 33
45 4 47
45 6 58
45 8 43
45 9 54
45 10 52
45 12 48
45 16 27
45 17 43
45 18 21
45 22 30
45 25 23
45 30 26
45 31 36
45 34 55
45 35 9
45 37 27
45 40 6
45 43 37
45 44 56
46 0 4
46 1 25
46 4 5
46 8 12
46 9 42
46 10 27
46 13 6
46 14 14
46 15 20
46 17 49
46 20 43
46 21 25
46 22 28
46 24 15
46 26 18
46 27 25
46 34 18
46 35 37
46 38 52
46 40 23
46 41 48
46 43 48
47 0 39
47 3 3
47 7 58
47 9 48
47 10 44
47 11 15
47 14 25
47 16 29
47 17 13
47 19 45
47 20 26
47 21 58
47 23 4
47 27 23
47 29 2
47 31 50
47 33 19
47 34 24
47 35 14
47 38 23
47 42 27
47 43 8
47 44 29
47 46 16
48 0 60
48 1 32
48 3 52
48 4 56
48 5 44
48 10 36
48 11 7
48 12 59
48 16 42
48 18 56
48 20 5
48 21 17
48 22 8
48 24 7
48 25 17
48 28 57
48 29 39
48 30 46
48 31 26
48 33 54
48 35 36
48 36 26
48 37 15
48 39 13
48 42 33
48 44 26
48 45 60
49 0 44
49 2 45
49 3 13
49 4 1
49 5 45
49 6 18
49 7 20
49 11 33
49 12 31
49 14 2
49 17 15
49 18 6
49 19 25
49 22 54
49 27 14
49 40 33
49 42 36
49 47 29
49 48 10
