50
1 0 2
3 0 2
3 1 14
3 2 16
4 1 16
5 0 19
5 1 17
5 3 13
5 4 18
6 4 8
6 5 5
7 0 20
7 2 13
7 4 1
7 5 16
7 6 1
8 0 18
8 2 17
8 3 4
8 7 12
9 1 19
9 4 9
9 5 3
10 0 17
10 1 18
10 2 12
10 3 14
10 4 3
10 6 8
10 7 5
11 0 8
11 3 8
11 8 16
11 9 11
12 3 18
12 4 7
12 6 9
12 7 4
12 8 5
12 9 17
12 11 11
13 0 14
13 3 14
13 5 6
13 8 16
13 11 2
14 0 10
14 3 14
14 5 18
14 7 1
14 12 11
15 5 1
15 6 4
15 9 4
15 10 11
15 11 18
15 12 3
15 14 17
16 2 3
16 6 6
16 8 4
16 9 6
16 10 16
16 11 8
16 13 12
17 0 5
17 3 18
17 10 1
17 12 1
17 15 2
17 16 17
18 0 17
18 4 18
18 6 9
18 7 7
18 10 1
18 12 10
18 13 1
18 17 2
19 0 7
19 1 10
19 3 15
19 8 17
19 9 7
19 12 10
19 14 15
19 15 6
19 17 5
20 0 4
20 1 19
20 2 12
20 4 17
20 5 8
20 6 10
20 7 6
20 8 16
20 10 17
20 13 7
20 16 19
20 17 16
20 18 17
20 19 5
21 0 14
21 1 5
21 4 5
21 9 13
21 11 16
21 12 18
21 14 20
21 16 7
21 17 17
21 19 12
21 20 20
22 1 4
22 4 18
22 6 14
22 9 19
22 10 13
22 11 3
22 14 19
22 17 19
22 20 9
22 21 5
23 0 1
23 1 4
23 8 15
23 11 5
23 15 19
23 16 17
23 19 14
23 21 11
24 0 10
24 1 13
24 2 11
24 5 8
24 7 13
24 8 8
24 11 15
24 12 8
24 13 8
24 14 8
24 16 4
24 17 5
24 21 14
24 22 17
25 1 1
25 2 18
25 3 1
25 6 16
25 10 6
25 11 15
25 14 10
25 15 19
25 18 12
25 19 4
25 20 6
25 21 7
25 22 18
25 23 20
26 1 10
26 2 7
26 5 17
26 7 7
26 9 2
26 10 3
26 11 2
26 12 8
26 15 10
26 17 15
26 18 7
26 20 20
26 21 9
26 22 14
26 23 2
26 25 8
27 0 5
27 7 13
27 8 12
27 9 18
27 10 11
27 11 4
27 13 6
27 14 11
27 15 9
27 18 19
27 19 10
27 20 12
27 21 3
27 23 15
27 26 16
28 1 17
28 2 20
28 3 15
28 4 6
28 9 20
28 10 11
28 11 10
28 13 5
28 14 14
28 16 8
28 18 20
28 19 16
28 20 9
28 22 11
28 25 20
28 27 18
29 0 16
29 1 18
29 4 13
29 7 15
29 10 20
29 15 20
29 18 3
29 19 4
29 20 6
29 22 8
29 23 19
29 24 19
29 25 5
29 26 1
29 27 19
29 28 15
30 1 11
30 2 8
30 11 10
30 13 13
30 14 7
30 16 6
30 18 19
30 23 8
30 27 7
30 28 12
30 29 4
31 0 20
31 3 17
31 5 16
31 6 3
31 7 19
31 8 20
31 9 10
31 11 13
31 14 3
31 16 4
31 17 17
31 18 12
31 20 8
31 21 15
31 22 6
31 24 10
31 25 8
31 26 17
31 27 5
31 28 13
31 30 7
32 3 13
32 4 2
32 7 7
32 9 4
32 12 2
32 16 10
32 17 14
32 19 7
32 22 15
32 23 2
32 24 14
32 26 10
32 28 1
32 30 6
32 31 16
33 0 18
33 2 12
33 4 1
33 5 20
33 6 15
33 8 11
33 9 16
33 10 10
33 13 9
33 14 6
33 17 11
33 21 8
33 22 11
33 23 17
33 28 14
33 29 5
34 0 12
34 4 12
34 5 12
34 9 3
34 10 18
34 11 14
34 17 2
34 18 12
34 19 14
34 21 8
34 22 13
34 24 19
34 25 16
34 26 12
34 30 12
34 31 6
34 33 9
35 1 19
35 2 14
35 3 18
35 4 4
35 7 18
35 8 2
35 9 10
35 10 7
35 11 7
35 13 1
35 14 3
35 16 11
35 19 16
35 21 18
35 25 2
35 26 17
35 28 2
35 30 20
35 34 2
36 0 12
36 8 5
36 11 3
36 13 1
36 17 10
36 18 1
36 19 20
36 20 12
36 21 8
36 22 16
36 23 6
36 24 20
36 33 3
37 0 19
37 1 11
37 2 13
37 3 17
37 5 10
37 8 12
37 12 9
37 16 9
37 20 10
37 21 8
37 22 12
37 24 3
37 26 16
37 28 10
37 31 10
37 32 14
37 33 17
37 34 19
37 35 17
37 36 4
38 3 4
38 5 13
38 8 11
38 10 15
38 12 14
38 13 13
38 15 14
38 17 20
38 18 15
38 19 17
38 23 18
38 24 15
38 25 12
38 29 11
38 31 20
38 32 6
38 35 5
38 36 14
39 0 9
39 1 17
39 3 18
39 8 6
39 9 11
39 13 3
39 15 7
39 17 11
39 18 9
39 19 2
39 20 11
39 21 2
39 24 4
39 26 10
39 28 13
39 30 10
39 31 15
39 36 20
39 37 5
40 1 6
40 4 9
40 8 15
40 11 5
40 12 16
40 13 13
40 15 14
40 16 11
40 17 19
40 18 8
40 20 2
40 27 19
40 28 2
40 31 9
40 32 18
40 36 14
40 38 6
40 39 9
41 0 6
41 1 2
41 2 6
41 5 7
41 7 15
41 8 8
41 10 12
41 11 18
41 14 20
41 18 8
41 19 16
41 23 17
41 25 6
41 27 9
41 29 1
41 30 16
41 31 3
41 33 17
41 35 13
42 0 20
42 3 1
42 8 11
42 12 20
42 13 11
42 15 18
42 16 3
42 17 20
42 19 20
42 20 20
42 22 15
42 23 16
42 25 15
42 26 19
42 28 2
42 29 3
42 30 6
42 32 17
42 33 17
42 35 4
42 37 18
42 41 3
43 9 8
43 13 5
43 15 2
43 16 7
43 17 12
43 18 17
43 22 14
43 23 7
43 28 17
43 30 14
43 33 1
43 35 7
43 38 3
43 41 17
44 0 6
44 1 18
44 2 3
44 3 9
44 4 9
44 7 9
44 9 10
44 10 11
44 15 13
44 20 3
44 21 7
44 24 9
44 25 10
44 26 1
44 28 11
44 30 20
44 32 10
44 34 20
44 36 13
44 37 16
44 40 20
45 3 13
45 4 14
45 11 19
45 14 13
45 16 19
45 17 8
45 18 19
45 22 10
45 24 11
45 26 7
45 27 8
45 28 13
45 30 15
45 35 5
45 37 16
45 39 8
45 40 7
45 41 1
45 42 8
45 44 7
46 3 2
46 4 12
46 7 1
46 8 4
46 9 12
46 12 16
46 15 14
46 16 12
46 21 12
46 28 14
46 29 17
46 31 2
46 34 1
46 35 12
46 36 3
46 37 7
46 39 17
46 40 2
46 41 13
46 42 20
46 44 6
46 45 12
47 0 19
47 2 1
47 6 18
47 7 7
47 8 12
47 10 19
47 11 5
47 12 15
47 16 20
47 17 18
47 20 1
47 24 8
47 25 15
47 28 6
47 30 18
47 31 19
47 32 17
47 33 2
47 36 13
47 37 17
47 38 8
47 40 17
47 41 4
47 43 17
47 45 9
47 46 12
48 0 14
48 1 18
48 5 1
48 6 13
48 8 12
48 11 19
48 13 15
48 15 4
48 17 17
48 20 12
48 21 7
48 23 11
48 24 17
48 27 7
48 28 4
48 29 17
48 30 1
48 31 3
48 32 6
48 33 20
48 34 9
48 39 4
48 43 7
48 44 13
48 45 13
48 46 6
48 47 17
49 0 20
49 1 19
49 4 13
49 8 11
49 9 9
49 14 8
49 15 1
49 17 5
49 21 11
49 23 17
49 25 17
49 26 2
49 29 13
49 30 5
49 35 17
49 38 11
49 39 20
49 40 14
49 41 4
49 43 2
49 48 15
