50
1 0 17
3 0 14
4 1 15
4 3 12
5 3 16
5 4 1
6 0 12
6 2 7
6 3 8
7 5 5
7 6 14
8 1 19
8 4 15
8 5 14
8 7 18
9 4 15
9 5 19
9 6 20
9 7 11
10 3 5
10 4 11
10 6 3
10 7 12
11 2 16
11 3 18
11 4 19
11 6 1
11 7 10
11 9 18
11 10 1
12 2 20
12 4 12
12 5 12
13 0 20
13 1 14
13 3 2
13 4 10
13 5 5
13 9 19
13 11 4
14 2 7
14 3 12
14 5 20
14 10 11
14 11 16
14 13 14
15 0 1
15 3 11
15 4 16
15 6 19
15 7 6
15 9 2
15 10 6
16 0 15
16 1 1
16 2 7
16 3 5
16 4 16
16 7 11
16 9 16
16 10 4
16 12 10
16 14 14
16 15 9
17 2 20
17 3 16
17 6 13
17 8 18
17 14 15
17 16 14
18 1 3
18 2 15
18 6 9
18 8 12
18 9 1
18 10 17
18 11 15
18 12 15
18 13 19
18 15 12
18 16 4
19 0 1
19 1 13
19 5 1
19 6 18
19 9 1
19 11 2
19 12 15
19 13 3
19 14 17
19 16 9
20 0 7
20 1 6
20 2 2
20 4 6
20 5 6
20 6 4
20 7 20
20 8 13
20 9 18
20 13 1
20 14 13
20 15 4
20 16 1
20 19 6
21 1 11
21 2 7
21 4 7
21 5 16
21 6 13
21 9 18
21 11 8
21 12 1
21 13 13
21 14 4
21 15 8
21 18 3
22 2 1
22 3 6
22 5 1
22 6 1
22 7 14
22 9 16
22 11 11
22 14 7
22 20 8
23 0 1
23 1 12
23 7 14
23 11 8
23 14 10
23 15 18
23 19 6
23 20 6
23 21 14
24 0 13
24 5 16
24 6 13
24 7 2
24 8 16
24 10 17
24 11 10
24 12 2
24 13 13
24 14 17
24 16 5
24 20 10
24 21 3
25 0 16
25 2 5
25 4 18
25 5 4
25 6 18
25 7 8
25 8 7
25 9 14
25 10 14
25 11 18
25 12 1
25 14 9
25 15 17
25 17 7
26 0 13
26 1 10
26 3 1
26 6 2
26 7 13
26 8 7
26 11 6
26 13 5
26 14 17
26 16 11
26 17 18
26 18 11
26 19 14
26 20 3
26 24 14
27 1 12
27 5 13
27 6 19
27 7 6
27 9 15
27 10 17
27 11 5
27 14 7
27 16 11
27 19 10
27 20 11
27 21 18
27 22 20
27 23 17
28 0 20
28 3 8
28 5 18
28 7 16
28 10 11
28 11 18
28 12 1
28 13 7
28 15 6
28 17 3
28 19 3
28 20 10
28 21 10
28 24 1
29 0 6
29 1 18
29 7 17
29 9 7
29 12 14
29 13 18
29 16 6
29 20 12
29 22 20
29 24 17
29 25 8
29 26 18
29 27 18
29 28 17
30 0 17
30 2 6
30 5 10
30 6 12
30 7 8
30 8 9
30 9 13
30 10 4
30 11 7
30 14 2
30 15 11
30 16 3
30 24 5
30 29 16
31 1 8
31 4 19
31 6 2
31 8 19
31 10 10
31 12 20
31 13 1
31 14 15
31 16 11
31 18 16
31 19 8
31 22 6
31 24 11
31 26 10
31 27 18
31 30 19
32 1 1
32 3 8
32 4 16
32 5 6
32 6 18
32 7 5
32 9 18
32 13 3
32 15 5
32 16 3
32 17 19
32 19 2
32 21 19
32 22 8
32 23 19
32 25 20
32 26 2
32 27 7
32 29 7
32 31 15
33 0 13
33 2 13
33 3 14
33 5 20
33 8 9
33 9 15
33 10 20
33 11 12
33 13 17
33 14 3
33 16 2
33 17 17
33 19 20
33 20 14
33 22 1
33 23 6
33 25 6
33 28 18
33 29 10
33 31 3
34 1 2
34 2 9
34 3 1
34 4 2
34 5 18
34 6 11
34 8 6
34 9 15
34 10 7
34 12 20
34 13 18
34 14 10
34 16 2
34 17 13
34 18 10
34 20 12
34 23 5
34 28 15
34 31 16
34 33 18
35 4 3
35 5 9
35 9 20
35 10 15
35 11 16
35 14 12
35 15 13
35 16 14
35 19 7
35 20 12
35 21 7
35 22 16
35 23 3
35 24 18
35 25 2
35 27 19
35 29 7
35 30 17
35 31 18
35 33 2
36 0 3
36 5 15
36 9 9
36 16 20
36 23 20
36 25 5
36 26 6
36 28 2
36 29 1
36 32 4
36 33 11
36 35 8
37 1 14
37 6 16
37 8 5
37 10 7
37 12 6
37 13 4
37 17 9
37 18 20
37 19 6
37 21 6
37 24 3
37 25 15
37 29 11
37 30 2
37 31 7
37 33 2
37 35 10
38 0 2
38 3 10
38 5 9
38 6 7
38 7 19
38 9 5
38 10 17
38 11 11
38 12 11
38 18 20
38 21 10
38 24 2
38 25 3
38 26 15
38 27 10
38 28 4
38 33 1
38 36 1
38 37 12
39 2 17
39 4 4
39 6 11
39 9 2
39 13 4
39 19 8
39 20 2
39 21 8
39 23 2
39 24 7
39 25 11
39 28 19
39 29 9
39 30 14
39 32 18
39 34 2
39 35 7
40 0 5
40 7 14
40 8 3
40 11 17
40 12 3
40 20 7
40 23 7
40 26 11
40 27 1
40 30 20
40 34 20
40 36 5
40 38 10
40 39 5
41 1 1
41 2 13
41 5 11
41 9 5
41 10 1
41 13 11
41 14 1
41 15 8
41 16 14
41 17 15
41 18 17
41 21 14
41 28 19
41 30 17
41 37 16
41 39 11
42 6 16
42 9 3
42 10 4
42 13 20
42 16 3
42 17 5
42 19 4
42 25 12
42 26 8
42 27 17
42 30 10
42 31 8
42 33 11
42 34 2
42 35 7
42 36 3
42 37 7
42 38 16
42 41 20
43 1 17
43 4 14
43 5 20
43 6 16
43 12 13
43 15 7
43 18 16
43 21 12
43 23 10
43 24 13
43 25 19
43 31 15
43 35 3
43 37 14
43 41 12
43 42 8
44 3 14
44 5 7
44 9 12
44 12 15
44 13 5
44 16 20
44 17 2
44 19 11
44 20 6
44 21 18
44 24 1
44 25 15
44 27 13
44 29 18
44 30 13
44 32 12
44 33 7
44 35 8
44 37 5
44 39 4
44 43 16
45 0 17
45 3 14
45 4 20
45 5 11
45 9 2
45 11 18
45 18 20
45 20 18
45 22 1
45 23 18
45 28 8
45 29 12
45 30 6
45 31 2
45 32 3
45 33 1
45 38 10
45 39 11
45 40 8
45 41 15
45 43 10
45 44 14
46 1 11
46 3 2
46 5 15
46 6 20
46 7 2
46 10 9
46 12 8
46 19 5
46 22 15
46 24 11
46 25 8
46 27 11
46 28 4
46 29 12
46 33 6
46 34 10
46 35 20
46 36 14
46 37 2
46 38 15
46 41 3
46 42 2
46 43 7
47 0 13
47 2 13
47 4 19
47 7 2
47 9 2
47 10 9
47 11 17
47 13 13
47 14 10
47 15 18
47 17 11
47 18 9
47 20 19
47 22 1
47 23 12
47 27 11
47 28 12
47 33 14
47 42 18
47 45 12
48 1 16
48 4 11
48 6 11
48 7 16
48 9 16
48 10 12
48 11 9
48 12 5
48 13 15
48 14 3
48 15 8
48 16 12
48 18 12
48 19 9
48 20 6
48 22 6
48 25 3
48 26 9
48 27 3
48 28 13
48 29 2
48 31 1
48 32 18
48 33 10
48 34 9
48 38 6
48 39 9
48 42 2
48 43 4
48 47 9
49 0 13
49 1 2
49 3 7
49 5 5
49 6 5
49 10 4
49 14 17
49 15 9
49 17 8
49 18 3
49 19 1
49 20 7
49 21 10
49 22 19
49 23 10
49 24 15
49 26 8
49 27 12
49 29 14
49 30 20
49 31 13
49 32 8
49 33 4
49 35 1
49 39 6
49 41 15
49 42 17
49 44 10
49 46 16
49 47 6
