30
1 0 50
3 0 10
4 1 8
4 3 9
5 2 44
5 3 43
6 0 11
6 3 19
6 4 42
7 2 44
7 6 57
8 0 52
8 3 35
8 5 17
8 6 6
8 7 60
9 2 52
9 5 10
9 6 46
9 8 41
10 4 59
10 6 30
10 7 39
11 1 2
11 2 37
11 5 3
12 0 43
12 1 5
12 4 48
12 5 25
12 6 51
12 7 45
12 8 5
12 9 16
12 10 1
12 11 17
13 1 9
13 3 22
13 4 15
13 7 24
13 10 2
13 12 10
14 2 44
14 3 46
14 8 36
14 11 56
14 13 48
15 1 19
15 2 32
15 4 22
15 5 26
15 8 57
15 13 40
16 1 59
16 4 37
16 6 22
16 7 50
16 9 54
16 11 57
16 12 30
16 14 45
17 1 38
17 3 60
17 4 50
17 8 12
17 16 53
18 0 25
18 1 59
18 2 57
18 5 27
18 6 49
18 8 35
18 9 37
18 11 6
18 12 2
18 15 25
18 16 22
18 17 16
19 2 53
19 4 48
19 5 54
19 6 5
19 8 20
19 9 1
19 11 12
19 15 6
19 18 7
20 0 36
20 1 41
20 2 30
20 4 53
20 6 25
20 7 38
20 8 30
20 10 4
20 11 12
20 12 15
20 13 9
20 14 29
20 18 37
20 19 43
21 0 17
21 3 50
21 4 41
21 5 47
21 6 48
21 7 33
21 10 59
21 11 26
21 14 34
21 16 12
21 17 57
21 18 32
21 20 33
22 0 12
22 4 57
22 5 50
22 6 41
22 8 4
22 13 37
22 20 18
23 0 8
23 2 21
23 3 45
23 5 8
23 7 30
23 8 16
23 9 19
23 10 43
23 11 48
23 13 22
23 15 14
23 16 13
23 17 39
23 18 60
23 20 25
23 21 37
23 22 17
24 0 58
24 1 44
24 6 37
24 7 33
24 9 31
24 10 31
24 11 39
24 12 41
24 13 21
24 16 20
24 21 55
24 22 25
24 23 56
25 3 22
25 5 39
25 15 18
25 17 13
25 18 19
25 20 23
25 24 27
26 0 53
26 2 53
26 3 51
26 7 38
26 9 21
26 11 46
26 12 53
26 18 55
26 20 7
26 22 11
26 23 38
26 24 19
27 0 25
27 1 29
27 4 36
27 5 1
27 6 46
27 11 14
27 12 43
27 14 43
27 17 35
27 24 59
27 25 8
27 26 17
28 3 54
28 4 41
28 6 9
28 8 26
28 10 23
28 12 51
28 13 56
28 16 16
28 17 27
28 19 29
28 20 33
28 21 4
28 22 40
28 23 52
28 27 29
29 4 7
29 5 31
29 6 27
29 13 15
29 17 41
29 19 35
29 20 40
29 26 28
29 27 5
