40
1 0 1
3 0 14
3 1 9
4 3 7
5 0 13
5 1 20
6 0 15
6 1 8
6 3 5
6 5 19
7 2 5
7 3 1
7 5 15
7 6 11
8 0 18
8 1 16
8 3 8
8 6 15
9 0 20
9 2 15
9 3 8
9 7 18
9 8 19
10 0 6
10 1 9
10 2 12
10 4 19
10 5 18
10 6 2
10 8 3
10 9 9
11 0 12
11 2 6
11 3 3
11 4 12
11 5 1
11 9 18
12 1 17
12 4 17
12 5 8
12 7 7
12 9 6
12 11 20
13 0 2
13 3 14
13 5 17
13 6 16
13 7 17
13 8 11
13 10 4
13 11 14
14 3 1
14 4 19
14 8 19
15 2 14
15 5 20
15 8 13
15 12 16
15 13 19
15 14 14
16 0 8
16 3 11
16 5 17
17 1 10
17 2 6
17 5 2
17 6 14
17 9 12
17 12 16
17 13 5
17 15 2
18 2 18
18 4 15
18 7 16
18 8 7
18 9 17
18 12 19
18 13 5
18 15 15
18 16 14
18 17 8
19 0 10
19 7 19
19 9 6
19 10 18
19 11 11
19 14 1
19 15 16
19 18 14
20 2 8
20 6 20
20 7 2
20 10 18
20 15 18
21 1 1
21 4 15
21 7 13
21 10 17
21 13 4
21 15 14
21 16 11
22 0 18
22 1 19
22 2 14
22 3 1
22 6 4
22 7 5
22 8 8
22 11 2
22 14 16
22 15 8
22 17 13
22 18 19
22 19 11
23 0 6
23 2 2
23 3 1
23 4 6
23 8 1
23 9 11
23 11 20
23 14 10
23 17 13
23 20 1
23 21 7
23 22 10
24 0 18
24 1 11
24 2 2
24 5 17
24 6 11
24 7 12
24 8 20
24 10 15
24 12 14
24 13 4
24 15 18
24 17 9
24 20 16
24 21 2
24 22 19
25 0 13
25 1 18
25 4 3
25 5 7
25 8 3
25 9 19
25 12 20
25 13 1
25 15 4
25 16 9
25 17 19
25 18 8
25 20 16
25 21 18
25 22 10
25 24 6
26 0 1
26 4 6
26 5 11
26 9 7
26 12 7
26 13 20
26 15 5
26 16 16
26 17 12
26 19 16
26 20 13
26 21 4
26 24 17
26 25 3
27 0 16
27 1 17
27 2 4
27 5 15
27 6 6
27 7 5
27 8 5
27 9 14
27 10 16
27 11 14
27 12 4
27 15 1
27 18 2
27 19 20
28 0 1
28 3 14
28 4 1
28 6 9
28 7 9
28 8 19
28 9 8
28 10 10
28 13 17
28 14 13
28 15 14
28 16 15
28 20 17
28 21 12
28 23 9
28 24 20
28 27 16
29 0 1
29 1 3
29 2 12
29 4 11
29 10 11
29 12 20
29 14 5
29 15 8
29 16 2
29 18 6
29 19 7
29 21 10
29 22 9
29 23 16
29 25 13
29 26 5
29 28 18
30 0 18
30 2 18
30 4 19
30 5 19
30 6 13
30 8 5
30 11 10
30 12 17
30 13 12
30 16 11
30 17 5
30 18 9
30 19 17
30 21 4
30 22 8
30 23 9
30 24 11
30 27 16
30 28 20
30 29 18
31 1 20
31 6 1
31 7 19
31 10 6
31 11 17
31 12 19
31 13 18
31 18 1
31 21 3
31 23 18
31 26 6
31 27 11
32 0 11
32 3 5
32 5 10
32 8 15
32 9 8
32 10 13
32 11 9
32 12 19
32 16 12
32 21 1
32 25 2
32 26 19
32 27 15
32 28 20
32 29 14
32 30 16
32 31 15
33 0 12
33 2 18
33 5 6
33 8 10
33 11 5
33 12 15
33 15 19
33 18 11
33 19 13
33 29 5
33 30 4
33 31 14
34 2 7
34 4 17
34 5 2
34 8 8
34 9 19
34 10 12
34 14 10
34 15 17
34 17 12
34 18 8
34 19 10
34 21 17
34 22 12
34 23 2
34 25 3
34 29 3
34 31 10
34 33 16
35 1 15
35 3 6
35 4 15
35 8 6
35 9 8
35 10 14
35 12 19
35 13 3
35 15 12
35 17 18
35 21 19
35 22 17
35 27 13
35 28 20
35 30 10
35 31 18
35 32 14
35 33 14
36 0 9
36 6 12
36 7 8
36 11 5
36 13 7
36 14 7
36 15 11
36 16 1
36 18 7
36 19 6
36 25 10
36 27 5
36 28 3
36 33 18
36 35 2
37 0 18
37 2 18
37 3 20
37 5 19
37 8 8
37 13 12
37 15 12
37 16 9
37 18 3
37 20 16
37 21 20
37 25 2
37 26 16
37 27 14
37 30 20
37 31 1
37 32 12
37 33 15
38 0 7
38 1 6
38 3 10
38 5 1
38 6 8
38 12 15
38 15 7
38 18 14
38 19 19
38 20 7
38 21 10
38 22 19
38 24 1
38 25 8
38 27 2
38 28 20
38 33 18
39 0 5
39 3 6
39 5 11
39 7 11
39 9 14
39 11 2
39 14 11
39 15 10
39 17 3
39 20 9
39 21 16
39 22 4
39 23 5
39 24 18
39 25 4
39 30 1
39 31 17
