40
1 0 42
2 1 55
3 0 41
3 2 17
4 1 29
4 3 32
5 0 20
5 1 54
5 3 1
5 4 72
6 2 44
6 5 46
7 2 85
7 4 76
8 2 80
8 4 43
8 5 33
9 0 77
9 1 74
9 2 42
9 6 40
10 0 77
10 1 26
10 3 70
10 7 52
10 9 32
11 1 71
11 2 64
11 3 83
12 2 15
12 3 37
12 6 67
12 7 3
12 8 15
13 3 63
13 5 56
13 7 77
13 8 54
13 12 14
14 0 77
14 1 54
14 3 91
14 4 64
14 8 25
14 9 31
14 10 43
14 12 33
14 13 83
15 2 33
15 3 99
15 4 67
15 5 55
15 7 16
15 8 70
15 9 6
15 10 73
15 11 19
15 12 66
15 14 87
16 0 30
16 5 51
16 6 23
16 7 54
16 10 19
16 13 69
16 14 94
17 0 60
17 1 49
17 3 67
17 5 80
17 8 61
17 9 51
17 12 58
17 15 24
17 16 62
18 1 29
18 4 27
18 5 91
18 6 29
18 7 10
18 9 99
18 10 2
18 11 63
18 12 15
18 13 99
18 15 29
19 2 66
19 3 65
19 5 64
19 6 43
19 9 92
19 11 76
19 13 86
19 14 30
19 15 17
19 16 21
19 17 63
20 0 53
20 3 79
20 4 89
20 7 38
20 8 9
20 9 56
20 10 98
20 12 15
20 13 37
20 16 73
20 17 10
20 18 41
20 19 90
21 1 98
21 2 28
21 5 47
21 6 12
21 7 42
21 9 48
21 10 1
21 11 84
21 16 39
21 17 67
21 18 70
21 19 1
22 0 9
22 1 21
22 2 33
22 5 48
22 7 57
22 8 89
22 9 2
22 10 24
22 13 78
22 17 20
22 19 3
22 20 86
22 21 69
23 1 20
23 3 37
23 4 27
23 7 49
23 8 96
23 11 1
23 12 56
23 14 19
23 15 90
23 16 1
23 19 34
23 20 46
24 0 47
24 2 28
24 3 96
24 5 31
24 6 13
24 8 53
24 13 15
24 14 48
24 15 75
24 17 47
24 18 66
24 20 60
24 23 22
25 0 12
25 1 54
25 3 73
25 6 89
25 7 78
25 9 17
25 10 9
25 13 74
25 16 82
25 17 81
25 18 93
25 19 75
25 20 44
25 21 46
25 22 50
25 24 29
26 0 58
26 1 68
26 5 72
26 6 14
26 7 51
26 9 5
26 10 1
26 11 52
26 12 41
26 13 72
26 14 76
26 16 25
26 18 7
26 19 71
26 21 40
26 22 99
26 24 82
27 2 25
27 3 40
27 4 79
27 6 85
27 7 57
27 8 96
27 12 40
27 14 69
27 15 12
27 17 30
27 19 50
27 20 54
27 21 12
27 23 33
28 1 47
28 5 65
28 6 13
28 8 8
28 9 30
28 10 19
28 13 69
28 14 29
28 15 72
28 16 86
28 23 72
28 24 23
28 25 22
28 26 79
29 0 23
29 1 53
29 2 39
29 4 55
29 6 100
29 9 31
29 15 10
29 16 66
29 17 47
29 18 83
29 20 71
29 21 21
29 23 29
29 28 62
30 0 45
30 1 100
30 3 61
30 4 23
30 5 100
30 6 74
30 7 3
30 8 30
30 10 70
30 11 87
30 14 92
30 19 56
30 22 95
30 24 66
30 25 48
30 26 76
30 28 8
30 29 79
31 1 21
31 2 38
31 3 36
31 5 81
31 6 94
31 7 33
31 8 62
31 9 71
31 11 46
31 12 35
31 14 36
31 15 60
31 16 26
31 17 93
31 18 74
31 19 91
31 21 46
31 22 71
31 24 48
31 25 90
31 27 57
32 0 25
32 2 8
32 3 57
32 4 48
32 5 52
32 10 97
32 14 47
32 17 23
32 18 42
32 19 81
32 20 69
32 22 9
32 23 55
32 24 84
32 26 68
32 30 21
33 12 69
33 17 33
33 18 26
33 24 58
33 27 76
33 29 31
33 31 95
33 32 75
34 0 12
34 1 74
34 3 44
34 4 40
34 5 54
34 6 82
34 8 35
34 9 62
34 10 88
34 11 68
34 12 47
34 15 11
34 16 58
34 18 18
34 19 87
34 21 53
34 22 73
34 23 57
34 25 84
34 26 26
34 27 67
34 28 99
34 32 87
34 33 34
35 0 48
35 1 85
35 2 5
35 4 50
35 5 82
35 7 40
35 8 53
35 10 47
35 12 77
35 13 3
35 16 82
35 18 42
35 20 31
35 23 93
35 25 22
35 27 73
35 28 87
35 30 23
35 33 67
36 0 7
36 1 96
36 4 70
36 5 46
36 6 82
36 9 44
36 11 81
36 13 98
36 15 45
36 16 98
36 17 25
36 20 41
36 22 41
36 24 3
36 26 21
36 28 4
36 31 73
36 32 4
36 34 93
36 35 80
37 4 29
37 5 23
37 7 38
37 8 21
37 9 32
37 10 78
37 11 47
37 12 26
37 14 65
37 15 99
37 16 10
37 19 84
37 20 48
37 21 13
37 22 14
37 23 100
37 25 7
37 29 66
37 36 56
38 1 52
38 3 27
38 6 61
38 7 14
38 8 83
38 9 45
38 11 15
38 14 59
38 16 68
38 19 88
38 21 35
38 23 100
38 24 71
38 25 83
38 27 13
38 28 1
38 30 2
38 32 52
38 36 100
38 37 29
39 0 3
39 1 46
39 2 75
39 4 98
39 7 87
39 8 4
39 10 56
39 14 63
39 16 90
39 17 47
39 22 45
39 23 54
39 24 17
39 25 51
39 29 8
39 30 20
39 31 68
39 35 57
39 37 74
