20
1 0 85
3 1 88
4 0 39
4 1 81
4 3 11
5 1 45
5 3 21
5 4 44
6 3 77
6 4 38
7 0 87
7 1 69
7 2 47
7 3 100
7 4 43
8 0 51
8 1 57
8 2 99
8 4 79
8 5 36
9 3 5
9 6 23
9 8 34
10 0 24
10 8 81
10 9 27
11 0 21
11 2 7
11 3 55
11 4 46
11 7 95
11 8 29
11 9 6
11 10 94
12 0 40
12 1 95
12 3 56
12 4 92
12 5 54
12 6 38
12 10 65
12 11 59
13 0 80
13 1 70
13 5 49
13 6 98
13 8 26
13 10 27
14 1 30
14 2 52
14 4 26
14 5 86
14 6 63
14 7 85
14 9 72
14 13 28
15 0 76
15 1 95
15 3 65
15 6 34
15 7 100
15 10 57
15 11 51
15 13 9
16 2 66
16 4 96
16 7 80
16 8 80
16 9 47
16 10 40
16 11 91
16 12 51
16 13 66
16 15 66
17 0 60
17 2 84
17 3 30
17 5 18
17 7 69
17 8 3
17 9 53
17 10 17
17 13 38
17 14 68
17 16 29
18 0 62
18 5 14
18 6 62
18 7 59
18 8 63
18 10 2
18 11 37
18 13 50
18 14 64
18 17 62
19 0 18
19 4 33
19 5 9
19 8 1
19 12 18
19 13 23
19 14 46
19 15 15
19 16 72
19 18 91
