30
2 0 35
2 1 102
3 0 103
3 1 4
4 1 39
4 3 23
5 1 42
5 2 108
5 3 33
5 4 57
6 0 19
6 1 75
6 2 41
6 3 94
7 1 69
7 5 75
8 1 42
8 2 88
8 3 96
8 4 35
8 6 73
9 0 23
9 1 12
9 5 12
9 6 4
10 0 86
10 1 57
10 2 27
10 3 99
10 4 18
10 5 61
10 7 9
10 9 52
11 0 102
11 3 56
11 4 24
11 6 77
11 7 4
11 8 37
11 9 23
11 10 69
12 1 61
12 3 26
12 4 19
12 8 61
12 9 67
12 10 30
12 11 63
13 2 34
13 3 52
13 5 27
13 6 13
13 11 18
14 2 55
14 7 66
14 8 61
14 10 48
14 11 21
14 12 97
15 0 34
15 2 67
15 6 30
15 7 25
15 9 108
15 11 110
15 12 86
15 13 21
15 14 42
16 1 48
16 5 51
16 7 106
16 9 108
16 10 68
16 11 73
16 12 105
16 13 80
16 15 90
17 0 28
17 1 72
17 2 30
17 4 92
17 5 9
17 8 45
17 9 61
17 10 81
17 11 23
17 14 80
18 0 8
18 1 66
18 4 114
18 5 7
18 6 25
18 7 62
18 8 93
18 9 98
18 11 40
18 12 28
18 13 84
18 14 81
19 0 118
19 1 44
19 3 81
19 5 26
19 7 20
19 8 23
19 12 45
19 15 52
19 16 30
19 17 76
19 18 13
20 7 75
20 8 1
20 10 37
20 11 69
20 13 73
20 14 79
20 15 35
20 18 113
21 3 23
21 8 18
21 9 119
21 12 99
21 13 64
21 14 116
21 16 48
21 18 93
22 1 100
22 2 36
22 3 16
22 4 15
22 6 81
22 8 75
22 9 31
22 11 16
22 14 17
22 15 51
22 16 107
22 17 64
22 18 94
22 19 19
23 0 35
23 2 103
23 4 100
23 6 92
23 9 59
23 10 54
23 13 29
23 15 74
23 17 59
23 18 111
23 20 6
23 21 79
23 22 46
24 3 79
24 4 120
24 8 55
24 11 22
24 12 102
24 14 90
24 15 14
24 16 2
24 17 90
24 19 102
24 23 43
25 1 116
25 2 65
25 4 36
25 5 63
25 6 48
25 12 104
25 13 43
25 15 30
25 19 67
26 0 47
26 2 40
26 3 70
26 6 43
26 7 50
26 9 14
26 10 33
26 11 2
26 12 36
26 14 16
26 15 42
26 18 76
26 19 15
26 21 73
26 22 96
26 25 21
27 0 85
27 1 93
27 4 94
27 5 52
27 6 84
27 8 79
27 12 112
27 13 108
27 14 45
27 21 3
27 22 95
27 25 39
27 26 106
28 0 46
28 1 58
28 3 82
28 4 44
28 6 110
28 7 18
28 9 104
28 10 51
28 11 8
28 12 60
28 13 91
28 14 90
28 17 62
28 20 15
28 21 105
28 22 76
28 25 9
28 26 73
29 0 4
29 1 14
29 2 86
29 3 92
29 4 92
29 5 27
29 6 92
29 7 15
29 11 90
29 12 26
29 13 63
29 16 101
29 18 49
29 19 65
29 20 96
29 21 104
29 23 56
29 24 55
29 26 22
29 27 101
