60
1 0 93
2 0 89
3 1 51
4 0 72
4 2 50
5 3 24
6 0 66
6 1 87
6 2 49
6 3 7
6 4 93
6 5 36
7 0 83
7 1 57
7 5 84
8 2 60
8 4 52
8 5 26
8 7 23
9 2 12
9 3 76
9 5 47
9 6 22
9 8 76
10 0 97
10 1 45
10 4 87
10 5 81
10 6 14
11 5 33
11 7 14
11 8 75
11 9 3
12 0 48
12 2 68
12 4 18
12 6 15
12 7 19
12 10 70
13 3 5
13 7 92
14 0 81
14 3 81
14 6 7
14 9 11
14 11 31
14 12 58
14 13 72
15 2 92
15 3 62
15 6 6
15 7 84
15 8 34
15 10 8
15 11 26
15 12 79
15 13 97
15 14 49
16 2 30
16 3 4
16 8 24
16 10 68
16 12 77
16 14 63
17 2 6
17 6 82
17 11 88
17 13 64
17 14 61
17 15 16
18 4 71
18 8 93
18 10 66
18 11 66
18 12 61
18 15 80
18 16 9
19 0 98
19 1 16
19 4 33
19 7 69
19 8 59
19 10 94
19 12 6
19 14 39
19 17 4
20 2 26
20 4 8
20 5 100
20 6 38
20 7 75
20 8 15
20 14 98
20 15 23
20 17 98
20 19 55
21 2 14
21 3 8
21 6 65
21 10 64
21 13 43
21 14 99
21 15 54
21 17 16
22 0 33
22 5 28
22 6 58
22 8 93
22 9 95
22 10 46
22 11 83
22 12 74
22 15 53
22 17 84
22 18 30
22 19 48
22 20 89
22 21 86
23 5 10
23 6 57
23 7 30
23 9 60
23 11 66
23 17 75
24 0 8
24 2 77
24 3 65
24 5 83
24 6 89
24 7 85
24 10 80
24 11 15
24 13 70
24 18 44
24 19 99
25 0 66
25 1 71
25 2 85
25 6 42
25 7 70
25 8 94
25 11 4
25 12 92
25 15 24
25 16 73
25 17 96
25 18 67
25 20 43
25 22 88
26 2 5
26 4 93
26 5 48
26 7 49
26 9 50
26 11 26
26 12 90
26 15 36
26 16 61
26 17 39
26 18 72
26 23 48
26 24 73
27 2 32
27 3 77
27 4 40
27 6 81
27 7 97
27 9 32
27 12 9
27 13 98
27 14 2
27 17 20
27 19 33
27 24 78
27 26 79
28 1 6
28 9 32
28 11 5
28 13 80
28 14 64
28 16 75
28 18 59
28 19 30
28 20 79
28 21 13
28 22 93
29 5 63
29 11 92
29 12 88
29 14 25
29 21 80
29 23 42
29 25 81
29 28 45
30 2 83
30 5 31
30 6 70
30 8 83
30 9 7
30 14 84
30 15 99
30 18 9
30 19 80
30 20 38
30 24 23
30 25 47
30 26 38
30 27 85
31 0 39
31 1 8
31 2 13
31 4 95
31 6 20
31 7 25
31 8 24
31 10 79
31 11 65
31 12 95
31 13 18
31 17 79
31 19 72
31 25 9
31 26 29
31 27 27
31 28 22
31 29 58
31 30 90
32 0 57
32 2 82
32 7 95
32 9 63
32 16 96
32 18 92
32 21 49
32 24 15
32 25 97
32 26 13
32 27 32
32 28 53
32 31 35
33 0 69
33 1 68
33 2 38
33 7 38
33 12 54
33 17 37
33 18 5
33 22 10
33 26 52
33 27 48
33 28 39
33 29 26
33 32 57
34 0 85
34 5 94
34 6 80
34 7 49
34 21 38
34 22 26
34 23 95
34 28 54
34 31 89
34 32 43
34 33 38
35 2 35
35 3 41
35 4 68
35 5 5
35 7 65
35 8 26
35 12 98
35 13 98
35 18 91
35 19 61
35 21 5
35 22 45
35 23 72
35 26 47
35 27 53
35 28 27
35 31 73
35 32 14
35 34 31
36 0 11
36 1 94
36 2 40
36 3 2
36 4 7
36 5 34
36 7 20
36 10 54
36 11 10
36 14 55
36 15 48
36 16 56
36 18 48
36 20 6
36 23 11
36 26 46
36 28 8
36 30 92
36 31 83
36 32 48
36 33 6
37 2 78
37 5 35
37 8 20
37 11 57
37 18 81
37 19 79
37 21 91
37 23 51
37 26 61
37 27 12
37 29 24
37 31 75
37 32 49
37 33 22
37 35 44
38 2 20
38 4 89
38 5 48
38 6 2
38 7 37
38 8 52
38 9 37
38 10 68
38 11 34
38 20 15
38 21 3
38 23 28
38 25 59
38 27 40
38 28 56
38 29 6
38 31 46
38 32 70
38 33 28
38 34 17
38 37 22
39 1 49
39 3 61
39 5 1
39 8 94
39 9 21
39 10 75
39 11 31
39 15 21
39 16 23
39 18 90
39 20 49
39 22 16
39 23 53
39 25 37
39 27 90
39 29 9
39 30 33
39 32 64
39 33 67
39 34 63
39 35 19
39 36 22
39 38 85
40 2 56
40 6 96
40 7 20
40 12 81
40 15 26
40 16 84
40 18 48
40 20 76
40 27 12
40 28 89
40 29 47
40 30 50
40 31 45
40 32 41
40 33 74
40 34 90
40 35 9
40 37 7
40 38 73
41 0 76
41 3 18
41 4 62
41 6 55
41 7 12
41 8 84
41 11 70
41 12 55
41 14 82
41 15 7
41 16 83
41 18 57
41 19 10
41 22 58
41 23 36
41 24 61
41 25 71
41 26 59
41 27 90
41 28 14
41 32 63
41 34 2
41 36 29
41 38 37
41 39 84
42 3 2
42 5 82
42 7 51
42 11 9
42 13 34
42 20 82
42 22 30
42 23 97
42 24 84
42 28 34
42 29 25
42 31 96
42 32 14
42 33 67
42 34 72
42 36 23
42 37 12
42 40 20
43 0 15
43 1 38
43 2 33
43 3 2
43 8 13
43 9 39
43 11 51
43 14 67
43 15 77
43 18 9
43 22 96
43 23 12
43 27 27
43 30 76
43 33 95
43 39 39
44 0 36
44 1 29
44 2 68
44 4 69
44 6 83
44 7 75
44 8 68
44 9 65
44 13 48
44 14 17
44 16 70
44 17 79
44 18 12
44 19 79
44 20 73
44 21 88
44 23 78
44 25 67
44 29 94
44 31 98
44 32 21
44 34 53
44 35 44
44 36 67
44 38 39
44 39 42
44 41 58
44 42 54
45 0 66
45 3 20
45 5 61
45 6 52
45 10 17
45 13 56
45 14 100
45 17 45
45 19 76
45 20 62
45 23 65
45 24 23
45 25 51
45 26 24
45 28 88
45 29 11
45 31 45
45 35 5
45 37 61
45 38 8
45 39 34
45 40 98
45 41 52
46 0 80
46 1 63
46 4 73
46 6 5
46 8 44
46 9 24
46 11 34
46 13 24
46 15 30
46 18 34
46 19 57
46 20 16
46 22 61
46 24 84
46 27 68
46 31 83
46 32 15
46 33 93
46 34 48
46 35 22
46 36 6
46 38 42
46 39 48
46 40 6
46 42 52
46 43 59
46 44 23
46 45 23
47 3 45
47 7 12
47 8 96
47 9 41
47 10 65
47 11 97
47 12 33
47 13 85
47 14 8
47 15 87
47 16 14
47 17 56
47 20 59
47 21 73
47 23 34
47 26 42
47 27 1
47 31 87
47 32 65
47 35 18
47 37 7
47 38 16
47 39 95
47 43 89
48 0 95
48 2 55
48 5 91
48 6 83
48 9 50
48 13 2
48 15 67
48 22 59
48 24 2
48 25 31
48 27 49
48 29 82
48 33 66
48 34 77
48 37 56
48 38 9
48 42 65
48 44 47
48 46 67
48 47 57
49 0 50
49 1 47
49 2 74
49 4 72
49 5 36
49 7 98
49 8 45
49 10 79
49 11 93
49 12 37
49 15 70
49 17 45
49 18 38
49 19 3
49 26 18
49 32 24
49 33 67
49 34 83
49 38 84
49 40 89
49 41 20
49 44 48
49 45 43
49 46 21
50 0 6
50 1 85
50 3 8
50 5 40
50 6 5
50 9 36
50 10 89
50 12 36
50 13 39
50 14 20
50 15 52
50 17 42
50 18 94
50 19 22
50 20 31
50 21 46
50 22 48
50 27 44
50 33 55
50 34 14
50 36 65
50 37 15
50 41 75
50 43 33
50 44 2
50 47 70
50 48 59
50 49 15
51 0 9
51 1 55
51 3 63
51 5 57
51 7 20
51 9 79
51 13 93
51 14 26
51 16 34
51 18 14
51 20 29
51 21 4
51 24 70
51 25 28
51 27 61
51 29 8
51 30 80
51 34 1
51 35 5
51 36 95
51 37 92
51 39 87
51 40 63
51 42 10
51 43 2
51 45 22
51 47 61
51 49 67
52 1 93
52 2 92
52 4 91
52 5 14
52 6 46
52 10 44
52 11 30
52 12 47
52 14 88
52 16 71
52 17 80
52 18 97
52 20 38
52 21 71
52 24 19
52 26 87
52 27 42
52 28 38
52 29 75
52 32 18
52 33 21
52 35 55
52 36 87
52 37 57
52 39 58
52 40 95
52 41 67
52 42 57
52 43 94
53 0 27
53 1 30
53 3 81
53 6 5
53 9 85
53 10 77
53 12 32
53 18 15
53 19 86
53 20 73
53 21 46
53 22 4
53 24 22
53 26 58
53 27 80
53 28 84
53 29 54
53 32 3
53 35 92
53 37 79
53 38 48
53 40 62
53 41 6
53 42 85
53 43 37
53 47 34
53 48 6
53 51 40
53 52 26
54 0 85
54 1 48
54 2 9
54 3 84
54 5 51
54 8 7
54 10 53
54 11 54
54 12 38
54 13 90
54 15 49
54 16 7
54 20 27
54 23 61
54 25 5
54 28 37
54 31 91
54 32 5
54 33 7
54 39 96
54 42 97
54 47 70
54 53 32
55 0 44
55 2 80
55 6 1
55 7 25
55 10 16
55 11 25
55 13 66
55 15 8
55 17 2
55 19 84
55 20 97
55 23 73
55 27 16
55 28 57
55 33 42
55 34 15
55 38 74
55 39 18
55 41 67
55 42 54
55 47 35
55 48 32
55 51 26
55 52 51
55 54 66
56 0 39
56 3 1
56 4 53
56 5 5
56 7 87
56 8 9
56 9 69
56 13 50
56 15 93
56 16 21
56 21 8
56 23 95
56 24 46
56 27 16
56 28 70
56 30 13
56 31 11
56 32 26
56 36 25
56 40 33
56 42 57
56 43 6
56 47 19
56 49 39
56 51 20
56 55 62
57 3 21
57 4 52
57 6 30
57 7 84
57 12 14
57 13 91
57 14 90
57 16 40
57 17 41
57 19 70
57 20 74
57 23 83
57 24 76
57 26 38
57 28 34
57 31 92
57 32 92
57 35 78
57 37 18
57 38 15
57 40 29
57 41 33
57 43 93
57 48 92
57 51 18
57 53 92
57 56 59
58 2 8
58 3 93
58 5 98
58 6 86
58 7 68
58 10 59
58 11 8
58 12 43
58 13 24
58 14 41
58 15 95
58 17 95
58 22 18
58 25 45
58 26 33
58 28 48
58 31 88
58 32 40
58 33 88
58 35 60
58 38 23
58 39 28
58 40 35
58 42 50
58 43 1
58 45 33
58 48 68
58 51 90
58 53 75
58 54 59
58 57 25
59 0 16
59 3 11
59 4 64
59 5 93
59 9 63
59 11 56
59 14 18
59 17 30
59 18 23
59 19 58
59 20 93
59 22 44
59 23 53
59 24 52
59 32 11
59 33 76
59 35 76
59 36 51
59 40 19
59 43 21
59 44 20
59 45 42
59 47 92
59 49 37
59 50 65
59 51 96
59 52 70
59 53 66
59 55 52
59 56 69
59 58 10
