30
1 0 105
2 0 90
2 1 19
3 0 85
3 1 92
4 0 80
4 1 29
5 0 24
5 1 108
5 4 17
6 1 114
6 4 3
6 5 82
7 3 76
7 5 67
8 2 116
8 3 61
8 4 112
8 5 3
8 6 18
9 0 61
9 2 103
9 5 111
9 6 8
10 2 47
10 3 92
10 5 94
10 9 108
11 2 99
11 5 16
11 8 31
12 1 113
12 2 93
12 5 93
12 7 31
12 8 110
12 9 113
12 10 118
12 11 107
13 0 62
13 3 66
13 4 8
13 6 85
13 7 38
13 8 65
13 9 114
13 11 14
13 12 104
14 2 11
14 4 68
14 6 14
14 8 87
14 9 72
14 10 4
14 13 90
15 0 6
15 1 61
15 2 8
15 6 78
15 7 7
15 11 26
15 14 111
16 0 85
16 1 43
16 3 94
16 5 60
16 8 57
16 11 119
16 12 44
16 13 75
17 1 99
17 2 10
17 4 46
17 6 60
17 8 35
17 10 25
17 12 83
17 13 5
17 14 5
18 0 54
18 1 78
18 3 27
18 5 5
18 7 68
18 9 3
18 12 76
18 13 43
18 14 117
18 16 88
18 17 11
19 2 97
19 3 111
19 4 62
19 6 14
19 10 96
19 13 53
19 17 66
20 0 102
20 4 33
20 6 120
20 11 100
20 13 89
20 14 39
20 17 38
21 0 45
21 1 11
21 4 48
21 6 108
21 9 49
21 10 41
21 11 46
21 12 95
21 14 41
21 15 93
21 16 68
22 0 92
22 2 36
22 3 82
22 5 36
22 8 43
22 10 101
22 11 61
22 13 81
22 15 104
22 16 8
22 19 47
22 20 30
23 1 26
23 2 9
23 3 108
23 5 109
23 6 53
23 7 69
23 8 118
23 9 58
23 10 83
23 11 37
23 14 87
23 15 51
23 16 35
23 18 77
23 19 33
23 20 43
23 22 114
24 0 24
24 1 9
24 5 51
24 9 3
24 13 54
24 16 78
24 17 13
24 18 18
24 20 99
24 21 88
25 1 67
25 7 60
25 8 15
25 10 13
25 18 3
25 19 80
25 20 93
26 0 8
26 1 20
26 2 95
26 3 45
26 6 95
26 9 12
26 11 46
26 12 81
26 13 79
26 16 43
26 18 73
26 23 89
26 24 23
27 1 80
27 3 55
27 4 72
27 7 112
27 8 95
27 9 60
27 10 111
27 11 81
27 12 94
27 15 30
27 16 30
27 17 12
27 19 20
27 20 75
27 21 12
27 22 48
28 0 15
28 1 113
28 2 20
28 5 61
28 6 84
28 9 61
28 10 117
28 11 10
28 12 1
28 22 91
28 23 113
28 24 35
28 25 41
29 1 23
29 3 66
29 4 1
29 6 4
29 9 44
29 11 9
29 12 91
29 13 39
29 14 105
29 15 46
29 16 6
29 17 81
29 19 60
29 20 69
29 22 51
29 23 97
29 26 69
29 28 94
