70
1 0 35
2 0 90
3 0 26
3 2 40
4 1 49
5 2 54
5 4 62
6 0 9
6 1 114
6 3 31
6 4 85
7 2 42
7 3 57
7 4 41
7 5 78
7 6 49
8 2 69
8 3 78
8 4 40
8 7 1
9 1 46
9 8 67
10 0 104
10 2 75
10 7 97
10 8 49
10 9 94
11 0 106
11 2 94
11 3 13
11 4 53
11 5 22
11 6 7
11 7 100
11 8 51
12 0 42
12 1 110
12 3 92
12 11 80
13 0 58
13 1 119
13 3 7
13 4 100
13 5 80
13 9 102
13 12 30
14 0 31
14 1 104
14 3 2
14 4 112
14 5 28
14 6 29
14 7 66
14 9 64
14 10 84
14 12 34
15 0 95
15 7 117
15 10 98
15 11 16
15 14 107
16 3 39
16 6 106
16 8 24
16 9 1
16 12 14
16 13 61
16 14 53
17 0 31
17 4 83
17 6 38
17 10 49
17 12 97
17 13 6
17 15 37
17 16 72
18 0 34
18 1 88
18 2 40
18 4 7
18 9 19
18 12 20
18 13 57
18 14 20
18 15 34
18 16 65
18 17 77
19 0 43
19 1 29
19 3 92
19 6 91
19 7 72
19 8 105
19 9 33
19 10 55
19 11 96
19 12 99
19 13 73
19 15 39
19 17 115
19 18 81
20 0 90
20 2 12
20 3 92
20 4 52
20 7 91
20 8 44
20 11 59
20 12 2
20 14 96
20 15 87
20 17 82
20 18 21
20 19 77
21 0 106
21 3 13
21 4 102
21 7 91
21 10 117
21 11 109
21 16 66
21 18 61
21 19 33
22 0 80
22 4 26
22 5 88
22 7 55
22 8 64
22 9 115
22 11 75
22 17 39
22 18 117
22 19 3
22 21 44
23 0 98
23 2 105
23 4 12
23 6 1
23 7 2
23 9 3
23 13 82
23 15 25
23 17 3
23 20 20
23 21 111
24 3 79
24 4 85
24 5 12
24 6 46
24 11 46
24 12 32
24 14 36
24 16 8
24 17 67
24 19 4
24 22 75
24 23 9
25 0 56
25 2 68
25 4 6
25 5 110
25 6 106
25 7 115
25 11 50
25 12 93
25 15 112
25 16 41
25 17 65
25 18 52
25 21 108
26 0 109
26 1 116
26 5 95
26 6 3
26 7 120
26 8 107
26 9 38
26 10 118
26 11 59
26 13 19
26 14 106
26 16 97
26 19 72
26 21 61
26 25 73
27 2 117
27 7 98
27 8 2
27 9 28
27 12 39
27 13 110
27 17 60
27 19 13
27 20 38
27 24 7
27 25 30
27 26 44
28 1 101
28 2 14
28 3 88
28 4 42
28 5 78
28 6 77
28 7 90
28 8 27
28 11 27
28 12 105
28 13 77
28 15 5
28 17 88
28 20 119
28 21 15
28 22 1
28 24 44
28 27 102
29 0 119
29 1 67
29 3 34
29 7 21
29 8 50
29 9 47
29 10 50
29 11 65
29 13 88
29 22 25
29 23 90
29 25 32
29 27 37
29 28 33
30 0 36
30 1 106
30 2 17
30 3 60
30 5 38
30 6 11
30 7 57
30 9 90
30 10 7
30 16 109
30 20 96
30 21 42
30 24 32
30 29 98
31 1 19
31 2 83
31 5 43
31 6 57
31 8 54
31 9 107
31 10 38
31 11 61
31 13 75
31 14 85
31 15 75
31 17 27
31 18 34
31 19 20
31 21 82
31 25 88
31 26 118
31 27 23
31 29 46
32 1 43
32 6 29
32 9 86
32 10 111
32 11 10
32 14 41
32 16 30
32 20 26
32 21 72
32 23 35
32 24 66
32 26 112
32 28 80
32 31 94
33 0 88
33 1 44
33 6 86
33 7 103
33 9 21
33 13 3
33 16 117
33 17 26
33 18 63
33 20 72
33 22 23
33 23 71
33 24 36
33 25 2
33 28 64
34 0 77
34 4 42
34 6 54
34 8 21
34 9 79
34 10 38
34 16 95
34 17 51
34 19 103
34 27 101
34 29 108
34 30 15
34 31 45
34 32 80
35 3 120
35 4 34
35 7 91
35 8 40
35 12 11
35 14 5
35 15 61
35 19 43
35 21 27
35 22 92
35 23 64
35 27 81
35 28 36
35 29 115
35 30 98
36 1 73
36 3 96
36 5 89
36 6 75
36 7 91
36 8 69
36 10 45
36 11 91
36 13 117
36 15 71
36 16 41
36 17 40
36 18 21
36 20 68
36 25 91
36 28 22
36 31 10
36 32 13
36 33 87
36 35 30
37 1 108
37 2 33
37 3 79
37 5 76
37 6 4
37 9 54
37 11 101
37 15 105
37 18 24
37 21 54
37 24 97
37 26 69
37 27 105
37 29 107
37 30 80
37 33 91
37 36 103
38 0 22
38 1 20
38 4 89
38 5 69
38 6 36
38 8 20
38 9 107
38 10 4
38 14 80
38 19 31
38 22 13
38 24 31
38 25 10
38 26 25
38 27 10
38 28 91
38 30 37
38 31 43
38 32 21
38 35 37
38 36 98
38 37 66
39 1 55
39 3 77
39 5 98
39 8 36
39 10 43
39 12 99
39 13 84
39 14 90
39 17 86
39 19 35
39 20 96
39 21 44
39 22 47
39 23 67
39 25 67
39 26 61
39 28 106
39 29 56
39 30 108
39 31 105
39 32 107
39 34 92
39 35 83
39 36 74
40 0 97
40 1 115
40 3 33
40 4 5
40 9 97
40 10 119
40 12 43
40 13 84
40 16 101
40 17 67
40 20 36
40 22 12
40 23 25
40 24 1
40 25 45
40 27 51
40 28 17
40 30 99
40 32 49
40 33 106
40 37 117
40 38 31
40 39 97
41 0 6
41 1 15
41 3 81
41 4 27
41 5 78
41 7 115
41 8 43
41 14 62
41 17 27
41 23 55
41 26 58
41 27 82
41 29 89
41 32 9
41 33 63
41 34 44
41 35 77
41 36 67
41 40 68
42 0 103
42 4 46
42 6 26
42 7 62
42 8 7
42 9 42
42 13 112
42 18 53
42 22 119
42 26 71
42 28 59
42 31 16
42 34 69
42 35 18
42 37 63
42 39 47
42 40 74
42 41 118
43 2 36
43 4 60
43 5 119
43 7 95
43 10 26
43 14 11
43 15 1
43 17 11
43 19 39
43 21 52
43 24 82
43 26 30
43 29 111
43 32 74
43 33 95
43 35 46
43 36 1
43 37 82
43 38 22
44 1 24
44 4 4
44 7 13
44 8 86
44 12 12
44 13 73
44 16 82
44 17 65
44 19 94
44 20 34
44 21 16
44 22 12
44 23 106
44 24 52
44 25 55
44 26 15
44 32 95
44 37 61
44 40 38
44 42 29
45 0 106
45 1 6
45 3 112
45 5 50
45 8 45
45 11 22
45 12 49
45 17 80
45 18 95
45 20 114
45 23 48
45 25 33
45 30 12
45 31 54
45 32 5
45 33 118
45 35 108
45 36 87
45 37 100
45 38 89
45 39 102
45 42 29
45 44 44
46 4 93
46 5 49
46 6 113
46 7 49
46 8 59
46 11 119
46 12 81
46 15 95
46 16 118
46 17 62
46 20 85
46 22 115
46 23 120
46 24 120
46 25 113
46 26 30
46 28 92
46 32 1
46 33 113
46 35 118
46 36 7
46 38 97
46 39 13
46 42 44
46 44 25
46 45 33
47 0 41
47 2 78
47 5 70
47 6 74
47 7 76
47 10 24
47 12 9
47 13 5
47 14 67
47 15 19
47 17 89
47 18 64
47 19 30
47 20 110
47 21 98
47 22 115
47 24 36
47 26 62
47 27 79
47 28 74
47 31 8
47 32 53
47 33 94
47 34 51
47 36 115
47 38 90
47 39 96
47 41 47
48 1 91
48 5 78
48 7 105
48 9 108
48 10 53
48 11 34
48 12 109
48 15 111
48 16 82
48 17 113
48 18 114
48 19 27
48 21 105
48 22 7
48 25 13
48 27 82
48 29 42
48 32 78
48 36 117
48 37 41
48 38 5
48 39 91
48 40 78
48 41 32
48 43 99
48 45 41
48 47 49
49 1 119
49 3 35
49 5 61
49 7 4
49 9 2
49 10 111
49 11 45
49 12 21
49 14 51
49 16 17
49 17 28
49 18 3
49 21 70
49 25 24
49 26 39
49 27 34
49 32 69
49 33 45
49 38 99
49 40 13
49 42 98
49 43 37
49 45 86
49 47 2
49 48 53
50 0 23
50 1 72
50 2 40
50 4 32
50 5 41
50 6 53
50 7 114
50 8 1
50 9 25
50 11 118
50 13 16
50 14 48
50 16 80
50 17 1
50 20 39
50 22 72
50 23 15
50 25 94
50 26 100
50 27 112
50 29 40
50 30 79
50 31 103
50 32 16
50 34 12
50 35 49
50 36 38
50 42 34
50 43 115
50 45 43
50 47 53
51 1 114
51 4 84
51 5 9
51 6 98
51 8 44
51 9 37
51 10 120
51 11 102
51 13 56
51 14 100
51 15 59
51 16 63
51 17 33
51 19 120
51 23 64
51 24 9
51 25 103
51 26 88
51 27 92
51 32 114
51 33 71
51 34 46
51 35 14
51 37 27
51 38 85
51 41 31
51 44 53
51 46 89
51 48 41
52 0 107
52 1 86
52 4 21
52 5 105
52 7 71
52 9 97
52 10 100
52 11 59
52 15 67
52 16 24
52 17 46
52 18 103
52 19 2
52 20 1
52 21 45
52 23 8
52 25 19
52 26 110
52 27 38
52 28 108
52 29 75
52 33 72
52 36 53
52 37 62
52 42 22
52 45 71
52 46 11
52 50 60
52 51 50
53 0 6
53 1 36
53 2 47
53 4 49
53 6 71
53 7 99
53 8 12
53 9 89
53 10 116
53 11 59
53 12 38
53 14 67
53 15 1
53 17 25
53 20 51
53 21 68
53 22 26
53 23 74
53 24 78
53 25 83
53 29 108
53 30 36
53 32 50
53 33 41
53 36 26
53 38 81
53 39 36
53 40 55
53 43 114
53 44 30
53 45 62
53 47 69
53 48 32
53 49 25
53 51 89
54 2 17
54 3 85
54 4 16
54 8 69
54 11 38
54 13 101
54 15 117
54 17 30
54 19 39
54 21 76
54 23 70
54 25 77
54 27 40
54 31 113
54 32 42
54 34 116
54 35 4
54 39 77
54 42 25
54 43 16
54 44 81
54 45 45
54 48 20
54 49 5
54 51 54
54 53 57
55 0 42
55 1 7
55 2 117
55 4 108
55 5 63
55 6 96
55 8 44
55 9 106
55 15 95
55 16 18
55 17 64
55 18 18
55 20 18
55 24 29
55 25 76
55 26 68
55 30 73
55 31 105
55 32 11
55 43 83
55 44 29
55 46 35
55 47 11
55 48 21
55 49 70
55 50 33
55 53 97
55 54 55
56 1 60
56 3 107
56 9 19
56 12 41
56 14 46
56 15 101
56 16 11
56 24 109
56 27 71
56 30 111
56 32 105
56 39 48
56 41 29
56 42 120
56 43 73
56 45 85
56 46 51
56 48 38
56 49 11
56 50 58
56 51 21
56 52 45
56 54 62
57 0 25
57 1 13
57 2 91
57 3 41
57 4 75
57 5 58
57 6 119
57 7 30
57 16 109
57 20 108
57 22 32
57 23 58
57 25 66
57 26 87
57 27 1
57 28 118
57 31 63
57 32 53
57 33 15
57 34 13
57 35 15
57 36 63
57 38 99
57 40 66
57 43 62
57 44 53
57 45 19
57 46 15
57 48 71
57 50 75
57 51 78
57 54 117
57 55 6
58 3 53
58 4 44
58 10 64
58 11 16
58 12 33
58 17 76
58 18 52
58 19 43
58 20 19
58 27 40
58 28 64
58 29 99
58 31 85
58 32 115
58 34 86
58 40 33
58 41 95
58 43 115
58 44 120
58 45 97
58 48 119
58 50 85
58 51 87
58 53 7
58 54 20
58 55 6
58 57 67
59 0 48
59 1 52
59 6 66
59 12 33
59 14 82
59 15 98
59 16 83
59 18 25
59 19 61
59 20 62
59 23 80
59 26 80
59 27 35
59 28 70
59 31 8
59 32 47
59 34 99
59 36 26
59 37 58
59 39 78
59 40 62
59 46 63
59 47 59
59 48 39
59 50 46
59 51 21
59 52 53
59 53 22
59 56 104
59 57 34
60 1 110
60 2 102
60 6 114
60 11 88
60 14 63
60 15 62
60 17 49
60 20 2
60 21 86
60 25 10
60 30 47
60 31 63
60 32 9
60 33 108
60 35 53
60 42 51
60 43 23
60 44 76
60 45 62
60 47 11
60 48 113
60 50 111
60 51 85
60 52 69
60 53 96
60 56 36
60 57 39
60 59 26
61 1 26
61 2 55
61 3 95
61 6 9
61 8 63
61 12 62
61 14 79
61 16 43
61 17 85
61 19 86
61 21 106
61 23 34
61 24 112
61 25 113
61 26 86
61 27 64
61 31 27
61 32 102
61 33 31
61 36 52
61 37 107
61 42 17
61 43 107
61 46 2
61 47 5
61 49 103
61 50 10
61 51 65
61 59 94
61 60 1
62 0 20
62 1 41
62 4 58
62 5 101
62 10 92
62 13 34
62 17 38
62 19 58
62 21 42
62 22 6
62 25 87
62 31 34
62 32 100
62 34 62
62 38 26
62 39 63
62 40 71
62 42 108
62 45 102
62 46 8
62 48 71
62 49 24
62 50 114
62 52 86
62 53 107
62 54 11
62 55 61
62 57 53
62 58 89
62 59 37
62 60 26
62 61 96
63 1 100
63 6 85
63 12 106
63 17 72
63 19 89
63 20 87
63 21 31
63 22 87
63 25 88
63 26 22
63 27 69
63 30 110
63 31 40
63 33 107
63 34 62
63 36 88
63 37 47
63 38 23
63 39 111
63 40 102
63 41 100
63 44 6
63 45 71
63 46 79
63 53 100
63 56 27
63 57 34
63 60 75
63 61 105
63 62 59
64 2 91
64 5 94
64 6 113
64 7 89
64 10 83
64 15 43
64 17 31
64 18 110
64 20 103
64 21 4
64 22 113
64 23 98
64 25 107
64 28 112
64 35 110
64 36 81
64 37 61
64 38 35
64 39 62
64 42 58
64 44 109
64 47 109
64 50 63
64 51 113
64 52 93
64 53 9
64 54 102
64 56 7
64 57 39
64 60 44
64 61 72
64 63 34
65 2 117
65 3 62
65 4 119
65 6 79
65 8 109
65 11 119
65 13 85
65 18 94
65 20 91
65 22 77
65 23 98
65 24 73
65 25 110
65 27 4
65 28 75
65 31 14
65 36 27
65 38 62
65 41 35
65 45 94
65 46 63
65 48 46
65 49 27
65 50 66
65 53 79
65 54 27
65 57 38
65 59 28
65 60 107
65 62 52
65 64 73
66 0 120
66 2 116
66 3 87
66 4 57
66 5 35
66 6 14
66 8 77
66 10 118
66 11 72
66 16 50
66 18 60
66 19 65
66 21 66
66 24 86
66 29 69
66 31 77
66 32 17
66 33 28
66 40 74
66 43 34
66 44 24
66 45 9
66 49 42
66 53 99
66 54 69
66 55 54
66 56 120
66 57 22
66 61 79
66 64 41
67 6 78
67 9 114
67 14 95
67 15 72
67 16 80
67 18 56
67 23 49
67 25 87
67 27 40
67 30 85
67 31 64
67 35 101
67 38 57
67 39 20
67 41 4
67 42 40
67 44 74
67 45 42
67 46 79
67 47 6
67 49 115
67 51 76
67 54 29
67 56 38
67 57 49
67 60 99
67 61 116
67 62 76
67 64 89
67 65 59
68 0 91
68 4 100
68 9 92
68 11 93
68 13 18
68 15 44
68 16 17
68 18 47
68 20 59
68 21 98
68 23 106
68 25 68
68 28 2
68 29 27
68 30 102
68 31 10
68 33 38
68 35 90
68 36 62
68 38 73
68 40 118
68 41 68
68 42 4
68 47 66
68 48 73
68 52 70
68 55 57
68 57 109
68 58 45
68 62 61
68 63 20
68 64 55
68 65 98
68 66 66
68 67 92
69 3 107
69 4 49
69 6 50
69 7 64
69 8 109
69 12 119
69 14 119
69 15 96
69 17 113
69 18 104
69 19 108
69 23 3
69 24 101
69 25 12
69 26 116
69 27 114
69 28 11
69 29 71
69 30 74
69 32 33
69 33 93
69 35 37
69 36 120
69 47 107
69 48 30
69 49 78
69 54 58
69 55 77
69 56 94
69 58 72
69 60 9
69 62 65
69 64 69
69 65 27
69 66 22
69 67 102
69 68 97
