20
1 0 25
2 0 14
2 1 81
3 0 51
3 1 40
3 2 82
4 0 70
4 1 11
4 2 8
4 3 24
5 0 15
5 1 1
5 2 57
5 3 53
5 4 77
6 0 22
6 1 53
6 2 4
6 3 51
6 4 77
6 5 77
7 0 61
7 1 48
7 2 45
7 3 68
7 4 84
7 5 83
7 6 13
8 0 52
8 1 91
8 2 37
8 3 24
8 4 59
8 5 36
8 6 89
8 7 10
9 0 21
9 1 95
9 2 29
9 3 7
9 4 90
9 5 38
9 6 98
9 7 72
9 8 20
10 0 68
10 1 31
10 2 72
10 3 9
10 4 33
10 5 76
10 6 83
10 7 83
10 8 54
10 9 27
11 0 37
11 1 84
11 2 31
11 3 100
11 4 4
11 5 79
11 6 9
11 7 26
11 8 95
11 9 8
11 10 14
12 0 52
12 1 21
12 2 41
12 3 2
12 4 66
12 5 43
12 6 13
12 7 78
12 8 90
12 9 7
12 10 39
12 11 71
13 0 15
13 1 35
13 2 56
13 3 78
13 4 50
13 5 36
13 6 30
13 7 10
13 8 32
13 9 26
13 10 13
13 11 11
13 12 17
14 0 10
14 1 61
14 2 20
14 3 25
14 4 40
14 5 38
14 6 4
14 7 37
14 8 45
14 9 55
14 10 87
14 11 59
14 12 31
14 13 41
15 0 40
15 1 89
15 2 59
15 3 33
15 4 24
15 5 69
15 6 71
15 7 25
15 8 84
15 9 97
15 10 22
15 11 34
15 12 42
15 13 29
15 14 22
16 0 45
16 1 51
16 2 11
16 3 17
16 4 68
16 5 82
16 6 10
16 7 46
16 8 17
16 9 75
16 10 23
16 11 57
16 12 63
16 13 75
16 14 7
16 15 87
17 0 61
17 1 19
17 2 48
17 3 5
17 4 42
17 5 68
17 6 53
17 7 1
17 8 93
17 9 80
17 10 46
17 11 62
17 12 5
17 13 77
17 14 96
17 15 59
17 16 37
18 0 49
18 1 10
18 2 54
18 3 35
18 4 3
18 5 68
18 6 83
18 7 3
18 8 51
18 9 85
18 10 83
18 11 6
18 12 76
18 13 18
18 14 72
18 15 75
18 16 47
18 17 66
19 0 87
19 1 19
19 2 60
19 3 32
19 4 56
19 5 71
19 6 19
19 7 20
19 8 50
19 9 37
19 10 92
19 11 19
19 12 34
19 13 7
19 14 8
19 15 83
19 16 31
19 17 54
19 18 79
