70
2 0 2
3 0 99
3 1 7
5 1 28
5 2 44
5 4 34
6 3 32
6 4 25
7 0 59
7 2 8
7 6 76
8 0 58
8 1 29
8 3 66
8 4 100
8 6 59
8 7 67
9 0 64
9 1 89
9 2 63
9 3 76
9 8 14
10 2 15
10 5 45
10 6 74
10 8 77
10 9 97
11 1 27
11 2 89
11 4 59
11 5 56
11 6 87
11 7 94
11 8 8
11 10 25
12 1 56
12 2 45
12 3 23
12 5 41
12 7 10
12 8 70
12 10 6
12 11 59
13 0 85
13 2 53
13 6 12
13 7 7
13 8 54
13 10 16
13 12 20
14 3 68
14 4 38
14 9 49
14 12 7
14 13 75
15 0 75
15 2 61
15 3 18
15 6 82
15 7 2
15 9 39
15 11 35
15 12 99
16 1 79
16 2 33
16 3 25
16 4 30
16 5 14
16 6 86
16 8 11
16 10 8
16 13 78
17 1 84
17 3 11
17 4 50
17 7 95
17 8 95
17 10 26
17 13 71
17 16 3
18 1 28
18 3 37
18 7 59
18 8 10
18 12 17
18 13 56
18 14 49
18 15 73
18 16 32
18 17 40
19 0 23
19 3 69
19 4 30
19 6 54
19 7 53
19 8 11
19 9 29
19 11 70
19 12 86
19 17 5
19 18 36
20 0 49
20 4 50
20 6 77
20 7 51
20 12 99
20 13 46
20 14 82
20 16 9
20 18 88
21 0 90
21 3 75
21 4 4
21 6 75
21 7 71
21 8 56
21 9 44
21 11 53
21 12 5
21 13 25
21 14 17
21 17 7
21 18 97
22 3 93
22 4 15
22 6 72
22 7 64
22 9 23
22 13 9
22 14 96
22 15 80
22 17 96
22 18 90
22 20 27
22 21 82
23 0 89
23 2 49
23 4 46
23 5 100
23 6 5
23 10 69
23 11 45
23 13 22
23 14 26
23 16 29
23 22 47
24 1 25
24 2 44
24 3 12
24 6 80
24 8 61
24 9 83
24 17 72
24 18 21
24 19 98
25 0 54
25 1 69
25 2 16
25 4 71
25 5 66
25 6 68
25 7 20
25 8 59
25 12 38
25 14 60
26 3 65
26 5 28
26 8 75
26 10 8
26 14 77
26 17 80
26 21 61
26 22 37
26 23 3
26 24 13
26 25 28
27 0 95
27 1 59
27 2 28
27 3 91
27 5 47
27 6 29
27 7 82
27 9 38
27 10 26
27 13 36
27 16 98
27 17 67
27 18 87
27 19 30
27 20 45
27 22 3
27 23 6
27 25 72
27 26 29
28 0 7
28 1 74
28 2 36
28 3 22
28 4 65
28 6 9
28 7 3
28 9 74
28 11 64
28 13 89
28 15 9
28 16 97
28 17 93
28 18 55
28 21 79
28 23 3
29 5 22
29 8 28
29 9 100
29 11 89
29 13 79
29 14 31
29 16 57
29 20 58
29 21 71
29 24 69
29 25 18
29 27 39
30 0 65
30 2 74
30 5 4
30 8 28
30 9 70
30 12 71
30 14 11
30 16 22
30 23 18
30 25 28
30 29 49
31 0 14
31 1 73
31 2 23
31 3 92
31 5 62
31 6 18
31 12 87
31 15 71
31 19 44
31 20 44
31 21 58
31 23 28
31 25 67
31 26 40
31 27 35
32 0 36
32 1 17
32 2 46
32 4 5
32 5 7
32 9 60
32 11 39
32 12 6
32 13 1
32 16 41
32 20 99
32 23 99
32 24 71
32 25 22
32 27 66
32 28 62
33 0 28
33 2 9
33 3 44
33 4 84
33 5 4
33 8 75
33 9 79
33 11 58
33 12 24
33 15 36
33 16 84
33 19 64
33 20 50
33 21 48
33 24 83
33 28 10
33 29 3
33 30 54
33 32 25
34 1 10
34 2 42
34 3 20
34 4 10
34 5 53
34 6 21
34 10 59
34 11 69
34 13 17
34 16 97
34 20 49
34 22 34
34 23 32
34 28 41
34 29 18
34 31 56
34 33 35
35 1 77
35 5 64
35 6 60
35 9 67
35 12 99
35 16 4
35 17 27
35 18 59
35 21 98
35 22 30
35 23 92
35 24 94
35 25 77
35 29 67
35 33 35
35 34 89
36 2 98
36 10 51
36 11 18
36 14 29
36 15 58
36 26 93
36 27 10
36 28 41
36 33 82
36 35 94
37 2 20
37 3 73
37 4 42
37 5 92
37 6 71
37 7 78
37 9 35
37 10 66
37 11 56
37 12 51
37 15 9
37 17 63
37 19 39
37 22 38
37 23 5
37 24 23
37 28 37
37 29 43
37 30 91
37 31 25
37 33 82
37 34 37
38 1 86
38 4 88
38 5 73
38 7 16
38 8 6
38 17 27
38 18 2
38 19 81
38 21 100
38 23 65
38 25 92
38 27 99
38 29 2
38 31 46
38 33 43
38 36 15
38 37 9
39 0 64
39 3 58
39 4 45
39 5 66
39 7 82
39 11 71
39 13 50
39 16 26
39 17 100
39 18 40
39 20 80
39 21 51
39 23 15
39 24 33
39 28 35
39 29 38
39 31 90
39 34 100
39 37 83
39 38 59
40 1 34
40 2 51
40 3 87
40 6 61
40 7 81
40 8 45
40 9 49
40 12 96
40 14 20
40 16 47
40 17 96
40 19 41
40 21 46
40 22 30
40 23 47
40 25 12
40 26 8
40 30 78
40 31 71
40 36 93
40 38 98
40 39 68
41 1 89
41 3 6
41 5 82
41 9 37
41 10 49
41 11 60
41 12 73
41 13 56
41 14 45
41 15 76
41 18 64
41 19 23
41 21 13
41 24 3
41 28 31
41 29 6
41 31 33
41 32 47
41 33 4
41 35 35
41 36 73
41 37 99
41 40 8
42 3 68
42 5 68
42 8 45
42 9 12
42 10 8
42 15 100
42 16 60
42 21 16
42 22 83
42 23 54
42 25 90
42 26 75
42 27 56
42 28 95
42 31 50
42 32 49
42 33 40
42 34 20
42 35 79
42 37 60
42 38 16
42 39 66
42 40 30
43 1 42
43 3 61
43 6 41
43 15 16
43 16 37
43 17 68
43 19 49
43 22 7
43 24 38
43 25 51
43 27 83
43 28 78
43 30 85
43 32 8
43 33 1
43 34 51
43 38 7
43 39 40
43 42 20
44 0 71
44 1 33
44 2 2
44 4 77
44 5 46
44 6 66
44 7 31
44 9 66
44 13 4
44 14 75
44 15 27
44 18 31
44 20 82
44 21 97
44 26 73
44 27 49
44 28 84
44 29 13
44 31 78
44 32 96
44 36 76
44 40 11
44 41 91
44 42 7
44 43 40
45 0 46
45 1 55
45 2 100
45 7 29
45 10 96
45 11 40
45 12 80
45 15 91
45 16 46
45 20 62
45 21 65
45 23 100
45 24 66
45 25 9
45 31 3
45 33 16
45 34 74
45 35 18
45 36 25
45 39 36
45 40 52
45 42 86
45 43 94
46 0 7
46 1 16
46 2 17
46 3 33
46 6 39
46 7 86
46 8 87
46 11 29
46 12 10
46 13 6
46 17 24
46 18 68
46 19 94
46 23 43
46 24 46
46 26 73
46 33 20
46 38 11
46 39 33
46 40 11
46 41 6
46 42 32
46 43 8
46 44 39
47 0 80
47 1 4
47 4 57
47 6 27
47 8 54
47 9 38
47 10 69
47 11 79
47 14 28
47 15 29
47 16 16
47 17 74
47 18 58
47 19 40
47 21 92
47 22 95
47 25 64
47 27 72
47 30 80
47 31 38
47 32 49
47 35 80
47 36 36
47 40 6
47 41 34
47 43 24
47 45 54
48 0 29
48 3 66
48 4 7
48 5 43
48 6 53
48 7 50
48 8 62
48 10 20
48 11 86
48 12 37
48 13 94
48 14 14
48 16 39
48 17 71
48 20 49
48 23 10
48 27 50
48 28 36
48 29 9
48 30 76
48 31 69
48 32 33
48 33 97
48 36 85
48 37 2
48 39 3
48 42 72
49 1 97
49 3 20
49 4 6
49 6 87
49 7 1
49 8 43
49 9 86
49 10 45
49 14 24
49 17 13
49 18 28
49 20 18
49 22 43
49 23 36
49 26 60
49 27 7
49 30 46
49 31 57
49 32 62
49 35 76
49 37 85
49 38 99
49 41 45
49 43 55
49 44 23
49 46 66
49 47 24
50 3 55
50 4 21
50 5 20
50 12 94
50 13 70
50 14 17
50 15 79
50 17 6
50 20 26
50 23 54
50 25 51
50 28 91
50 33 8
50 35 74
50 37 8
50 39 80
50 40 15
50 47 84
51 1 20
51 2 26
51 5 67
51 6 70
51 7 83
51 10 29
51 11 36
51 12 61
51 14 1
51 15 38
51 16 17
51 23 89
51 29 28
51 32 21
51 33 74
51 35 49
51 37 65
51 38 58
51 39 38
51 41 58
51 42 69
51 44 27
51 45 4
51 47 66
51 48 28
51 49 28
51 50 85
52 3 57
52 4 90
52 6 59
52 12 35
52 13 98
52 16 85
52 20 99
52 21 29
52 25 47
52 26 65
52 29 91
52 30 59
52 32 97
52 35 26
52 36 71
52 42 62
52 43 5
52 45 11
52 48 87
52 49 10
52 51 44
53 0 21
53 2 65
53 6 81
53 8 96
53 11 22
53 14 61
53 15 17
53 19 44
53 23 42
53 25 79
53 27 93
53 29 48
53 30 32
53 31 38
53 32 84
53 33 58
53 35 76
53 37 55
53 39 65
53 40 29
53 41 96
53 42 77
53 44 67
53 47 100
53 49 89
53 50 39
53 51 91
53 52 60
54 1 60
54 2 89
54 3 69
54 5 65
54 8 15
54 10 42
54 11 55
54 12 71
54 15 36
54 16 83
54 18 62
54 21 12
54 22 5
54 25 93
54 27 84
54 30 94
54 32 14
54 33 13
54 34 94
54 36 58
54 37 88
54 40 19
54 42 20
54 43 27
54 45 100
54 47 17
55 0 1
55 3 49
55 12 96
55 14 49
55 19 11
55 24 72
55 25 34
55 26 99
55 29 53
55 32 53
55 33 86
55 35 61
55 37 22
55 38 50
55 39 56
55 46 15
55 50 69
55 51 98
55 53 93
56 3 69
56 5 80
56 6 94
56 7 23
56 8 20
56 11 19
56 13 68
56 14 96
56 16 55
56 17 35
56 18 24
56 19 76
56 20 73
56 22 32
56 25 37
56 27 44
56 28 75
56 31 87
56 32 19
56 33 50
56 34 51
56 37 16
56 38 88
56 42 16
56 43 74
56 50 57
56 51 77
56 53 52
56 55 7
57 0 51
57 2 79
57 3 41
57 5 3
57 6 2
57 7 91
57 8 21
57 11 79
57 12 28
57 13 37
57 14 59
57 18 43
57 20 68
57 22 65
57 23 16
57 24 25
57 25 97
57 28 48
57 30 5
57 32 51
57 33 89
57 35 40
57 36 30
57 37 28
57 39 66
57 41 71
57 42 53
57 45 65
57 46 42
57 47 75
57 49 6
57 51 85
57 53 41
57 55 20
57 56 92
58 1 50
58 2 87
58 4 51
58 7 38
58 8 2
58 10 27
58 12 25
58 14 49
58 15 38
58 17 36
58 18 27
58 19 92
58 20 58
58 21 67
58 23 46
58 24 83
58 27 46
58 29 21
58 30 72
58 31 58
58 34 17
58 40 83
58 41 25
58 43 40
58 44 97
58 45 40
58 49 7
58 51 74
58 52 16
58 53 39
58 55 81
58 57 17
59 0 28
59 3 61
59 4 95
59 6 19
59 9 57
59 10 27
59 18 67
59 19 53
59 20 83
59 21 93
59 24 9
59 25 92
59 26 98
59 30 85
59 32 63
59 33 61
59 34 72
59 36 68
59 42 50
59 43 51
59 47 31
59 48 59
59 51 96
59 54 35
59 55 26
59 57 66
60 1 38
60 2 23
60 3 25
60 4 46
60 6 40
60 7 62
60 8 87
60 9 71
60 11 53
60 13 36
60 20 73
60 23 43
60 26 4
60 29 25
60 32 35
60 35 8
60 38 54
60 39 63
60 40 16
60 42 46
60 48 1
60 49 72
60 50 90
60 51 59
60 53 90
60 55 9
60 56 42
60 57 14
61 0 19
61 6 33
61 7 40
61 13 60
61 14 40
61 16 36
61 17 18
61 21 18
61 23 17
61 25 82
61 26 25
61 28 31
61 29 61
61 31 18
61 33 99
61 39 78
61 40 45
61 41 59
61 43 76
61 46 67
61 47 74
61 49 81
61 50 8
61 53 11
61 57 6
61 58 39
62 2 4
62 5 25
62 6 86
62 9 31
62 10 59
62 11 14
62 12 2
62 13 68
62 16 47
62 17 63
62 20 84
62 21 66
62 22 42
62 23 74
62 24 8
62 25 85
62 27 65
62 30 12
62 31 98
62 35 36
62 38 20
62 39 37
62 42 74
62 48 55
62 49 39
62 51 4
62 52 5
62 57 1
62 59 51
62 60 41
62 61 53
63 1 95
63 2 49
63 5 68
63 12 17
63 13 24
63 15 93
63 17 69
63 20 66
63 21 40
63 22 71
63 27 22
63 31 12
63 32 89
63 34 4
63 35 99
63 36 97
63 37 17
63 38 23
63 40 43
63 42 33
63 43 85
63 48 9
63 52 39
63 53 17
63 55 47
63 56 63
63 57 56
63 61 89
64 0 20
64 1 15
64 2 22
64 4 16
64 7 100
64 8 45
64 9 52
64 11 74
64 13 37
64 17 87
64 18 47
64 19 81
64 21 96
64 22 93
64 30 50
64 32 83
64 34 8
64 35 74
64 36 34
64 38 32
64 43 33
64 47 88
64 48 68
64 49 57
64 51 86
64 53 42
64 55 46
64 61 87
64 62 55
64 63 29
65 0 98
65 1 1
65 12 36
65 16 31
65 18 10
65 21 44
65 22 41
65 24 71
65 25 1
65 26 31
65 27 16
65 30 86
65 32 52
65 34 10
65 38 9
65 39 13
65 40 95
65 42 83
65 44 85
65 45 6
65 47 77
65 49 83
65 50 39
65 53 99
65 55 85
65 64 73
66 1 56
66 2 50
66 8 25
66 9 32
66 10 37
66 11 3
66 19 64
66 20 42
66 21 94
66 27 69
66 28 17
66 32 41
66 33 63
66 35 30
66 36 65
66 37 28
66 39 18
66 40 53
66 41 61
66 42 2
66 43 82
66 44 46
66 45 91
66 46 38
66 50 30
66 52 3
66 53 25
66 56 43
66 57 7
66 59 81
66 61 87
66 62 63
66 63 53
66 65 62
67 2 70
67 3 67
67 4 24
67 6 69
67 7 24
67 8 68
67 11 45
67 14 82
67 16 25
67 18 72
67 25 42
67 28 72
67 31 76
67 32 71
67 34 20
67 38 44
67 42 26
67 43 100
67 45 88
67 48 14
67 50 65
67 51 84
67 52 44
67 53 74
67 56 25
67 57 48
67 58 1
67 60 8
67 62 83
67 63 11
67 65 7
67 66 25
68 0 63
68 1 30
68 3 11
68 4 8
68 5 43
68 8 33
68 9 68
68 10 81
68 13 34
68 15 4
68 17 59
68 18 13
68 20 71
68 23 4
68 26 94
68 28 55
68 29 54
68 30 25
68 31 33
68 33 99
68 34 32
68 35 14
68 37 88
68 38 24
68 40 63
68 44 47
68 46 81
68 47 13
68 48 52
68 49 52
68 50 10
68 52 91
68 53 35
68 56 77
68 57 24
68 58 8
68 61 19
68 62 41
68 63 45
68 64 82
68 67 89
69 2 74
69 3 31
69 4 36
69 9 13
69 10 85
69 11 38
69 12 81
69 13 15
69 16 57
69 17 67
69 18 67
69 21 100
69 22 6
69 23 43
69 24 80
69 25 70
69 26 91
69 33 40
69 35 97
69 38 6
69 41 36
69 44 63
69 45 92
69 47 13
69 48 74
69 53 7
69 56 12
69 58 45
69 59 30
69 62 39
69 63 8
69 68 5
