30
1 0 45
2 0 100
2 1 28
3 0 59
3 1 118
4 1 103
4 2 65
4 3 36
5 0 46
5 3 73
6 0 69
6 3 21
6 4 85
7 5 14
7 6 72
8 1 76
8 2 67
8 3 79
8 5 65
8 7 113
9 1 110
9 3 113
9 4 96
9 7 94
9 8 86
10 0 90
10 1 16
10 2 83
10 3 12
10 6 85
10 8 75
10 9 26
11 0 1
11 2 42
11 3 114
11 4 48
11 6 116
11 7 27
11 9 88
12 0 79
12 1 9
12 2 19
12 5 13
12 6 101
12 8 90
12 10 101
13 1 100
13 3 119
13 6 67
13 7 40
13 12 29
14 3 64
14 5 52
14 7 32
14 8 47
14 10 59
14 11 64
14 12 102
15 1 16
15 4 23
15 8 80
15 9 90
15 10 104
15 11 111
15 14 4
16 0 57
16 1 62
16 4 60
16 7 7
16 8 72
16 10 4
16 14 22
16 15 108
17 2 76
17 4 61
17 8 57
17 13 27
17 14 31
18 0 53
18 4 81
18 6 65
18 9 18
18 16 67
18 17 31
19 6 94
19 8 41
19 10 83
19 12 15
19 15 59
19 16 72
19 17 59
19 18 100
20 0 17
20 1 14
20 3 32
20 4 93
20 6 45
20 7 64
20 11 105
20 13 69
20 14 13
20 18 117
21 0 86
21 2 101
21 3 21
21 6 34
21 7 60
21 8 6
21 11 111
21 13 95
21 14 65
21 15 16
21 16 103
21 20 109
22 1 92
22 2 6
22 3 81
22 4 15
22 6 15
22 8 78
22 10 67
22 12 65
22 16 85
22 18 75
22 20 58
23 1 25
23 4 66
23 11 116
23 13 43
23 14 114
23 15 80
23 21 101
23 22 26
24 3 93
24 4 107
24 6 42
24 7 11
24 10 49
24 11 34
24 16 57
24 19 80
24 20 97
24 22 68
25 0 84
25 1 15
25 3 42
25 4 34
25 6 97
25 7 87
25 11 83
25 12 34
25 15 94
25 17 120
25 18 94
25 19 63
25 20 73
25 21 102
25 22 96
25 23 86
25 24 80
26 1 33
26 2 83
26 3 68
26 4 24
26 5 97
26 6 93
26 9 81
26 10 54
26 11 7
26 12 48
26 18 68
26 19 63
26 22 71
26 23 110
26 24 44
27 0 116
27 2 2
27 3 26
27 4 111
27 7 33
27 12 3
27 13 100
27 14 42
27 17 25
27 21 28
27 24 60
27 25 27
28 0 55
28 1 41
28 3 80
28 6 67
28 7 46
28 11 107
28 12 43
28 13 26
28 15 43
28 16 38
28 23 69
28 24 109
29 5 22
29 6 44
29 7 105
29 12 74
29 13 17
29 14 1
29 15 95
29 20 120
29 22 9
29 23 25
29 25 83
29 26 99
29 28 24
