60
2 1 34
3 1 19
3 2 21
4 1 36
4 2 6
5 2 18
7 0 39
7 5 15
8 0 14
8 1 37
8 2 29
8 3 32
8 4 7
8 5 39
9 0 29
9 4 2
9 5 24
9 6 31
10 1 11
10 2 40
10 6 36
10 7 14
10 8 26
10 9 32
11 2 20
11 3 35
11 4 2
11 6 11
11 7 35
11 8 38
11 9 29
11 10 35
12 2 4
12 4 22
12 5 16
12 7 19
12 10 22
13 3 9
13 4 19
13 6 32
13 8 32
13 10 14
13 12 13
14 0 32
14 4 7
14 6 2
14 8 38
14 10 29
14 13 8
15 3 1
15 4 29
15 9 38
15 10 34
15 12 37
15 13 27
16 0 36
16 2 40
16 3 36
16 6 4
16 8 10
16 11 6
16 14 32
16 15 4
17 0 20
17 1 2
17 2 34
17 3 27
17 4 21
17 6 8
17 8 17
17 12 33
17 15 35
18 0 24
18 3 26
18 6 17
18 10 11
18 11 6
18 12 14
18 14 5
18 15 33
18 17 8
19 3 23
19 5 7
19 7 14
19 9 40
19 11 16
19 12 1
19 14 40
19 17 40
19 18 20
20 0 26
20 1 14
20 3 1
20 4 23
20 6 17
20 9 30
20 10 30
20 12 11
20 13 32
20 14 7
20 16 8
20 17 38
20 19 10
21 0 31
21 3 28
21 4 14
21 5 33
21 12 15
21 13 24
21 14 40
21 15 8
21 19 31
22 0 13
22 1 25
22 2 22
22 5 22
22 9 17
22 19 34
23 0 35
23 1 26
23 2 37
23 5 34
23 6 33
23 7 9
23 8 16
23 9 10
23 11 40
23 12 39
23 13 37
23 14 11
23 15 19
23 16 35
23 20 26
23 21 36
24 0 28
24 1 29
24 2 2
24 3 32
24 6 16
24 8 4
24 16 37
24 18 30
24 19 18
24 20 25
24 23 18
25 2 30
25 3 2
25 4 34
25 5 6
25 6 14
25 9 1
25 11 32
25 13 8
25 14 27
25 17 2
25 18 29
25 20 3
25 24 40
26 4 38
26 5 8
26 6 10
26 7 19
26 9 32
26 12 34
26 14 11
26 16 34
26 17 39
26 19 16
26 20 3
26 21 8
26 24 15
27 0 27
27 1 3
27 3 16
27 4 23
27 5 26
27 8 38
27 9 16
27 10 32
27 11 11
27 12 12
27 13 4
27 14 26
27 20 39
27 25 5
27 26 5
28 0 40
28 3 37
28 7 21
28 10 30
28 11 6
28 12 40
28 14 7
28 15 8
28 16 1
28 17 2
28 18 39
28 19 34
28 20 7
28 21 32
28 22 27
29 0 16
29 1 22
29 4 27
29 5 28
29 6 10
29 7 8
29 8 27
29 13 11
29 14 3
29 15 32
29 16 13
29 17 39
29 18 8
29 19 14
29 22 29
29 23 29
29 27 9
30 0 9
30 1 39
30 2 1
30 5 36
30 6 18
30 8 21
30 12 26
30 13 27
30 17 10
30 18 7
30 22 38
30 26 14
30 29 5
31 0 25
31 1 34
31 4 6
31 6 3
31 7 20
31 8 4
31 10 6
31 11 20
31 12 11
31 13 13
31 14 30
31 16 27
31 19 24
31 20 33
31 22 21
31 23 25
31 24 1
31 25 22
31 26 31
31 27 11
31 28 19
31 29 19
32 0 39
32 1 18
32 3 19
32 10 26
32 13 14
32 14 9
32 15 11
32 17 15
32 18 13
32 19 6
32 21 26
32 22 38
32 23 30
32 25 38
32 26 14
32 27 36
32 28 23
32 29 10
32 30 29
32 31 39
33 2 32
33 3 31
33 6 24
33 8 11
33 14 13
33 15 25
33 16 34
33 17 8
33 20 25
33 22 6
33 23 34
33 25 17
33 27 2
34 0 16
34 2 27
34 3 19
34 5 26
34 6 25
34 9 36
34 11 34
34 13 34
34 16 35
34 17 32
34 20 18
34 21 13
34 22 28
34 25 5
34 27 37
34 29 27
34 30 37
34 31 13
34 32 20
35 1 21
35 2 37
35 3 34
35 6 38
35 7 27
35 8 31
35 9 8
35 10 34
35 12 20
35 13 15
35 16 3
35 19 13
35 20 33
35 25 8
35 26 38
35 27 3
35 29 10
35 31 10
35 33 21
36 7 34
36 9 40
36 13 37
36 19 23
36 20 28
36 23 29
36 24 36
36 28 23
36 30 4
36 31 25
37 4 17
37 7 14
37 10 3
37 12 14
37 13 9
37 14 17
37 16 21
37 18 34
37 21 26
37 24 10
37 25 22
37 26 12
37 30 19
37 31 32
37 32 5
37 33 8
37 35 33
38 0 35
38 1 9
38 5 39
38 6 34
38 8 36
38 9 20
38 13 37
38 14 1
38 15 35
38 17 1
38 19 21
38 20 5
38 21 2
38 23 3
38 24 7
38 27 25
38 28 25
38 30 32
38 32 10
38 33 3
38 36 7
39 0 17
39 3 32
39 5 3
39 6 32
39 10 24
39 13 32
39 16 18
39 17 24
39 19 25
39 21 27
39 24 37
39 25 14
39 27 2
39 29 38
39 30 34
39 32 5
39 34 5
39 36 25
40 1 5
40 4 15
40 8 4
40 9 29
40 11 29
40 13 15
40 15 23
40 16 31
40 17 32
40 18 9
40 19 4
40 21 33
40 23 29
40 26 1
40 31 39
40 33 17
40 34 36
40 35 5
40 36 38
40 37 13
41 1 23
41 2 1
41 3 1
41 5 1
41 10 37
41 11 23
41 17 28
41 19 24
41 20 13
41 24 3
41 26 9
41 27 35
41 30 29
41 31 34
41 32 14
41 34 2
41 36 9
41 37 36
42 0 15
42 3 31
42 6 17
42 12 1
42 13 21
42 15 2
42 16 5
42 17 31
42 20 31
42 22 30
42 24 22
42 29 19
42 30 9
42 32 28
42 33 33
42 35 39
42 36 35
42 37 5
42 38 39
42 39 30
43 0 3
43 2 40
43 3 36
43 5 11
43 6 19
43 7 21
43 12 28
43 14 22
43 16 27
43 18 4
43 19 23
43 23 24
43 24 1
43 25 9
43 26 22
43 33 3
43 36 7
43 38 23
43 40 5
43 42 31
44 2 18
44 4 27
44 5 17
44 6 35
44 7 26
44 8 15
44 9 15
44 10 16
44 11 2
44 15 26
44 17 38
44 19 18
44 20 37
44 21 24
44 22 35
44 26 23
44 28 8
44 30 35
44 32 2
44 33 26
44 34 32
44 36 20
44 37 36
44 38 34
44 39 38
45 2 5
45 4 13
45 5 29
45 9 13
45 11 26
45 12 3
45 13 16
45 15 4
45 16 23
45 20 6
45 21 36
45 23 10
45 25 12
45 27 36
45 28 7
45 31 6
45 34 35
45 36 33
45 37 15
45 43 22
45 44 17
46 1 40
46 5 28
46 6 40
46 9 40
46 10 12
46 14 25
46 17 23
46 19 16
46 21 37
46 22 13
46 23 20
46 24 38
46 27 18
46 31 28
46 32 28
46 33 17
46 34 15
46 35 38
46 36 22
46 37 38
46 41 14
46 42 15
46 44 11
47 1 19
47 3 4
47 5 7
47 8 25
47 10 18
47 12 37
47 13 39
47 14 36
47 16 26
47 18 1
47 20 38
47 24 7
47 25 25
47 26 22
47 27 11
47 28 39
47 30 21
47 31 38
47 32 2
47 34 23
47 37 24
47 38 4
47 39 15
47 40 14
47 41 9
47 43 21
47 45 28
48 0 27
48 1 5
48 2 22
48 5 28
48 6 32
48 7 5
48 8 39
48 9 32
48 14 39
48 24 14
48 25 7
48 28 39
48 32 27
48 36 19
48 39 24
48 40 13
48 43 16
48 46 25
49 1 33
49 2 5
49 3 27
49 5 2
49 7 25
49 9 39
49 10 1
49 13 35
49 14 16
49 15 21
49 18 7
49 21 34
49 22 35
49 30 4
49 32 35
49 33 38
49 37 22
49 38 3
50 1 30
50 3 8
50 4 10
50 5 14
50 6 24
50 8 17
50 9 26
50 11 29
50 12 22
50 13 3
50 14 22
50 17 2
50 20 11
50 22 23
50 24 28
50 25 31
50 26 40
50 29 37
50 33 39
50 34 18
50 35 13
50 37 9
50 38 1
50 39 5
50 41 36
50 42 12
50 43 31
50 44 23
50 49 10
51 2 19
51 4 22
51 6 40
51 11 37
51 13 19
51 15 22
51 17 32
51 18 13
51 19 26
51 20 23
51 22 20
51 24 12
51 25 13
51 26 33
51 28 7
51 30 27
51 31 30
51 36 35
51 37 32
51 38 13
51 40 32
51 42 7
51 46 4
51 48 13
51 49 7
52 1 32
52 8 14
52 9 5
52 10 32
52 12 37
52 15 2
52 16 1
52 18 10
52 21 3
52 22 5
52 24 7
52 30 3
52 32 33
52 33 40
52 38 8
52 43 37
52 44 1
52 49 3
53 2 26
53 3 17
53 4 18
53 5 15
53 6 29
53 7 30
53 9 24
53 11 26
53 13 31
53 14 31
53 17 12
53 20 40
53 21 21
53 25 1
53 28 18
53 29 37
53 33 40
53 34 1
53 39 9
53 45 23
53 46 14
53 47 35
53 49 20
53 50 26
53 51 40
53 52 25
54 1 26
54 3 38
54 4 24
54 5 19
54 6 39
54 10 40
54 11 27
54 12 24
54 13 37
54 14 34
54 18 25
54 19 16
54 20 31
54 23 22
54 25 19
54 26 32
54 28 30
54 30 8
54 31 28
54 32 9
54 34 36
54 36 17
54 37 39
54 39 34
54 41 25
54 45 22
54 48 18
54 49 27
54 53 25
55 0 18
55 4 30
55 5 10
55 6 21
55 8 33
55 11 19
55 12 10
55 13 16
55 18 38
55 19 8
55 21 39
55 29 33
55 30 34
55 31 5
55 33 40
55 37 29
55 39 8
55 41 37
55 43 7
55 45 2
55 47 16
55 48 8
55 54 33
56 0 33
56 1 24
56 3 28
56 4 13
56 5 3
56 6 37
56 9 36
56 11 8
56 13 3
56 14 18
56 17 20
56 18 27
56 21 34
56 22 22
56 25 8
56 29 1
56 33 32
56 37 5
56 39 25
56 40 12
56 41 23
56 42 4
56 49 1
56 50 13
56 51 38
56 55 14
57 0 24
57 5 12
57 6 20
57 11 8
57 13 25
57 14 10
57 17 4
57 18 33
57 21 39
57 23 14
57 25 29
57 26 38
57 27 18
57 28 19
57 29 34
57 30 39
57 31 2
57 36 21
57 37 14
57 40 7
57 41 2
57 44 40
57 50 6
57 52 22
57 53 10
57 55 6
57 56 33
58 0 24
58 1 26
58 2 18
58 3 8
58 4 23
58 5 16
58 6 7
58 10 1
58 11 12
58 17 10
58 18 4
58 19 3
58 24 1
58 25 29
58 26 29
58 28 14
58 32 38
58 36 36
58 37 40
58 38 14
58 39 40
58 43 4
58 44 25
58 47 20
58 48 40
58 49 9
58 55 22
59 1 9
59 5 10
59 6 35
59 7 18
59 12 38
59 13 35
59 14 6
59 15 3
59 18 3
59 19 33
59 21 35
59 22 28
59 27 32
59 28 1
59 29 22
59 30 15
59 35 17
59 36 33
59 38 21
59 41 37
59 43 24
59 45 39
59 46 35
59 54 6
59 55 36
59 56 18
59 57 16
