60
1 0 35
2 1 21
3 2 68
4 0 60
4 2 79
4 3 47
5 0 72
5 2 4
5 3 5
5 4 61
6 4 25
7 0 16
7 2 50
7 3 18
7 5 38
7 6 79
8 0 2
8 1 34
8 3 28
8 6 9
8 7 5
9 0 64
9 1 63
9 3 35
9 6 19
9 7 70
10 0 53
10 3 35
10 4 73
10 5 77
10 6 38
10 9 67
11 0 31
11 3 64
11 4 30
11 6 29
11 9 61
11 10 14
12 2 5
12 3 62
12 5 79
12 8 78
12 11 33
13 0 45
13 4 2
13 9 17
13 10 56
13 11 63
14 0 48
14 3 33
14 4 73
14 5 57
14 6 68
14 10 76
14 12 39
15 0 48
15 4 12
15 5 58
15 7 25
15 11 69
15 12 2
15 14 67
16 0 17
16 1 37
16 2 34
16 7 74
16 8 22
16 9 20
16 11 77
16 12 44
16 15 34
17 1 49
17 2 24
17 5 59
17 7 66
17 8 24
17 10 72
17 12 11
18 0 27
18 2 5
18 4 18
18 9 49
18 11 57
18 14 19
18 15 6
18 17 4
19 4 74
19 6 66
19 7 64
19 9 36
19 10 4
19 12 7
19 13 47
19 14 26
19 16 78
19 17 40
19 18 28
20 0 74
20 2 22
20 3 33
20 6 58
20 7 43
20 8 70
20 12 3
20 13 14
20 16 18
20 19 75
21 0 39
21 1 35
21 2 42
21 4 47
21 6 60
21 10 45
21 12 55
21 15 58
21 17 23
21 18 27
22 4 30
22 5 60
22 6 67
22 7 34
22 8 23
22 9 25
22 10 20
22 11 77
22 14 19
22 16 41
22 19 23
22 20 54
23 0 18
23 1 56
23 2 13
23 4 19
23 5 24
23 7 30
23 8 45
23 10 33
23 11 5
23 14 26
23 17 53
23 18 28
23 19 29
23 20 69
23 21 15
23 22 55
24 2 41
24 6 22
24 11 75
24 18 17
24 19 65
24 20 71
25 0 15
25 3 77
25 5 59
25 7 57
25 8 65
25 12 48
25 13 62
25 14 64
25 15 61
25 19 15
25 20 28
25 22 66
25 24 22
26 0 30
26 3 72
26 5 7
26 6 64
26 7 3
26 9 13
26 13 9
26 17 12
26 19 16
26 20 68
26 21 64
26 24 48
27 1 73
27 3 57
27 5 36
27 6 3
27 7 10
27 13 37
27 14 33
27 15 10
27 16 56
27 18 25
27 20 51
27 25 32
28 0 61
28 4 45
28 7 5
28 10 37
28 11 58
28 12 44
28 16 18
28 18 24
28 21 27
28 22 25
28 27 76
29 1 22
29 2 7
29 3 64
29 5 77
29 7 16
29 9 51
29 11 18
29 12 7
29 14 37
29 18 79
29 20 59
29 21 78
29 22 25
29 26 2
30 3 37
30 4 17
30 7 80
30 9 71
30 10 1
30 12 7
30 15 38
30 16 77
30 18 46
30 20 60
30 22 40
30 25 61
30 27 68
30 28 48
31 2 18
31 3 58
31 6 19
31 7 61
31 8 36
31 10 1
31 12 61
31 13 21
31 16 11
31 17 59
31 18 14
31 21 32
31 22 60
31 23 10
31 24 56
31 27 11
31 28 25
31 30 32
32 1 5
32 4 25
32 7 5
32 8 37
32 12 74
32 13 64
32 14 70
32 16 52
32 19 1
32 21 75
32 23 48
32 24 66
32 25 57
32 28 56
32 29 44
32 30 32
33 2 36
33 7 22
33 10 78
33 12 32
33 15 28
33 16 13
33 20 77
33 21 47
33 25 58
33 26 33
33 27 13
33 29 14
33 30 31
34 0 40
34 2 63
34 4 65
34 5 26
34 10 69
34 12 71
34 15 62
34 16 53
34 17 56
34 18 65
34 19 14
34 21 46
34 22 12
34 27 45
34 29 43
34 30 71
34 33 15
35 0 41
35 1 42
35 4 77
35 8 11
35 9 3
35 10 18
35 13 54
35 16 63
35 17 72
35 20 42
35 21 42
35 22 30
35 23 2
35 24 67
35 25 47
35 26 65
35 27 67
35 28 8
36 4 71
36 7 78
36 8 41
36 9 49
36 10 13
36 11 52
36 12 17
36 14 59
36 16 36
36 17 54
36 18 23
36 19 32
36 20 10
36 21 22
36 22 69
36 27 41
36 28 70
36 29 72
36 30 80
36 31 63
36 34 49
37 0 62
37 3 15
37 6 74
37 7 11
37 8 76
37 10 65
37 13 5
37 14 13
37 15 32
37 19 32
37 20 44
37 22 37
37 28 6
37 31 63
37 35 45
38 0 74
38 1 32
38 2 54
38 6 16
38 7 12
38 9 42
38 10 72
38 13 66
38 17 42
38 18 17
38 19 60
38 21 36
38 22 18
38 24 36
38 27 38
38 29 17
38 32 40
38 34 59
38 35 51
38 36 31
39 0 59
39 1 53
39 10 39
39 11 52
39 13 6
39 14 3
39 18 29
39 19 56
39 20 29
39 22 6
39 23 80
39 24 67
39 28 2
39 30 43
39 34 47
39 35 20
39 36 63
39 37 77
39 38 75
40 4 24
40 6 55
40 8 19
40 9 16
40 12 21
40 13 73
40 14 40
40 17 70
40 20 48
40 21 72
40 22 74
40 23 77
40 24 16
40 26 23
40 27 24
40 28 39
40 29 42
40 30 3
40 33 16
40 34 60
40 35 16
40 36 57
40 37 28
40 38 48
40 39 34
41 0 8
41 1 57
41 4 72
41 6 11
41 9 78
41 11 49
41 12 75
41 16 41
41 20 30
41 26 64
41 28 9
41 29 77
41 30 63
41 34 80
41 35 76
41 37 55
41 38 73
42 1 52
42 3 38
42 9 54
42 11 41
42 14 6
42 17 41
42 18 35
42 20 6
42 24 77
42 26 46
42 28 12
42 32 6
42 33 39
42 34 49
42 36 51
42 39 20
42 40 13
43 0 23
43 1 73
43 2 78
43 4 31
43 5 48
43 6 25
43 8 52
43 10 64
43 11 35
43 12 71
43 13 73
43 19 65
43 21 67
43 24 8
43 26 67
43 28 44
43 29 30
43 30 17
43 33 29
43 37 29
43 40 47
43 42 30
44 2 7
44 8 56
44 10 35
44 11 78
44 14 60
44 18 28
44 19 50
44 20 66
44 24 15
44 25 49
44 27 26
44 33 7
44 34 65
44 35 48
44 36 31
44 37 39
44 41 58
45 0 55
45 1 28
45 4 3
45 6 2
45 13 35
45 14 32
45 16 6
45 19 1
45 20 77
45 22 31
45 23 64
45 25 43
45 26 11
45 27 52
45 30 29
45 31 18
45 36 37
45 40 15
45 42 21
45 43 7
45 44 58
46 4 40
46 6 56
46 9 20
46 10 74
46 11 56
46 14 8
46 16 62
46 18 69
46 20 69
46 22 21
46 23 45
46 24 11
46 25 17
46 27 64
46 30 76
46 31 80
46 32 6
46 33 69
46 34 8
46 36 54
46 37 48
46 38 74
46 39 48
46 45 64
47 0 32
47 1 66
47 5 57
47 6 6
47 7 67
47 9 76
47 13 75
47 16 72
47 17 48
47 19 78
47 20 37
47 21 11
47 22 67
47 24 25
47 30 22
47 31 24
47 33 61
47 34 39
47 35 40
47 36 69
47 38 7
47 40 80
47 41 19
47 42 17
47 43 68
48 1 64
48 2 43
48 4 26
48 5 48
48 9 39
48 10 26
48 11 48
48 13 6
48 16 65
48 19 63
48 23 65
48 25 50
48 27 26
48 28 32
48 29 13
48 31 20
48 32 7
48 34 64
48 38 51
48 43 36
48 44 61
48 45 29
49 0 77
49 1 1
49 5 10
49 7 50
49 8 26
49 9 18
49 10 17
49 11 13
49 12 31
49 13 13
49 14 37
49 15 19
49 16 32
49 22 13
49 23 26
49 26 40
49 30 20
49 36 47
49 37 69
49 38 30
49 39 26
49 40 14
49 41 48
49 45 21
49 46 20
49 47 56
50 1 58
50 2 69
50 3 35
50 5 26
50 6 52
50 7 8
50 8 36
50 12 35
50 14 7
50 15 30
50 20 59
50 22 48
50 28 68
50 29 25
50 31 2
50 33 20
50 34 18
50 36 64
50 44 76
50 45 2
50 48 21
50 49 70
51 2 35
51 5 49
51 6 59
51 7 38
51 8 14
51 9 13
51 10 25
51 11 47
51 12 39
51 15 16
51 16 52
51 17 33
51 19 5
51 28 63
51 30 45
51 31 73
51 33 4
51 34 22
51 36 53
51 38 16
51 39 31
51 43 71
51 44 39
51 50 62
52 0 7
52 1 69
52 4 57
52 6 17
52 8 36
52 13 45
52 15 42
52 16 2
52 17 70
52 18 23
52 21 71
52 22 24
52 24 79
52 30 71
52 32 74
52 33 62
52 35 17
52 36 67
52 37 39
52 38 52
52 43 26
52 46 78
52 48 73
52 49 23
52 50 45
53 1 43
53 2 32
53 6 16
53 8 19
53 12 47
53 14 23
53 15 32
53 16 2
53 18 67
53 20 36
53 22 4
53 23 49
53 28 32
53 29 39
53 32 37
53 33 10
53 36 51
53 39 30
53 40 28
53 42 26
53 44 75
53 45 78
53 46 13
53 47 72
53 48 58
53 49 20
53 51 75
54 2 63
54 3 46
54 5 64
54 7 54
54 8 13
54 9 77
54 11 72
54 12 7
54 13 56
54 16 29
54 18 53
54 19 72
54 21 7
54 22 9
54 31 67
54 33 53
54 34 58
54 35 74
54 36 34
54 38 8
54 39 39
54 43 20
54 45 8
54 46 32
54 48 6
54 50 9
54 51 11
54 53 41
55 0 42
55 1 64
55 2 44
55 3 39
55 4 42
55 5 11
55 8 7
55 9 41
55 11 25
55 12 56
55 15 37
55 16 32
55 17 78
55 20 68
55 21 43
55 23 20
55 26 73
55 31 39
55 32 63
55 33 12
55 38 35
55 40 43
55 41 77
55 42 17
55 44 7
55 45 42
55 46 32
55 48 34
55 49 20
55 51 32
55 54 66
56 0 43
56 3 70
56 4 77
56 5 7
56 6 69
56 8 50
56 9 45
56 10 18
56 11 31
56 12 79
56 13 15
56 14 59
56 15 1
56 16 70
56 18 45
56 19 54
56 24 71
56 26 80
56 28 25
56 29 40
56 31 76
56 32 69
56 37 49
56 43 14
56 45 50
56 46 56
56 47 34
56 48 70
56 49 45
56 51 72
56 55 72
57 0 12
57 3 23
57 4 4
57 5 70
57 6 37
57 8 14
57 9 64
57 10 49
57 12 69
57 18 2
57 20 12
57 23 47
57 24 5
57 27 7
57 28 11
57 38 5
57 40 70
57 42 16
57 43 57
57 44 71
57 46 28
57 52 71
57 53 21
57 54 18
57 55 80
57 56 3
58 1 79
58 2 75
58 3 42
58 4 46
58 6 63
58 8 22
58 9 64
58 10 17
58 11 52
58 13 9
58 14 35
58 15 3
58 17 14
58 20 4
58 21 80
58 24 10
58 28 57
58 30 59
58 33 23
58 34 67
58 35 45
58 37 6
58 40 12
58 41 5
58 42 80
58 43 21
58 45 56
58 47 39
58 49 6
58 51 29
58 52 52
58 54 25
59 0 63
59 1 12
59 3 40
59 12 65
59 14 30
59 15 24
59 20 73
59 21 56
59 24 27
59 26 31
59 27 70
59 31 40
59 32 12
59 33 68
59 36 56
59 37 45
59 38 33
59 39 65
59 41 24
59 42 54
59 43 46
59 44 4
59 45 1
59 48 22
59 49 32
59 50 3
59 52 63
59 53 8
59 55 6
59 56 71
59 57 34
