40
2 1 56
3 0 49
4 2 23
5 0 108
6 0 98
6 2 17
6 3 29
6 5 83
7 2 12
7 3 69
7 4 108
7 5 70
7 6 27
8 4 75
9 0 69
9 1 69
9 3 41
9 4 86
9 5 75
9 6 18
10 2 82
10 3 25
10 4 86
10 6 117
10 8 67
11 5 18
11 6 91
11 7 48
11 8 104
11 10 58
12 0 31
12 1 13
12 2 43
12 3 2
12 5 61
12 6 80
12 7 59
12 9 31
12 10 41
13 3 40
13 4 14
13 6 104
13 8 43
13 10 92
13 11 1
13 12 76
14 1 16
14 4 103
14 5 4
14 7 117
14 9 101
14 10 53
15 1 100
15 10 24
15 14 9
16 1 103
16 2 21
16 3 32
16 5 70
16 7 31
16 9 76
16 13 65
16 14 8
17 0 92
17 1 94
17 2 100
17 3 86
17 4 95
17 5 18
17 7 95
17 9 82
17 10 87
17 12 35
17 13 105
17 14 34
17 16 34
18 3 34
18 5 80
18 6 28
18 8 78
18 9 106
18 10 83
18 11 53
18 12 22
18 17 116
19 0 107
19 4 38
19 5 111
19 6 69
19 7 21
19 9 47
19 10 17
19 11 16
19 12 89
19 13 89
19 14 88
19 15 93
19 17 43
20 2 29
20 3 96
20 4 3
20 6 92
20 10 105
20 11 80
20 13 13
20 16 24
21 1 92
21 2 26
21 3 101
21 6 106
21 9 4
21 13 74
21 14 93
21 16 41
21 17 55
21 19 24
21 20 44
22 1 90
22 2 71
22 3 99
22 9 109
22 11 11
22 12 45
22 13 106
22 14 43
22 16 116
22 19 30
22 20 109
23 0 63
23 1 23
23 2 9
23 3 62
23 9 81
23 12 14
23 14 17
23 15 28
23 17 58
23 18 28
23 20 78
23 22 98
24 0 5
24 3 81
24 5 105
24 6 42
24 9 51
24 10 92
24 11 97
24 12 61
24 14 31
24 15 47
24 18 35
24 23 85
25 0 21
25 2 99
25 3 108
25 8 116
25 13 75
25 16 35
25 17 104
25 19 57
25 23 96
26 0 8
26 1 78
26 2 53
26 7 54
26 9 82
26 10 95
26 11 79
26 13 88
26 14 89
26 16 63
26 18 9
26 20 56
26 21 69
26 23 82
26 25 99
27 1 99
27 3 120
27 6 63
27 7 65
27 8 93
27 9 30
27 13 61
27 14 3
27 15 51
27 16 65
27 17 113
27 19 84
27 20 40
27 23 3
27 25 101
28 0 73
28 1 102
28 6 107
28 7 9
28 8 63
28 10 33
28 13 25
28 16 58
28 17 53
28 20 16
28 22 95
28 25 15
28 26 100
29 0 113
29 3 36
29 4 35
29 7 15
29 8 79
29 9 69
29 10 48
29 13 27
29 14 83
29 15 48
29 16 92
29 18 90
29 19 52
29 20 20
29 21 72
29 23 59
29 24 16
29 27 65
29 28 22
30 2 37
30 3 111
30 7 25
30 8 61
30 10 30
30 12 29
30 13 116
30 14 67
30 18 77
30 19 88
30 20 49
30 21 91
30 22 84
30 23 68
30 26 52
31 1 78
31 2 46
31 3 21
31 6 37
31 8 52
31 9 26
31 10 47
31 12 97
31 13 107
31 15 59
31 22 21
31 24 20
31 25 46
31 28 97
31 29 31
31 30 12
32 0 117
32 8 72
32 9 65
32 11 115
32 12 63
32 13 58
32 14 74
32 15 87
32 16 32
32 18 26
32 19 82
32 20 45
32 22 2
32 23 80
32 24 63
32 28 68
32 30 39
33 0 59
33 1 45
33 2 117
33 3 87
33 6 52
33 9 10
33 10 111
33 12 57
33 13 24
33 16 20
33 17 114
33 20 92
33 21 47
33 23 56
33 24 92
33 25 81
33 26 19
33 27 27
33 30 68
33 31 30
34 0 45
34 1 62
34 3 22
34 5 51
34 7 118
34 9 35
34 12 62
34 13 47
34 15 7
34 17 107
34 21 26
34 22 59
34 25 3
34 27 103
34 30 92
34 32 10
35 1 116
35 2 1
35 8 76
35 12 48
35 14 57
35 17 94
35 20 115
35 21 77
35 23 108
35 25 49
35 27 84
35 29 114
35 33 113
35 34 16
36 3 96
36 4 60
36 5 118
36 6 60
36 7 48
36 9 77
36 10 90
36 13 110
36 14 14
36 15 20
36 18 56
36 19 109
36 20 79
36 21 85
36 25 112
36 26 16
36 27 89
36 32 51
36 34 46
37 1 63
37 3 21
37 6 24
37 7 96
37 8 27
37 11 27
37 12 71
37 13 53
37 17 26
37 18 21
37 19 4
37 20 27
37 21 100
37 22 22
37 24 115
37 26 94
37 28 43
37 29 54
37 30 1
37 31 7
37 33 107
37 34 33
37 35 69
38 0 41
38 3 73
38 5 49
38 7 72
38 13 54
38 14 33
38 16 103
38 18 62
38 19 5
38 20 20
38 22 29
38 23 44
38 24 41
38 26 27
38 28 42
38 31 86
38 32 76
38 35 88
38 36 52
39 4 85
39 5 52
39 7 116
39 8 88
39 12 62
39 13 66
39 14 14
39 18 99
39 19 88
39 20 65
39 21 95
39 22 52
39 24 46
39 25 9
39 28 68
39 31 104
39 34 44
39 35 9
39 36 15
39 37 24
