40
2 0 33
2 1 52
3 0 60
3 2 7
4 1 49
4 2 35
4 3 12
5 1 27
5 2 43
6 1 23
6 4 32
7 0 8
7 1 18
7 2 22
8 0 13
8 2 57
8 3 13
8 5 56
8 6 49
8 7 11
9 2 40
9 3 36
9 5 57
9 6 5
9 7 6
10 0 17
10 1 6
10 5 40
11 6 8
11 7 54
11 8 48
11 9 51
11 10 3
12 1 54
12 2 9
12 3 11
12 6 56
12 9 48
13 1 54
13 2 15
13 3 22
13 5 48
13 6 18
13 8 48
13 9 9
13 10 10
13 12 29
14 0 55
14 1 3
14 2 57
14 3 7
14 4 34
14 5 26
14 6 11
14 8 5
14 9 43
14 10 22
15 2 26
15 4 25
15 5 26
15 6 15
15 7 45
15 9 37
15 11 24
15 13 7
15 14 2
16 0 2
16 2 28
16 4 56
16 6 1
16 9 20
16 11 5
16 13 3
17 3 40
17 5 53
17 6 4
17 8 18
17 9 22
17 11 27
17 12 44
17 13 45
17 15 15
18 2 6
18 4 58
18 5 29
18 7 35
18 8 45
18 9 30
18 10 47
19 1 1
19 8 6
19 9 33
19 12 39
19 14 36
19 16 22
20 0 31
20 1 53
20 4 19
20 8 20
20 11 60
20 13 19
20 14 59
20 16 42
21 0 37
21 2 51
21 4 17
21 7 12
21 9 15
21 11 1
21 13 54
21 14 42
21 17 44
21 18 10
22 1 24
22 5 43
22 6 4
22 7 54
22 8 46
22 9 6
22 11 15
22 15 15
22 19 26
23 0 13
23 2 24
23 4 18
23 5 22
23 7 54
23 9 52
23 10 35
23 13 53
23 16 44
23 18 40
23 19 52
23 22 29
24 0 36
24 2 9
24 3 12
24 4 41
24 5 39
24 6 55
24 7 49
24 10 14
24 12 48
24 16 2
24 18 6
24 20 38
24 22 52
25 0 34
25 4 3
25 5 20
25 6 32
25 7 58
25 9 45
25 10 58
25 11 34
25 12 53
25 14 43
25 15 33
25 16 51
25 17 47
25 19 54
25 22 23
26 0 11
26 2 13
26 4 30
26 8 17
26 11 17
26 13 16
26 14 9
26 16 49
26 17 49
26 18 5
26 19 18
26 21 10
26 23 29
26 24 46
27 2 42
27 3 27
27 5 22
27 7 1
27 9 34
27 10 40
27 12 17
27 14 27
27 15 4
27 16 29
27 18 6
27 20 23
27 22 60
27 24 45
27 25 5
28 0 35
28 1 19
28 4 8
28 8 60
28 9 18
28 11 25
28 13 44
28 16 48
28 17 29
28 19 56
28 20 29
28 23 26
28 26 35
28 27 23
29 0 39
29 1 45
29 2 49
29 4 47
29 6 31
29 7 24
29 11 55
29 12 60
29 13 21
29 15 46
29 16 52
29 17 27
29 19 40
29 20 19
29 21 14
29 22 43
30 0 13
30 1 4
30 2 57
30 3 59
30 4 15
30 9 17
30 12 52
30 15 13
30 18 30
30 19 59
30 20 54
30 24 2
30 26 41
30 27 16
31 0 49
31 2 5
31 4 28
31 6 52
31 12 42
31 13 25
31 15 32
31 19 26
31 22 48
31 27 16
32 0 50
32 3 57
32 4 41
32 5 21
32 6 36
32 7 20
32 9 10
32 10 47
32 11 43
32 13 42
32 14 7
32 16 31
32 19 57
32 20 35
32 24 30
32 25 52
32 28 27
32 29 39
32 30 25
32 31 7
33 1 40
33 3 37
33 4 54
33 5 13
33 13 22
33 16 28
33 17 14
33 19 1
33 20 11
33 26 2
33 28 30
33 29 40
33 30 15
33 31 10
33 32 56
34 6 16
34 7 36
34 8 4
34 9 30
34 10 21
34 14 7
34 17 15
34 22 27
34 23 58
34 24 1
34 25 51
34 28 5
34 29 24
34 30 10
35 0 6
35 3 12
35 6 39
35 8 8
35 10 9
35 12 26
35 15 31
35 18 30
35 19 24
35 20 33
35 23 14
35 27 16
35 30 53
35 32 12
35 33 48
36 1 12
36 3 50
36 4 23
36 5 6
36 6 52
36 8 33
36 9 42
36 10 17
36 11 28
36 12 27
36 13 47
36 14 44
36 16 48
36 17 25
36 21 25
36 22 9
36 24 14
36 26 48
36 27 48
36 28 19
36 29 35
36 30 52
36 32 53
37 0 27
37 1 41
37 10 26
37 11 16
37 12 36
37 15 22
37 16 50
37 22 41
37 23 43
37 25 56
37 27 6
37 28 55
37 30 33
37 31 21
37 32 17
37 34 29
37 35 8
38 2 7
38 5 4
38 6 26
38 10 57
38 12 40
38 14 37
38 15 31
38 17 29
38 18 23
38 19 59
38 20 44
38 21 11
38 25 17
38 26 14
38 27 57
38 28 53
38 29 29
38 31 52
38 32 45
38 33 50
38 34 28
38 35 30
38 36 55
39 2 17
39 3 1
39 4 38
39 5 37
39 6 22
39 7 12
39 10 22
39 11 3
39 13 44
39 14 31
39 16 7
39 18 60
39 21 37
39 25 18
39 26 44
39 27 43
39 28 49
39 29 9
39 30 20
39 32 32
39 33 39
39 34 18
39 36 43
