40
2 0 61
3 2 8
4 1 80
4 2 75
4 3 24
5 1 39
5 2 46
5 3 66
6 3 35
6 4 71
6 5 57
7 1 71
7 4 50
7 5 20
8 0 5
9 1 77
9 5 67
9 6 67
9 7 71
9 8 48
10 1 24
10 5 35
10 7 56
11 0 11
11 1 2
11 4 21
11 6 21
11 7 6
11 9 6
11 10 13
12 1 34
12 3 44
12 5 34
12 6 76
12 8 34
12 10 29
12 11 65
13 1 44
13 2 47
13 4 71
13 6 24
13 7 18
13 10 44
13 11 21
14 1 12
14 2 39
14 3 79
14 4 56
14 5 59
14 6 34
14 7 57
14 9 55
14 10 15
14 13 2
15 0 80
15 2 47
15 12 45
15 13 14
15 14 20
16 0 50
16 1 1
16 5 69
16 9 28
16 11 15
16 12 12
16 15 34
17 5 3
17 6 48
17 7 32
17 8 75
17 9 17
17 10 27
17 12 27
17 13 11
17 14 31
17 16 58
18 0 65
18 8 43
18 10 50
18 12 75
18 13 40
18 14 6
18 15 40
19 0 78
19 1 53
19 3 64
19 6 11
19 7 34
19 8 80
19 13 80
19 16 58
19 17 24
20 0 33
20 3 34
20 4 42
20 6 76
20 7 27
20 9 42
20 10 44
20 11 70
20 13 68
20 15 12
20 18 28
21 0 24
21 1 60
21 6 71
21 7 16
21 8 39
21 9 2
21 11 3
21 13 16
21 17 6
21 19 28
21 20 26
22 2 48
22 3 33
22 5 49
22 6 39
22 9 48
22 12 17
22 16 51
22 18 9
23 0 8
23 1 66
23 2 46
23 6 15
23 9 57
23 10 76
23 15 26
23 17 72
23 18 19
23 19 41
23 20 54
23 21 43
24 2 12
24 4 23
24 5 67
24 6 30
24 7 65
24 10 67
24 13 54
24 14 14
24 15 37
24 17 24
24 19 72
24 20 79
24 22 79
25 1 28
25 2 14
25 3 72
25 4 71
25 5 19
25 7 31
25 8 35
25 10 63
25 14 43
25 18 67
25 19 3
25 20 40
25 23 22
25 24 13
26 0 41
26 1 9
26 3 7
26 8 16
26 9 56
26 10 66
26 11 68
26 12 77
26 13 25
26 15 46
26 16 32
26 18 59
26 23 64
26 24 75
27 1 58
27 6 10
27 7 19
27 9 77
27 10 25
27 12 42
27 13 72
27 14 62
27 19 14
27 20 72
27 21 24
27 25 55
27 26 53
28 1 44
28 2 17
28 3 64
28 5 32
28 6 18
28 8 53
28 9 63
28 12 57
28 14 61
28 16 37
28 17 73
28 18 74
28 20 40
28 23 71
28 24 79
28 27 70
29 3 15
29 4 2
29 6 62
29 13 25
29 16 79
29 18 65
29 19 29
29 21 67
29 22 24
29 23 72
29 24 21
29 25 2
29 26 8
29 27 45
30 0 25
30 4 17
30 5 43
30 9 78
30 10 64
30 13 44
30 15 65
30 18 54
30 21 19
30 22 43
30 24 36
30 27 67
30 28 73
30 29 53
31 2 43
31 3 56
31 7 46
31 9 41
31 11 21
31 14 80
31 16 79
31 20 55
31 21 28
31 22 60
31 27 38
31 28 52
31 29 60
32 4 1
32 5 3
32 7 75
32 8 37
32 9 74
32 11 26
32 12 3
32 13 20
32 14 62
32 17 65
32 20 63
32 21 9
32 25 64
32 26 63
32 27 54
32 28 68
32 30 4
33 0 25
33 4 34
33 5 27
33 7 59
33 10 6
33 14 38
33 15 3
33 16 44
33 17 8
33 20 69
33 25 18
33 26 32
33 29 74
33 30 74
33 31 1
34 0 62
34 1 4
34 2 55
34 3 27
34 6 38
34 7 70
34 9 69
34 10 46
34 11 36
34 12 25
34 14 8
34 15 63
34 16 34
34 17 36
34 18 21
34 19 18
34 23 23
34 24 35
34 28 66
34 29 45
34 30 49
34 32 36
34 33 13
35 1 51
35 2 68
35 3 34
35 5 36
35 7 52
35 10 4
35 11 8
35 13 44
35 14 61
35 16 32
35 23 25
35 24 22
35 25 14
35 26 70
35 27 79
35 31 37
35 32 63
36 1 36
36 4 60
36 5 72
36 7 57
36 10 16
36 12 24
36 13 28
36 14 76
36 17 51
36 19 39
36 23 74
36 24 20
36 26 76
36 29 72
36 30 57
36 32 64
36 33 52
36 34 2
36 35 12
37 0 77
37 1 12
37 2 77
37 4 41
37 5 20
37 6 71
37 7 34
37 8 3
37 10 18
37 12 71
37 14 29
37 15 63
37 17 43
37 19 10
37 21 16
37 23 66
37 25 42
37 26 75
37 28 76
37 31 48
37 32 24
37 33 53
37 36 58
38 0 63
38 3 38
38 5 50
38 6 59
38 7 17
38 10 43
38 11 45
38 12 49
38 13 60
38 14 67
38 15 63
38 19 79
38 24 15
38 25 11
38 27 10
38 28 37
38 29 50
38 35 56
38 36 64
39 7 53
39 8 77
39 9 58
39 11 22
39 12 59
39 14 65
39 16 25
39 19 64
39 20 41
39 22 37
39 23 13
39 24 30
39 27 53
39 29 70
39 32 30
39 34 59
39 38 70
