50
1 0 94
2 1 97
4 1 120
4 2 119
4 3 63
5 1 111
5 3 2
6 0 3
6 3 101
7 2 87
7 3 81
7 5 13
8 0 52
8 4 40
8 7 22
9 0 86
9 3 65
9 4 67
9 5 73
9 6 91
10 3 81
10 4 95
10 7 102
10 8 48
10 9 70
11 0 56
11 2 108
11 3 87
11 4 113
11 5 13
11 6 84
12 0 92
12 3 69
12 6 114
12 7 109
12 8 92
13 1 87
13 5 84
13 7 82
13 8 58
13 9 23
13 12 53
14 1 73
14 2 10
14 3 58
14 9 21
14 10 80
14 12 68
14 13 24
15 0 64
15 1 89
15 2 37
15 3 95
15 4 16
15 5 24
15 6 62
15 7 26
15 8 7
15 9 48
15 10 120
15 12 20
15 13 18
15 14 32
16 3 56
16 4 1
16 5 101
16 6 104
16 9 23
16 12 38
16 13 97
16 15 72
17 1 19
17 2 84
17 3 21
17 8 107
17 11 85
17 12 8
17 13 41
17 14 81
17 16 87
18 0 39
18 1 74
18 3 25
18 4 85
18 6 88
18 7 40
18 8 22
18 9 21
18 10 33
18 14 12
18 16 87
18 17 82
19 0 82
19 4 101
19 12 79
19 13 86
19 14 100
19 15 117
19 17 93
20 1 80
20 2 27
20 4 69
20 5 77
20 6 107
20 8 93
20 11 109
20 12 111
20 14 64
20 15 70
20 17 48
21 1 52
21 2 71
21 3 39
21 6 119
21 14 60
21 17 91
21 18 13
21 20 62
22 2 87
22 4 99
22 6 13
22 7 72
22 9 102
22 10 37
22 12 19
22 13 41
22 15 34
22 16 105
22 21 105
23 1 104
23 6 78
23 8 101
23 10 57
23 11 40
23 17 16
23 22 1
24 0 104
24 8 1
24 11 91
24 12 100
24 15 91
24 18 41
24 22 33
25 0 76
25 2 5
25 5 8
25 6 30
25 8 18
25 10 117
25 11 88
25 14 118
25 15 105
25 16 45
25 20 46
25 23 50
26 11 19
26 14 42
26 16 73
26 18 77
26 21 12
26 23 82
26 24 50
27 3 7
27 4 70
27 11 58
27 13 61
27 14 15
27 15 73
27 21 68
27 23 72
27 24 92
27 26 42
28 2 64
28 7 78
28 10 24
28 12 44
28 13 26
28 14 95
28 15 109
28 16 41
28 17 65
28 18 119
28 20 9
28 23 113
28 24 81
28 27 38
29 2 15
29 3 2
29 4 1
29 9 26
29 11 17
29 16 110
29 18 39
29 21 11
29 22 64
29 24 78
29 26 108
29 28 109
30 3 79
30 6 115
30 7 82
30 9 44
30 10 114
30 12 103
30 14 55
30 15 78
30 16 88
30 17 67
30 22 82
30 23 91
30 25 64
30 26 114
30 27 86
30 28 64
30 29 58
31 7 11
31 10 120
31 11 39
31 15 54
31 16 14
31 20 105
31 22 112
31 23 25
31 25 5
31 26 31
31 27 22
31 29 96
32 1 75
32 2 105
32 4 5
32 5 12
32 6 64
32 7 23
32 9 52
32 10 61
32 11 1
32 12 71
32 14 31
32 18 90
32 19 57
32 20 7
32 23 71
32 24 117
32 28 68
32 29 44
32 30 107
33 0 10
33 2 65
33 5 42
33 6 54
33 9 105
33 10 103
33 12 72
33 13 23
33 14 110
33 16 114
33 18 4
33 21 8
33 25 67
33 26 109
33 28 7
33 29 112
33 30 7
33 31 102
34 0 45
34 1 73
34 2 61
34 3 94
34 4 98
34 6 115
34 8 114
34 14 75
34 17 39
34 23 120
34 24 109
34 25 55
34 26 86
34 29 95
34 30 78
34 31 40
34 33 22
35 0 17
35 3 25
35 5 118
35 7 58
35 14 17
35 16 21
35 19 110
35 21 44
35 25 92
35 26 100
35 30 120
35 31 95
35 33 95
36 0 114
36 4 26
36 5 111
36 8 40
36 12 2
36 15 64
36 19 102
36 20 49
36 24 21
36 25 115
36 27 112
36 28 31
36 29 102
36 32 97
36 33 100
36 35 16
37 0 25
37 1 86
37 3 51
37 7 4
37 10 49
37 12 105
37 15 14
37 17 6
37 18 116
37 19 53
37 20 102
37 22 37
37 24 113
37 25 27
37 26 98
37 28 73
37 29 66
37 32 60
37 33 69
37 34 64
38 1 56
38 4 11
38 6 47
38 7 108
38 8 25
38 9 87
38 10 80
38 11 112
38 13 104
38 14 76
38 19 99
38 20 31
38 21 37
38 23 79
38 24 20
38 26 97
38 27 77
38 28 64
38 29 85
38 30 108
38 32 98
38 35 74
38 37 5
39 1 116
39 4 25
39 6 113
39 7 90
39 8 107
39 14 23
39 18 37
39 22 34
39 24 69
39 25 49
39 26 19
39 27 113
39 28 14
39 36 14
39 38 104
40 0 95
40 1 24
40 2 42
40 4 67
40 6 118
40 9 22
40 11 19
40 13 77
40 16 16
40 18 9
40 20 49
40 24 31
40 25 7
40 26 70
40 28 6
40 32 16
40 34 9
40 37 21
40 39 80
41 2 109
41 4 5
41 7 3
41 11 11
41 15 49
41 16 12
41 17 106
41 19 108
41 23 82
41 27 50
41 28 50
41 31 20
41 32 1
41 35 109
41 38 14
41 39 12
42 1 63
42 3 65
42 6 94
42 7 64
42 13 17
42 15 18
42 18 6
42 19 35
42 20 37
42 21 72
42 22 69
42 23 101
42 24 25
42 26 105
42 27 109
42 29 99
42 30 105
42 31 89
42 32 9
42 35 36
42 38 120
42 40 76
43 0 102
43 1 30
43 3 45
43 4 85
43 5 42
43 7 44
43 8 61
43 10 81
43 11 70
43 12 96
43 13 13
43 16 58
43 17 72
43 19 107
43 21 84
43 31 47
43 33 4
43 34 116
43 37 113
43 38 64
44 4 118
44 5 45
44 7 108
44 8 109
44 11 57
44 13 77
44 14 93
44 16 60
44 18 101
44 19 23
44 20 73
44 21 33
44 22 12
44 24 95
44 27 94
44 28 117
44 29 50
44 31 82
44 33 74
44 36 25
44 37 29
44 38 90
44 39 49
44 42 6
44 43 62
45 1 12
45 2 72
45 3 32
45 8 105
45 9 33
45 10 111
45 11 80
45 13 88
45 14 99
45 15 74
45 16 62
45 17 67
45 19 6
45 20 32
45 21 88
45 23 64
45 24 118
45 26 51
45 28 41
45 29 113
45 30 17
45 31 9
45 33 52
45 36 54
45 40 75
45 41 24
45 44 45
46 1 65
46 2 96
46 3 2
46 4 112
46 7 103
46 13 53
46 16 94
46 17 50
46 19 120
46 20 25
46 21 45
46 22 111
46 24 52
46 25 5
46 26 72
46 29 54
46 31 115
46 33 55
46 36 43
46 37 44
46 40 82
46 41 57
46 42 86
46 43 113
46 44 118
47 1 87
47 3 78
47 4 45
47 5 112
47 7 110
47 9 85
47 11 116
47 13 103
47 14 40
47 17 112
47 18 22
47 19 84
47 22 110
47 23 40
47 24 66
47 28 31
47 29 28
47 30 62
47 31 87
47 32 29
47 34 112
47 35 74
47 36 8
47 39 100
47 40 111
47 41 64
47 43 106
47 46 91
48 0 60
48 1 103
48 3 6
48 5 11
48 6 72
48 8 100
48 9 42
48 10 61
48 11 22
48 13 65
48 14 106
48 16 100
48 17 63
48 18 118
48 19 22
48 20 19
48 21 6
48 22 65
48 23 40
48 25 18
48 26 44
48 29 115
48 30 67
48 31 47
48 32 50
48 34 101
48 35 75
48 36 11
48 40 52
48 43 4
48 45 96
48 46 120
49 0 29
49 3 103
49 6 98
49 7 54
49 10 100
49 13 93
49 14 26
49 21 111
49 22 112
49 24 71
49 25 51
49 26 1
49 27 97
49 29 65
49 31 10
49 34 88
49 37 69
49 39 83
49 42 7
49 44 25
49 47 27
49 48 76
