70
1 0 46
2 1 100
3 0 24
3 2 114
5 3 12
6 0 26
6 1 86
6 3 6
7 0 26
7 2 80
7 3 42
7 4 119
8 0 74
8 1 11
8 2 56
8 3 30
8 4 104
9 2 83
9 5 7
9 6 39
9 7 115
9 8 18
10 3 61
10 5 85
10 6 28
10 7 77
10 8 90
10 9 69
11 1 91
11 2 78
11 4 85
11 5 8
11 8 54
11 9 84
12 0 35
12 1 4
12 2 55
12 3 20
12 9 51
12 11 76
13 1 80
13 2 95
13 5 106
13 6 94
14 1 115
14 2 37
14 4 96
14 5 94
14 6 51
14 7 110
14 8 89
14 10 5
14 13 72
15 1 42
15 3 18
15 4 13
15 5 103
15 7 74
15 14 91
16 0 4
16 1 110
16 4 97
16 8 16
16 9 98
16 11 7
16 13 58
16 15 29
17 2 15
17 3 13
17 5 102
17 7 73
17 9 71
17 11 6
17 12 9
17 13 81
18 1 7
18 3 79
18 5 92
18 7 24
18 8 10
18 10 68
18 11 103
18 12 43
18 16 115
18 17 108
19 0 62
19 3 111
19 6 45
19 9 57
19 10 10
19 11 84
19 12 47
19 14 27
19 15 48
20 0 20
20 1 103
20 3 24
20 4 103
20 6 8
20 8 13
20 9 69
20 11 14
20 12 26
20 16 116
20 18 38
20 19 22
21 0 113
21 3 115
21 4 26
21 6 63
21 7 64
21 8 115
21 10 99
21 11 115
21 12 99
21 15 119
21 16 89
21 17 69
21 18 101
21 19 77
22 1 37
22 3 55
22 4 69
22 7 109
22 11 2
22 12 87
22 13 39
22 14 2
22 16 71
22 18 55
23 1 79
23 2 112
23 3 50
23 4 59
23 5 98
23 6 113
23 10 20
23 14 8
23 15 78
23 16 27
23 17 97
23 21 64
24 0 12
24 4 36
24 5 23
24 7 18
24 10 63
24 11 81
24 14 38
24 17 42
24 19 83
24 20 117
24 21 27
24 23 2
25 0 56
25 2 111
25 6 118
25 13 59
25 15 53
25 16 7
25 20 77
25 23 84
26 1 46
26 3 67
26 6 85
26 8 64
26 10 25
26 11 7
26 12 82
26 13 114
26 18 6
26 19 48
26 23 19
26 24 44
27 2 111
27 3 42
27 6 64
27 7 114
27 8 11
27 9 77
27 12 60
27 16 23
27 18 25
27 20 58
27 21 9
27 22 108
27 24 38
27 25 59
27 26 83
28 0 25
28 1 82
28 2 28
28 3 43
28 5 91
28 6 79
28 8 28
28 11 59
28 13 69
28 14 13
28 15 95
28 16 35
28 18 26
28 21 37
28 22 48
28 25 70
29 1 47
29 3 9
29 4 99
29 5 33
29 7 105
29 8 87
29 9 51
29 14 93
29 17 6
29 20 72
29 21 85
29 25 38
29 26 101
30 0 64
30 3 116
30 5 74
30 6 74
30 9 114
30 10 7
30 11 49
30 14 16
30 17 91
30 20 62
30 22 47
31 2 107
31 4 99
31 6 119
31 9 116
31 10 24
31 13 56
31 14 21
31 15 27
31 19 94
31 21 92
31 22 15
31 23 43
31 24 70
31 25 108
31 28 109
31 29 59
31 30 28
32 1 111
32 5 52
32 6 51
32 7 48
32 9 37
32 12 92
32 15 91
32 16 57
32 17 39
32 18 68
32 19 116
32 20 112
32 21 112
32 22 109
32 23 92
32 24 104
32 26 23
32 29 108
32 30 1
32 31 120
33 1 25
33 2 9
33 3 37
33 5 16
33 6 64
33 7 84
33 8 57
33 10 110
33 13 3
33 14 1
33 16 93
33 19 53
33 20 17
33 23 76
33 28 7
33 29 66
33 30 28
33 31 120
33 32 15
34 0 81
34 2 59
34 10 79
34 11 37
34 12 51
34 14 25
34 16 21
34 18 80
34 21 70
34 24 6
34 28 26
35 0 39
35 1 96
35 2 20
35 3 96
35 5 72
35 6 76
35 10 77
35 11 97
35 12 55
35 13 26
35 15 84
35 20 6
35 21 102
35 23 86
35 24 83
35 25 15
35 26 113
35 27 91
35 30 4
35 31 61
35 32 52
35 34 111
36 0 47
36 2 1
36 3 21
36 4 93
36 6 84
36 7 72
36 8 107
36 10 104
36 13 2
36 15 79
36 16 92
36 22 60
36 23 43
36 24 52
36 26 41
36 27 16
36 28 34
36 30 15
36 31 39
36 32 25
37 2 85
37 3 10
37 4 27
37 7 104
37 8 115
37 9 60
37 10 46
37 13 94
37 14 102
37 15 60
37 17 6
37 20 107
37 21 67
37 22 114
37 23 41
37 24 44
37 26 13
37 31 106
37 32 4
37 33 59
37 35 89
38 1 95
38 3 110
38 4 100
38 5 39
38 6 90
38 7 3
38 8 57
38 9 53
38 11 79
38 12 65
38 15 116
38 16 97
38 19 96
38 20 80
38 23 118
38 24 27
38 25 15
38 27 11
38 32 119
38 33 95
38 36 53
39 2 95
39 3 96
39 7 29
39 8 84
39 10 11
39 11 8
39 14 88
39 16 57
39 18 23
39 21 37
39 24 68
39 25 76
39 26 1
39 27 118
39 29 37
39 36 70
39 37 96
39 38 64
40 3 109
40 4 42
40 5 18
40 8 41
40 11 50
40 12 39
40 14 44
40 15 32
40 16 48
40 17 114
40 18 61
40 19 48
40 21 27
40 22 93
40 23 85
40 24 47
40 29 27
40 30 38
40 31 23
40 33 115
40 34 82
41 4 44
41 7 12
41 8 85
41 10 71
41 12 51
41 14 109
41 16 48
41 17 67
41 18 23
41 19 14
41 20 47
41 21 31
41 24 111
41 26 113
41 27 62
41 33 41
41 34 75
41 35 38
41 36 36
41 38 86
41 39 84
42 2 68
42 3 32
42 4 40
42 6 78
42 12 61
42 13 28
42 14 50
42 16 5
42 20 120
42 25 5
42 26 98
42 27 18
42 28 31
42 29 60
42 31 88
42 32 105
42 34 88
42 36 79
42 41 60
43 0 41
43 2 119
43 3 119
43 6 101
43 7 70
43 8 62
43 9 72
43 10 69
43 11 74
43 13 60
43 20 23
43 22 78
43 23 14
43 25 54
43 27 90
43 28 109
43 30 14
43 32 97
43 33 1
43 35 20
43 37 37
43 38 86
44 1 87
44 2 95
44 3 21
44 4 50
44 5 27
44 8 72
44 10 95
44 11 15
44 12 7
44 13 1
44 14 120
44 15 120
44 20 70
44 21 113
44 24 34
44 28 49
44 29 51
44 30 57
44 33 14
44 36 12
44 37 54
44 39 79
44 41 98
45 1 49
45 3 39
45 4 74
45 6 56
45 7 110
45 8 113
45 12 54
45 13 64
45 14 19
45 15 80
45 16 119
45 18 64
45 19 36
45 20 119
45 22 59
45 24 11
45 25 40
45 26 27
45 32 36
45 35 64
45 39 11
45 43 118
46 0 100
46 1 106
46 5 53
46 7 65
46 8 74
46 9 11
46 10 19
46 11 55
46 13 36
46 14 23
46 16 109
46 17 37
46 18 10
46 21 52
46 22 12
46 27 16
46 29 75
46 32 79
46 34 35
46 39 90
46 41 19
46 42 109
46 43 4
46 44 48
47 4 79
47 6 108
47 7 115
47 9 79
47 11 16
47 12 2
47 13 38
47 16 75
47 17 46
47 18 55
47 22 102
47 23 27
47 24 5
47 27 7
47 28 19
47 29 100
47 33 82
47 34 36
47 35 95
47 37 12
47 38 34
47 41 115
47 44 106
47 46 47
48 0 13
48 2 110
48 3 54
48 5 90
48 8 73
48 9 27
48 11 46
48 12 116
48 15 24
48 16 50
48 18 75
48 23 3
48 24 94
48 25 119
48 33 46
48 36 72
48 37 110
48 38 23
48 39 106
48 43 60
48 44 73
48 45 52
48 46 36
48 47 107
49 0 13
49 3 26
49 10 30
49 13 26
49 14 7
49 17 82
49 18 7
49 22 56
49 24 77
49 25 28
49 27 66
49 33 8
49 36 2
49 41 10
49 42 50
49 44 43
50 1 21
50 2 29
50 6 90
50 7 5
50 8 32
50 10 118
50 11 55
50 12 70
50 16 53
50 18 10
50 23 8
50 28 17
50 29 19
50 30 75
50 31 42
50 35 75
50 37 96
50 39 60
50 40 116
50 42 82
50 45 81
50 46 82
50 49 10
51 3 35
51 4 48
51 5 24
51 6 76
51 8 25
51 9 23
51 12 110
51 13 51
51 14 11
51 15 13
51 16 106
51 17 77
51 18 49
51 19 57
51 20 13
51 25 91
51 26 78
51 29 78
51 30 59
51 33 72
51 34 21
51 35 109
51 38 92
51 42 33
51 45 29
51 48 36
51 49 75
52 2 35
52 4 23
52 8 54
52 11 93
52 13 85
52 20 37
52 23 79
52 25 17
52 28 3
52 29 88
52 31 81
52 33 49
52 37 17
52 38 32
52 39 24
52 44 51
52 46 34
52 47 49
52 48 119
52 51 27
53 0 89
53 2 101
53 3 111
53 6 64
53 7 118
53 8 7
53 10 75
53 12 42
53 13 115
53 14 29
53 15 51
53 16 112
53 17 1
53 18 102
53 24 40
53 25 30
53 26 103
53 30 51
53 36 52
53 37 83
53 38 118
53 41 93
53 46 71
53 47 41
53 49 58
53 51 12
53 52 110
54 5 16
54 6 92
54 7 43
54 8 79
54 16 101
54 17 50
54 18 72
54 22 18
54 23 59
54 28 58
54 33 13
54 36 58
54 38 94
54 39 93
54 41 57
54 43 101
54 46 106
54 51 115
55 1 79
55 2 58
55 5 113
55 11 96
55 12 31
55 13 65
55 14 59
55 15 68
55 16 62
55 19 68
55 20 53
55 21 90
55 27 101
55 28 77
55 30 2
55 31 15
55 38 47
55 39 57
55 40 63
55 42 28
55 44 91
55 46 30
55 47 120
55 48 14
55 50 100
55 51 21
55 52 38
55 54 119
56 1 13
56 3 16
56 5 39
56 6 39
56 7 113
56 9 61
56 16 34
56 19 100
56 20 104
56 23 85
56 24 17
56 28 26
56 30 83
56 33 5
56 34 71
56 36 35
56 37 120
56 40 6
56 41 76
56 42 92
56 45 41
56 46 14
56 50 22
57 7 118
57 8 85
57 10 100
57 17 120
57 22 72
57 27 82
57 35 79
57 36 112
57 38 6
57 43 105
57 47 22
57 48 105
57 55 110
57 56 66
58 2 76
58 3 54
58 4 87
58 6 77
58 7 66
58 8 15
58 11 50
58 12 58
58 14 10
58 15 49
58 16 71
58 20 92
58 21 104
58 23 86
58 24 84
58 28 66
58 29 22
58 31 14
58 32 81
58 34 39
58 35 8
58 36 94
58 37 88
58 45 101
58 46 52
58 47 45
58 52 42
58 53 1
58 55 58
59 0 57
59 1 20
59 2 49
59 3 54
59 5 39
59 8 95
59 11 31
59 12 49
59 13 37
59 19 47
59 21 59
59 24 98
59 25 64
59 28 92
59 29 14
59 31 86
59 37 81
59 40 79
59 41 10
59 45 55
59 46 80
59 48 7
59 49 87
59 50 33
59 51 60
59 53 2
59 54 42
59 58 120
60 0 24
60 2 5
60 5 97
60 7 17
60 9 45
60 10 18
60 13 62
60 14 16
60 17 107
60 21 75
60 24 49
60 25 25
60 26 109
60 27 69
60 28 74
60 30 41
60 32 90
60 33 96
60 37 48
60 42 49
60 43 25
60 44 40
60 45 11
60 47 77
60 49 21
60 51 99
60 53 95
60 54 59
60 55 97
61 0 2
61 4 47
61 8 63
61 9 95
61 11 80
61 13 89
61 15 81
61 19 100
61 21 22
61 22 80
61 23 49
61 24 95
61 25 64
61 26 21
61 27 63
61 28 33
61 29 104
61 31 117
61 32 35
61 33 81
61 34 38
61 35 97
61 36 6
61 41 7
61 43 68
61 45 14
61 47 16
61 48 63
61 49 88
61 54 111
61 55 32
61 56 73
61 57 59
61 59 54
61 60 32
62 3 91
62 5 56
62 7 28
62 13 110
62 14 3
62 18 2
62 19 85
62 20 28
62 21 68
62 22 20
62 24 35
62 25 104
62 31 20
62 34 102
62 35 102
62 37 68
62 38 34
62 39 53
62 42 19
62 43 25
62 45 89
62 47 54
62 48 102
62 51 113
62 55 21
62 58 102
62 60 86
63 3 31
63 6 37
63 9 98
63 10 38
63 12 112
63 13 81
63 15 119
63 17 30
63 19 15
63 20 98
63 21 104
63 24 33
63 25 65
63 26 57
63 27 100
63 29 109
63 32 92
63 34 33
63 35 35
63 37 62
63 38 108
63 39 17
63 40 58
63 41 82
63 46 4
63 48 87
63 49 54
63 50 27
63 52 46
63 55 58
63 56 11
63 58 15
63 59 91
63 61 99
63 62 26
64 2 14
64 3 116
64 6 74
64 8 83
64 9 53
64 11 99
64 13 8
64 15 108
64 16 39
64 18 115
64 22 81
64 24 18
64 25 37
64 28 14
64 34 5
64 36 116
64 37 55
64 38 67
64 40 19
64 43 45
64 44 44
64 46 95
64 48 32
64 49 61
64 51 109
64 52 55
64 54 63
64 57 52
64 58 11
64 60 29
64 61 8
64 62 116
65 0 81
65 6 19
65 11 108
65 13 118
65 14 116
65 17 78
65 18 97
65 20 87
65 24 65
65 26 16
65 30 67
65 31 99
65 32 44
65 34 55
65 35 83
65 36 96
65 37 100
65 38 119
65 39 47
65 42 10
65 47 13
65 48 105
65 49 59
65 52 45
65 53 91
65 55 89
65 56 107
65 57 98
65 59 44
65 60 8
65 61 81
65 62 60
65 63 118
66 2 4
66 3 53
66 4 21
66 7 36
66 12 62
66 14 35
66 16 65
66 17 75
66 18 84
66 20 76
66 22 61
66 23 65
66 25 38
66 26 24
66 27 120
66 28 64
66 29 16
66 30 79
66 32 10
66 33 50
66 34 43
66 36 22
66 38 63
66 40 65
66 42 94
66 46 72
66 48 114
66 51 11
66 52 47
66 53 86
66 54 46
66 57 81
66 61 55
66 62 109
66 65 117
67 1 34
67 7 24
67 9 105
67 11 2
67 13 104
67 14 46
67 16 73
67 17 71
67 18 71
67 19 88
67 20 91
67 21 109
67 26 29
67 31 4
67 32 70
67 36 105
67 38 49
67 42 14
67 43 119
67 45 95
67 52 119
67 53 46
67 54 24
67 55 56
67 56 56
67 58 52
67 59 23
67 60 61
67 61 83
67 62 92
67 65 26
67 66 59
68 2 84
68 3 81
68 7 16
68 11 33
68 14 11
68 17 120
68 20 56
68 22 56
68 23 44
68 28 10
68 29 7
68 31 109
68 32 57
68 35 22
68 36 49
68 39 37
68 44 42
68 45 79
68 48 59
68 49 17
68 53 32
68 54 51
68 55 62
68 56 118
68 61 23
68 62 10
68 64 97
68 66 1
68 67 89
69 0 107
69 3 106
69 4 10
69 5 23
69 8 46
69 13 107
69 15 11
69 21 40
69 23 10
69 24 24
69 26 80
69 30 30
69 33 14
69 34 109
69 39 66
69 40 25
69 43 59
69 45 49
69 48 1
69 50 22
69 51 4
69 54 104
69 57 49
69 58 28
69 59 30
69 60 91
69 61 92
69 65 28
