70
1 0 13
2 1 33
3 1 94
3 2 23
4 0 30
4 3 49
5 1 83
5 2 68
5 3 34
6 0 26
6 2 52
6 5 69
7 1 30
7 2 31
7 3 19
7 5 6
7 6 49
8 1 53
8 3 64
8 4 3
8 6 7
9 0 82
9 5 82
9 6 31
10 1 97
10 2 13
10 3 16
10 4 69
10 5 44
10 7 8
10 8 50
10 9 85
11 1 82
11 3 38
11 4 45
11 5 69
11 8 17
11 9 8
11 10 99
12 0 90
12 6 69
12 7 74
12 9 99
12 10 46
12 11 60
13 3 80
13 6 92
13 8 57
13 9 16
14 0 63
14 2 57
14 3 76
14 4 80
14 5 54
14 6 1
14 8 8
14 9 96
14 10 84
14 11 10
14 12 34
15 0 99
15 1 95
15 2 10
15 3 1
15 4 32
15 6 30
15 9 45
15 12 25
15 13 77
16 0 2
16 1 96
16 2 56
16 5 10
16 6 59
16 10 49
16 13 1
16 14 43
17 0 57
17 2 46
17 8 96
17 9 79
17 11 44
17 14 74
17 16 77
18 1 94
18 3 67
18 4 4
18 8 100
18 10 31
18 14 62
18 15 26
19 0 92
19 2 87
19 5 13
19 7 70
19 12 28
19 16 92
19 18 1
20 0 90
20 4 60
20 7 43
20 12 92
20 13 99
20 14 9
20 18 81
20 19 57
21 2 36
21 6 55
21 9 69
21 12 75
21 14 99
21 17 30
21 20 91
22 0 16
22 3 60
22 6 79
22 7 20
22 8 81
22 9 85
22 10 72
22 12 93
22 14 32
22 15 45
23 2 54
23 3 60
23 5 62
23 6 32
23 10 5
23 12 63
23 20 22
23 22 93
24 2 48
24 3 55
24 4 75
24 5 100
24 6 30
24 7 51
24 9 27
24 10 8
24 12 18
24 14 64
24 15 55
24 18 39
24 22 22
24 23 9
25 1 92
25 2 58
25 3 30
25 4 95
25 5 84
25 6 7
25 8 67
25 9 22
25 10 37
25 13 92
25 14 76
25 17 7
25 18 20
25 19 30
25 21 88
25 24 51
26 0 5
26 4 61
26 5 72
26 6 72
26 8 62
26 9 34
26 13 70
26 17 30
26 20 23
26 21 55
26 22 53
26 24 76
26 25 82
27 1 13
27 5 81
27 7 15
27 9 68
27 10 39
27 12 83
27 13 22
27 15 8
27 16 54
27 18 59
27 21 8
27 22 68
27 24 52
28 4 72
28 6 67
28 8 68
28 9 27
28 13 72
28 16 61
28 17 83
28 18 88
28 19 11
28 22 75
28 24 69
28 26 47
29 1 56
29 2 39
29 4 47
29 5 81
29 6 83
29 8 72
29 11 71
29 12 100
29 16 15
29 19 50
29 22 21
29 23 58
29 25 67
29 27 52
30 1 5
30 4 83
30 5 17
30 8 6
30 9 69
30 11 22
30 14 15
30 15 61
30 18 98
30 19 14
30 27 18
31 0 98
31 1 35
31 2 50
31 6 4
31 7 1
31 9 75
31 11 75
31 12 26
31 13 41
31 19 59
31 20 17
31 21 94
31 22 85
31 23 95
31 25 62
31 26 53
31 30 71
32 1 59
32 2 41
32 4 53
32 8 64
32 10 30
32 13 40
32 16 40
32 17 70
32 19 74
32 20 18
32 22 48
32 25 26
32 27 8
32 28 73
32 31 46
33 1 16
33 2 25
33 3 27
33 4 20
33 5 42
33 6 40
33 9 49
33 11 3
33 12 61
33 13 41
33 15 57
33 17 13
33 18 45
33 19 99
33 20 70
33 21 86
33 22 44
33 26 86
33 27 82
33 30 41
33 31 62
33 32 14
34 0 28
34 3 3
34 4 8
34 6 43
34 12 10
34 16 67
34 17 31
34 19 94
34 21 19
34 22 20
34 28 27
34 29 51
35 0 86
35 2 88
35 4 2
35 7 36
35 8 85
35 9 38
35 10 23
35 11 41
35 12 8
35 14 48
35 15 92
35 16 99
35 17 11
35 19 37
35 21 62
35 22 98
35 23 1
35 24 7
35 25 71
35 29 18
35 30 1
35 31 16
35 32 44
35 33 45
35 34 63
36 1 44
36 2 100
36 5 38
36 9 4
36 10 20
36 12 42
36 14 97
36 15 44
36 16 16
36 18 82
36 19 6
36 20 55
36 23 47
36 24 29
36 27 75
36 32 95
36 33 44
36 34 48
37 0 7
37 1 34
37 2 26
37 3 93
37 4 30
37 6 16
37 8 80
37 10 9
37 12 77
37 14 59
37 15 83
37 16 100
37 20 15
37 21 19
37 25 7
37 27 69
37 28 68
37 31 72
37 34 4
37 35 30
37 36 38
38 2 52
38 3 15
38 4 39
38 5 4
38 7 49
38 8 60
38 9 15
38 10 93
38 11 6
38 12 92
38 13 94
38 17 3
38 19 60
38 20 67
38 21 41
38 23 89
38 27 44
38 28 57
38 30 68
38 33 23
38 34 87
38 35 11
38 36 52
38 37 79
39 3 89
39 6 23
39 7 88
39 8 23
39 9 98
39 10 68
39 11 77
39 13 4
39 14 5
39 15 60
39 17 40
39 19 83
39 25 26
39 26 73
39 29 52
39 31 66
39 33 40
39 34 51
39 35 61
39 36 19
39 37 33
40 6 49
40 10 40
40 11 74
40 12 11
40 16 38
40 17 30
40 18 81
40 19 79
40 23 55
40 24 100
40 30 87
40 31 97
40 34 91
40 35 36
40 36 2
40 37 8
40 39 77
41 0 17
41 1 63
41 2 59
41 3 48
41 6 74
41 7 56
41 8 20
41 15 2
41 16 35
41 17 46
41 21 72
41 22 22
41 23 26
41 24 49
41 26 99
41 27 49
41 28 43
41 29 62
41 32 90
41 33 37
41 37 58
41 38 37
41 39 50
42 0 39
42 1 97
42 2 23
42 7 55
42 8 45
42 9 60
42 10 21
42 13 29
42 14 21
42 18 96
42 20 79
42 21 78
42 22 48
42 23 2
42 24 92
42 25 81
42 27 95
42 29 88
42 31 14
42 32 52
42 33 82
42 37 19
42 38 63
42 41 4
43 2 68
43 5 96
43 6 84
43 8 13
43 9 94
43 10 2
43 11 83
43 12 86
43 13 68
43 14 92
43 16 15
43 20 83
43 23 87
43 24 21
43 26 21
43 27 83
43 28 71
43 30 17
43 33 32
43 35 95
43 39 35
43 40 24
44 2 67
44 3 73
44 4 89
44 7 98
44 10 32
44 13 38
44 14 51
44 15 27
44 19 10
44 20 48
44 21 35
44 22 49
44 23 82
44 25 83
44 26 28
44 28 100
44 31 28
44 32 6
44 33 23
44 35 30
44 41 50
44 42 18
44 43 72
45 0 84
45 1 38
45 2 11
45 3 1
45 5 2
45 6 85
45 7 86
45 9 28
45 10 99
45 12 58
45 15 79
45 16 33
45 19 65
45 20 60
45 21 81
45 23 80
45 24 4
45 25 85
45 26 54
45 27 63
45 28 36
45 30 16
45 34 20
45 35 68
45 36 82
45 38 31
45 39 37
45 40 30
46 2 14
46 3 34
46 4 44
46 6 54
46 10 9
46 11 12
46 12 32
46 13 84
46 16 50
46 18 12
46 21 72
46 23 25
46 25 28
46 26 95
46 29 80
46 30 76
46 32 72
46 33 37
46 34 83
46 35 35
46 36 98
46 39 14
46 41 99
47 1 71
47 7 64
47 8 23
47 9 43
47 10 91
47 11 47
47 12 87
47 15 19
47 16 100
47 19 67
47 22 44
47 29 63
47 32 5
47 35 42
47 36 41
47 40 2
47 41 21
47 42 70
47 43 16
47 44 79
47 45 35
48 0 69
48 3 71
48 5 40
48 9 74
48 10 80
48 11 45
48 17 30
48 18 51
48 19 10
48 27 63
48 28 55
48 30 5
48 31 53
48 32 48
48 33 39
48 35 71
48 36 92
48 37 6
48 38 66
48 40 1
48 43 33
48 45 30
48 46 70
49 3 40
49 4 71
49 6 64
49 7 21
49 8 34
49 11 84
49 12 7
49 13 36
49 15 17
49 16 73
49 17 32
49 21 100
49 22 62
49 23 9
49 24 40
49 25 10
49 26 5
49 27 11
49 31 41
49 32 93
49 35 98
49 37 56
49 43 32
49 44 51
49 45 52
49 46 57
49 47 4
50 0 89
50 3 7
50 5 58
50 9 36
50 10 33
50 13 25
50 14 18
50 16 40
50 18 65
50 21 67
50 22 17
50 24 27
50 25 79
50 27 2
50 31 50
50 34 32
50 35 17
50 36 2
50 38 45
50 39 15
50 42 49
50 49 14
51 1 79
51 2 94
51 3 28
51 5 30
51 8 36
51 10 86
51 11 19
51 12 5
51 13 43
51 14 75
51 15 88
51 18 24
51 20 56
51 24 79
51 29 88
51 36 29
51 37 73
51 39 26
51 41 68
51 42 35
51 44 79
51 45 30
51 46 61
51 48 72
51 50 22
52 3 91
52 6 7
52 10 83
52 11 50
52 12 30
52 14 38
52 16 79
52 19 58
52 20 32
52 21 91
52 22 41
52 23 81
52 26 91
52 27 66
52 30 94
52 31 46
52 33 86
52 35 38
52 36 76
52 38 61
52 45 99
52 46 47
53 0 76
53 2 59
53 6 62
53 7 67
53 8 54
53 9 58
53 12 69
53 13 70
53 15 69
53 17 51
53 18 32
53 20 82
53 21 77
53 25 48
53 26 11
53 28 68
53 29 97
53 30 8
53 32 17
53 34 6
53 38 95
53 41 68
53 46 29
53 47 44
53 48 24
53 49 77
53 50 89
53 51 12
53 52 47
54 2 85
54 5 3
54 6 80
54 7 93
54 8 81
54 11 37
54 12 46
54 13 93
54 15 31
54 16 54
54 19 5
54 20 69
54 23 42
54 25 41
54 28 5
54 31 9
54 33 52
54 34 73
54 39 40
54 40 57
54 41 61
54 43 50
54 44 66
54 45 14
54 47 12
55 3 56
55 7 6
55 8 53
55 10 9
55 11 7
55 12 49
55 14 64
55 15 14
55 18 97
55 20 94
55 25 7
55 27 51
55 28 86
55 31 100
55 32 89
55 37 87
55 38 54
55 39 24
55 40 83
55 41 2
55 44 69
55 46 2
55 49 34
55 50 91
55 51 5
55 52 6
55 53 38
56 1 3
56 4 22
56 7 81
56 10 57
56 11 37
56 12 58
56 14 3
56 16 11
56 17 61
56 18 87
56 19 86
56 22 49
56 23 66
56 26 28
56 28 58
56 29 26
56 30 91
56 31 62
56 32 92
56 33 35
56 36 36
56 39 2
56 40 23
56 42 97
56 43 90
56 44 45
56 45 72
56 46 88
56 48 12
56 51 3
56 52 39
56 54 77
57 5 58
57 6 90
57 9 78
57 14 70
57 15 52
57 20 69
57 24 39
57 27 19
57 28 96
57 31 61
57 34 19
57 35 63
57 36 63
57 37 97
57 39 58
57 40 19
57 41 100
57 44 35
57 49 86
57 51 30
57 56 27
58 1 45
58 3 39
58 5 28
58 6 4
58 7 12
58 8 84
58 9 16
58 11 47
58 13 85
58 16 15
58 17 89
58 18 95
58 19 33
58 20 61
58 23 38
58 24 35
58 27 67
58 29 12
58 33 92
58 34 67
58 35 85
58 36 52
58 38 6
58 40 85
58 42 56
58 44 78
58 45 17
58 47 92
58 48 37
58 49 35
58 50 99
58 55 56
58 56 62
59 1 6
59 9 92
59 11 66
59 13 26
59 19 38
59 20 7
59 21 77
59 24 48
59 26 6
59 27 6
59 31 64
59 32 13
59 33 89
59 34 78
59 35 43
59 38 29
59 39 82
59 41 23
59 42 46
59 43 7
59 44 52
59 45 21
59 46 83
59 47 87
59 49 80
59 50 91
59 51 73
59 52 45
59 53 41
60 0 37
60 2 11
60 3 8
60 4 49
60 7 90
60 10 38
60 14 61
60 15 97
60 17 20
60 20 41
60 21 46
60 22 84
60 23 48
60 24 99
60 27 59
60 30 31
60 35 9
60 39 51
60 43 35
60 44 45
60 45 95
60 47 38
60 52 30
60 53 43
60 55 57
60 56 92
60 57 65
60 58 99
60 59 20
61 0 69
61 2 11
61 3 19
61 7 4
61 8 39
61 11 29
61 13 97
61 14 86
61 15 94
61 16 38
61 17 42
61 18 21
61 19 35
61 25 64
61 28 89
61 29 65
61 30 57
61 31 38
61 33 2
61 34 40
61 36 59
61 37 96
61 38 37
61 39 15
61 41 37
61 48 55
61 49 43
61 51 91
61 52 11
61 53 74
61 54 79
61 55 60
61 56 67
61 58 19
61 59 87
61 60 30
62 2 76
62 5 66
62 6 76
62 7 33
62 9 29
62 11 98
62 12 60
62 15 95
62 17 93
62 18 90
62 19 24
62 20 91
62 22 6
62 25 37
62 26 23
62 28 23
62 29 45
62 30 64
62 33 3
62 34 49
62 36 68
62 37 83
62 40 10
62 41 43
62 45 49
62 47 23
62 49 98
62 54 9
62 55 82
62 56 36
62 60 7
62 61 85
63 1 7
63 4 67
63 5 73
63 7 53
63 10 40
63 11 33
63 20 77
63 25 57
63 26 73
63 27 59
63 29 14
63 31 13
63 33 83
63 35 2
63 37 79
63 42 78
63 43 44
63 47 20
63 48 95
63 52 26
63 53 53
63 54 1
63 55 52
63 58 7
63 59 81
63 61 67
63 62 89
64 2 58
64 3 91
64 4 52
64 5 34
64 6 82
64 7 42
64 9 60
64 10 68
64 11 42
64 12 62
64 13 69
64 15 32
64 18 92
64 20 57
64 21 78
64 23 98
64 24 95
64 25 69
64 27 27
64 28 33
64 29 52
64 32 98
64 33 51
64 36 84
64 37 89
64 40 87
64 41 90
64 45 31
64 46 79
64 47 75
64 51 18
64 53 98
64 54 20
64 56 95
64 58 82
64 59 49
64 60 31
64 63 78
65 0 79
65 2 21
65 3 80
65 4 72
65 5 93
65 6 19
65 8 41
65 9 77
65 10 14
65 11 62
65 13 95
65 14 18
65 15 46
65 16 3
65 17 10
65 19 52
65 21 32
65 25 40
65 26 82
65 29 87
65 30 86
65 31 41
65 32 78
65 35 83
65 40 92
65 41 74
65 42 64
65 43 61
65 47 57
65 48 75
65 49 85
65 57 9
65 62 69
65 64 53
66 0 45
66 1 13
66 3 14
66 4 25
66 5 55
66 8 84
66 9 40
66 13 87
66 14 9
66 15 97
66 17 90
66 20 75
66 22 81
66 23 71
66 26 51
66 30 30
66 34 34
66 36 96
66 37 81
66 38 32
66 39 55
66 43 98
66 44 20
66 45 90
66 49 83
66 50 65
66 52 28
66 54 6
66 55 73
66 58 86
66 59 44
66 62 87
66 63 68
66 64 43
67 1 13
67 2 17
67 4 39
67 5 26
67 6 11
67 8 63
67 9 25
67 11 17
67 12 39
67 16 66
67 17 29
67 18 45
67 21 93
67 23 39
67 24 84
67 28 7
67 30 85
67 31 84
67 33 90
67 35 41
67 36 54
67 40 74
67 42 98
67 43 50
67 44 94
67 45 34
67 46 2
67 48 29
67 50 29
67 52 78
67 53 90
67 54 15
67 56 97
67 57 7
67 58 62
67 60 73
67 62 64
67 63 66
67 65 11
67 66 69
68 0 34
68 1 61
68 2 29
68 4 63
68 5 68
68 6 9
68 8 53
68 9 64
68 13 19
68 18 39
68 19 25
68 20 65
68 21 98
68 23 59
68 25 61
68 29 54
68 31 73
68 32 29
68 34 55
68 37 21
68 38 93
68 41 87
68 46 89
68 48 37
68 50 11
68 53 61
68 54 24
68 55 29
68 57 94
68 58 79
68 59 27
68 62 2
68 63 74
68 64 45
68 66 66
69 1 9
69 2 97
69 9 22
69 10 71
69 12 37
69 14 26
69 17 41
69 19 46
69 20 53
69 21 69
69 22 23
69 27 75
69 32 97
69 34 4
69 35 9
69 36 98
69 39 47
69 40 57
69 42 29
69 45 18
69 46 34
69 48 18
69 49 94
69 50 71
69 51 97
69 53 1
69 54 11
69 55 69
69 57 43
69 62 46
69 63 33
69 67 33
69 68 3
