30
1 0 23
3 1 48
3 2 12
4 2 59
4 3 19
5 0 15
5 1 10
5 3 15
6 0 13
6 1 4
6 2 55
6 3 13
6 4 16
7 0 13
7 1 12
7 2 9
7 4 21
7 5 60
7 6 51
8 2 40
8 3 22
8 5 43
9 0 56
9 1 13
9 4 6
9 7 26
10 1 25
10 2 18
10 4 49
10 5 33
10 7 20
10 8 34
11 2 33
11 4 18
11 5 60
11 6 31
11 9 34
11 10 60
12 1 35
12 2 1
12 3 37
12 5 59
12 7 29
12 11 47
13 1 38
13 2 34
13 7 60
13 8 22
13 9 42
13 11 27
13 12 46
14 2 49
14 5 48
14 8 22
14 9 45
14 11 47
14 12 31
14 13 59
15 2 56
15 4 43
15 5 30
15 7 44
15 8 56
15 12 35
15 13 44
15 14 12
16 1 37
16 2 11
16 4 48
16 5 38
16 6 2
16 8 22
16 11 38
16 12 9
16 14 58
16 15 50
17 0 10
17 1 43
17 2 56
17 5 45
17 6 6
17 8 48
17 10 26
17 11 25
17 14 42
17 15 8
17 16 23
18 3 58
18 5 60
18 6 36
18 7 54
18 8 52
18 10 20
18 11 32
18 17 9
19 1 11
19 3 20
19 5 26
19 6 35
19 8 3
19 11 6
19 14 47
19 15 24
19 16 45
19 17 46
20 0 1
20 1 21
20 3 59
20 5 24
20 6 12
20 8 10
20 12 40
20 13 55
20 15 18
20 16 30
20 17 13
21 0 26
21 1 3
21 2 7
21 4 30
21 5 42
21 6 5
21 12 46
21 14 11
21 15 28
21 17 3
21 19 49
22 1 23
22 2 24
22 5 48
22 7 54
22 9 6
22 10 1
22 12 54
22 13 16
22 16 21
22 19 46
22 20 45
23 1 50
23 2 33
23 3 27
23 4 52
23 6 16
23 7 26
23 8 46
23 9 41
23 10 32
23 11 8
23 12 21
23 13 30
23 17 19
23 18 31
23 20 55
24 1 15
24 3 53
24 4 36
24 5 53
24 8 25
24 10 31
24 14 49
24 15 11
24 18 29
24 20 16
24 23 3
25 0 26
25 2 40
25 3 47
25 9 58
25 10 53
25 11 43
25 13 35
25 14 26
25 15 33
25 19 17
25 20 26
26 3 54
26 5 22
26 8 19
26 14 45
26 16 23
26 17 4
26 18 47
26 23 12
26 25 6
27 0 25
27 3 29
27 6 25
27 8 54
27 9 12
27 11 8
27 12 50
27 15 4
27 17 8
27 18 48
27 19 12
27 20 28
27 22 25
27 23 33
27 26 29
28 2 60
28 4 16
28 6 8
28 9 30
28 11 37
28 12 44
28 13 47
28 14 29
28 15 16
28 17 33
28 18 13
28 20 40
28 21 60
28 22 23
28 25 30
28 26 20
28 27 3
29 3 55
29 4 50
29 14 51
29 15 60
29 19 38
29 23 37
29 25 37
29 26 44
29 28 24
