70
2 0 39
3 0 11
3 1 3
3 2 3
4 0 37
4 2 39
5 4 23
6 0 28
6 3 6
6 4 4
6 5 11
7 0 31
7 1 38
7 4 16
7 6 4
8 0 15
8 2 19
8 3 21
8 5 4
8 6 12
9 2 18
9 3 1
9 5 33
9 7 3
9 8 20
10 2 22
10 6 30
10 8 35
10 9 23
11 0 12
11 3 4
11 4 32
11 7 32
11 9 26
12 0 29
12 4 2
12 7 32
12 8 28
12 9 34
12 10 30
13 0 32
13 1 38
13 2 19
13 3 11
13 5 3
13 6 1
13 8 35
13 9 29
13 12 38
14 0 30
14 2 28
14 4 9
14 8 35
14 13 39
15 0 35
15 5 30
15 6 8
15 7 29
15 10 9
15 11 4
15 12 37
15 13 8
16 0 29
16 3 3
16 4 25
16 7 25
16 11 40
16 12 20
16 13 32
16 15 37
17 1 20
17 2 21
17 3 1
17 4 31
17 5 12
17 7 15
17 8 18
17 10 39
17 11 15
17 14 21
17 15 11
17 16 38
18 0 24
18 1 10
18 2 1
18 6 28
18 7 6
18 10 20
18 11 34
18 12 19
18 13 18
18 14 12
19 1 11
19 4 34
19 5 14
19 6 26
19 10 9
19 13 31
19 14 5
19 15 34
20 1 37
20 4 25
20 6 30
20 7 32
20 8 34
20 10 10
20 12 5
20 13 29
20 14 29
20 16 40
21 1 19
21 4 35
21 5 28
21 9 16
21 11 38
21 13 9
21 15 39
21 17 8
21 19 39
22 0 2
22 1 25
22 5 6
22 6 27
22 7 18
22 8 34
22 9 24
22 10 18
22 11 23
22 12 35
22 15 27
22 18 19
23 4 6
23 5 29
23 6 30
23 8 26
23 10 15
23 15 6
23 16 27
23 17 30
23 18 9
23 19 35
23 22 40
24 0 16
24 1 16
24 3 13
24 4 40
24 6 6
24 7 39
24 8 12
24 10 31
24 11 8
24 14 5
24 15 28
24 16 20
24 18 32
24 19 17
24 20 37
24 21 12
24 23 6
25 0 20
25 1 6
25 3 23
25 4 26
25 5 23
25 8 10
25 9 32
25 10 33
25 14 21
25 16 3
25 19 22
25 24 5
26 0 30
26 1 12
26 2 28
26 3 7
26 7 11
26 8 20
26 10 9
26 11 25
26 12 21
26 14 32
26 15 28
26 19 40
26 20 23
26 21 39
26 22 29
26 23 31
26 25 15
27 4 33
27 5 31
27 11 34
27 13 10
27 15 21
27 25 31
28 2 34
28 8 23
28 12 9
28 13 34
28 15 12
28 19 16
28 20 29
28 21 37
28 22 23
28 23 21
28 27 31
29 3 4
29 5 12
29 7 32
29 8 10
29 12 23
29 13 17
29 14 33
29 15 6
29 16 14
29 18 21
29 19 5
29 21 12
29 22 40
29 25 22
29 26 20
30 0 6
30 1 23
30 5 18
30 7 23
30 9 36
30 13 23
30 14 14
30 15 12
30 16 15
30 17 6
30 18 25
30 19 5
30 22 6
30 27 39
30 28 12
30 29 28
31 0 31
31 1 10
31 3 19
31 4 12
31 5 30
31 9 36
31 10 18
31 11 35
31 14 11
31 15 37
31 17 17
31 19 20
31 26 11
31 29 38
31 30 40
32 0 22
32 4 31
32 6 13
32 7 17
32 10 1
32 13 4
32 15 16
32 16 10
32 18 30
32 19 9
32 21 35
32 22 2
32 23 22
32 24 14
32 25 33
32 27 23
32 31 36
33 1 1
33 2 39
33 3 5
33 5 24
33 6 16
33 7 24
33 8 3
33 10 17
33 11 13
33 13 9
33 15 6
33 17 40
33 19 29
33 20 37
33 21 14
33 24 13
33 27 19
33 29 27
33 31 9
33 32 6
34 0 9
34 1 34
34 5 16
34 6 5
34 8 9
34 10 17
34 13 10
34 14 5
34 15 3
34 17 20
34 18 35
34 19 34
34 23 27
34 26 34
34 30 18
34 31 21
34 32 15
34 33 34
35 4 19
35 5 24
35 6 21
35 9 11
35 10 6
35 11 14
35 13 19
35 16 31
35 18 40
35 19 24
35 22 25
35 23 25
35 24 1
35 27 9
35 28 12
35 30 14
35 31 34
35 32 2
35 34 37
36 1 36
36 2 13
36 5 25
36 8 38
36 10 26
36 14 16
36 15 11
36 16 7
36 17 23
36 18 9
36 19 39
36 21 20
36 22 9
36 24 13
36 28 1
37 0 31
37 4 36
37 5 30
37 6 8
37 9 8
37 10 21
37 11 31
37 12 26
37 13 8
37 16 39
37 17 27
37 18 35
37 20 6
37 21 21
37 23 20
37 25 14
37 26 11
37 27 29
37 30 28
37 33 35
37 34 18
37 35 13
37 36 25
38 1 36
38 2 20
38 3 17
38 4 24
38 6 30
38 7 13
38 8 9
38 12 16
38 13 40
38 14 14
38 15 18
38 16 29
38 19 5
38 20 6
38 23 36
38 26 20
38 27 35
38 29 24
38 30 23
38 31 12
38 33 38
38 35 6
38 37 28
39 1 14
39 4 34
39 6 24
39 9 23
39 10 16
39 11 1
39 12 3
39 16 14
39 22 12
39 23 25
39 25 2
39 27 39
39 28 21
39 29 19
39 33 12
39 36 13
39 37 35
40 3 12
40 5 14
40 8 9
40 12 8
40 15 31
40 17 14
40 21 6
40 22 33
40 23 7
40 26 15
40 29 21
40 30 1
40 31 32
40 32 23
40 33 29
40 36 25
41 2 38
41 3 10
41 4 14
41 9 15
41 10 18
41 12 15
41 15 33
41 16 39
41 19 26
41 20 13
41 21 23
41 26 5
41 29 35
41 31 26
41 33 39
41 36 16
41 37 22
41 38 15
41 40 16
42 2 31
42 3 5
42 5 13
42 7 7
42 8 16
42 13 6
42 16 19
42 17 25
42 19 40
42 21 2
42 22 9
42 24 8
42 25 37
42 26 39
42 27 15
42 29 13
42 30 13
42 31 14
42 32 8
42 33 28
42 35 21
42 37 33
42 38 21
43 1 27
43 2 10
43 3 7
43 5 20
43 9 18
43 10 9
43 12 20
43 13 18
43 14 4
43 15 24
43 16 8
43 17 14
43 18 31
43 22 14
43 25 10
43 27 8
43 29 32
43 30 8
43 31 24
43 34 2
43 36 21
43 37 30
43 39 32
43 40 28
43 41 26
43 42 38
44 1 28
44 2 32
44 5 3
44 8 17
44 10 38
44 11 10
44 12 26
44 20 40
44 24 25
44 25 14
44 27 27
44 29 19
44 30 23
44 31 15
44 34 13
44 35 10
44 37 34
44 38 26
44 39 5
44 41 10
44 43 39
45 1 28
45 3 28
45 6 10
45 7 31
45 8 2
45 9 19
45 11 10
45 12 38
45 16 26
45 19 32
45 20 5
45 21 32
45 23 20
45 24 19
45 27 5
45 28 17
45 30 38
45 33 18
45 35 40
45 36 2
45 37 31
45 39 24
45 41 30
45 44 9
46 0 29
46 2 31
46 4 3
46 6 31
46 8 16
46 12 13
46 13 28
46 15 20
46 19 32
46 20 21
46 21 34
46 22 38
46 24 10
46 29 1
46 31 26
46 32 10
46 36 39
46 39 30
46 40 19
46 41 15
46 42 16
46 44 13
46 45 6
47 0 30
47 1 33
47 2 16
47 4 6
47 7 32
47 8 38
47 9 16
47 15 24
47 16 21
47 19 28
47 20 28
47 21 8
47 22 19
47 23 39
47 25 28
47 26 17
47 27 17
47 31 18
47 37 23
47 38 1
47 39 15
47 40 12
47 41 3
47 42 39
47 46 10
48 3 32
48 4 25
48 7 20
48 9 4
48 10 11
48 11 3
48 12 6
48 13 6
48 14 14
48 16 38
48 22 18
48 25 18
48 26 12
48 27 3
48 28 11
48 29 1
48 30 22
48 33 13
48 38 2
48 40 34
48 41 39
48 43 7
48 45 34
48 46 26
48 47 33
49 0 19
49 1 8
49 3 24
49 12 36
49 14 18
49 17 25
49 19 17
49 21 24
49 22 33
49 24 8
49 27 40
49 30 34
49 31 33
49 32 12
49 33 23
49 34 17
49 35 13
49 36 19
49 38 31
49 39 15
49 41 15
49 44 32
49 46 7
49 47 27
49 48 38
50 0 22
50 1 35
50 2 20
50 4 23
50 6 17
50 7 8
50 9 17
50 10 33
50 11 14
50 12 32
50 13 15
50 14 30
50 17 39
50 27 27
50 29 13
50 31 29
50 32 33
50 33 33
50 37 40
50 39 17
50 41 32
50 47 9
50 49 11
51 0 5
51 2 18
51 3 13
51 5 8
51 7 11
51 8 38
51 9 12
51 14 11
51 16 19
51 18 2
51 20 3
51 21 29
51 25 8
51 27 31
51 33 27
51 34 29
51 39 11
51 40 26
51 41 37
51 42 16
51 46 3
51 48 31
51 50 1
52 0 30
52 2 8
52 3 33
52 7 13
52 9 31
52 11 37
52 12 7
52 14 3
52 21 7
52 24 6
52 27 12
52 28 13
52 30 18
52 34 38
52 36 36
52 45 28
52 51 37
53 1 31
53 4 10
53 5 17
53 9 23
53 13 40
53 16 2
53 17 7
53 28 2
53 30 3
53 32 37
53 34 19
53 35 14
53 39 1
53 40 3
53 42 4
53 43 33
53 44 10
53 46 7
53 47 27
53 49 20
53 51 3
54 0 3
54 3 23
54 4 12
54 6 9
54 9 2
54 11 38
54 14 39
54 20 28
54 22 2
54 24 21
54 25 21
54 26 17
54 34 30
54 36 31
54 37 27
54 38 4
54 39 10
54 41 10
54 42 6
54 43 9
54 44 33
54 47 24
54 48 28
54 50 9
54 53 12
55 2 20
55 3 15
55 5 7
55 6 7
55 7 12
55 8 23
55 9 14
55 12 8
55 14 33
55 15 10
55 17 33
55 20 5
55 21 4
55 22 26
55 24 25
55 26 8
55 28 14
55 32 24
55 35 4
55 36 20
55 38 16
55 39 16
55 42 39
55 43 15
55 44 11
55 46 29
55 50 21
55 52 40
55 54 15
56 0 25
56 1 13
56 2 30
56 3 19
56 5 19
56 10 36
56 12 4
56 18 19
56 23 1
56 24 26
56 26 30
56 31 7
56 32 39
56 33 11
56 40 12
56 43 6
56 44 40
56 45 1
56 49 39
56 52 19
56 53 13
57 0 17
57 3 8
57 5 14
57 9 5
57 10 31
57 11 16
57 18 30
57 21 25
57 25 12
57 27 26
57 28 6
57 29 25
57 31 28
57 33 19
57 34 19
57 35 1
57 36 12
57 37 24
57 38 40
57 40 21
57 41 15
57 42 18
57 43 4
57 44 38
57 45 7
57 47 33
57 48 23
57 49 21
57 51 32
57 53 34
57 54 21
57 55 9
58 1 15
58 3 15
58 6 36
58 12 37
58 13 20
58 14 5
58 15 33
58 16 6
58 18 37
58 19 14
58 21 39
58 22 24
58 23 21
58 24 27
58 25 36
58 28 25
58 32 10
58 33 14
58 34 12
58 36 22
58 37 8
58 39 32
58 40 27
58 41 23
58 42 28
58 43 28
58 44 20
58 45 36
58 46 24
58 48 39
58 50 20
58 51 36
58 54 19
58 56 14
58 57 7
59 0 8
59 6 32
59 7 9
59 9 33
59 11 8
59 12 38
59 15 25
59 19 18
59 20 12
59 21 8
59 23 9
59 27 16
59 28 5
59 29 26
59 31 30
59 33 39
59 38 39
59 39 20
59 40 10
59 41 27
59 44 16
59 45 13
59 46 31
59 48 16
59 49 31
59 50 20
59 51 16
59 53 39
59 55 40
59 56 13
59 57 34
59 58 7
60 0 40
60 1 36
60 5 31
60 6 36
60 7 2
60 8 8
60 10 22
60 11 30
60 13 18
60 17 21
60 20 30
60 23 16
60 24 15
60 26 20
60 28 35
60 30 25
60 32 10
60 34 23
60 36 35
60 38 40
60 39 21
60 42 33
60 43 31
60 47 19
60 49 29
60 51 11
60 53 36
60 54 23
60 55 21
60 56 36
60 57 40
60 59 25
61 0 18
61 2 35
61 3 23
61 6 34
61 9 4
61 11 36
61 14 38
61 15 14
61 17 18
61 18 20
61 21 21
61 22 19
61 26 32
61 28 13
61 30 26
61 31 17
61 32 23
61 33 38
61 35 9
61 38 7
61 39 8
61 41 36
61 42 39
61 43 25
61 44 37
61 45 28
61 46 28
61 47 9
61 48 26
61 49 1
61 50 32
61 51 39
61 53 15
61 54 16
61 55 16
61 56 15
62 0 36
62 1 12
62 2 1
62 3 32
62 5 34
62 6 28
62 10 15
62 12 38
62 13 20
62 14 18
62 18 27
62 19 9
62 21 20
62 22 38
62 23 15
62 24 20
62 25 16
62 27 2
62 29 5
62 30 14
62 31 12
62 33 11
62 34 34
62 37 22
62 39 4
62 40 32
62 42 12
62 46 18
62 47 31
62 49 7
62 53 24
62 54 8
62 57 1
62 58 2
62 59 3
63 0 34
63 1 14
63 15 7
63 16 3
63 17 8
63 19 2
63 21 29
63 24 21
63 27 9
63 30 2
63 31 3
63 33 36
63 34 25
63 36 36
63 41 26
63 43 1
63 44 6
63 45 2
63 46 24
63 51 35
63 54 18
63 59 25
63 61 31
64 0 24
64 1 7
64 3 17
64 4 9
64 6 13
64 7 28
64 9 12
64 11 9
64 13 19
64 15 27
64 16 24
64 17 33
64 19 7
64 22 20
64 24 40
64 27 6
64 31 17
64 32 1
64 33 27
64 38 36
64 39 34
64 40 28
64 41 7
64 42 4
64 43 23
64 44 36
64 45 4
64 48 21
64 51 10
64 53 26
64 57 35
64 61 38
64 62 39
65 4 40
65 5 18
65 9 15
65 13 6
65 14 36
65 17 35
65 18 25
65 20 34
65 24 3
65 25 1
65 26 28
65 27 15
65 30 16
65 32 21
65 33 39
65 36 4
65 38 38
65 44 15
65 47 11
65 48 27
65 50 18
65 53 8
65 55 9
65 56 32
65 58 23
65 59 10
65 60 21
65 61 17
65 62 24
66 1 29
66 7 30
66 9 31
66 11 38
66 14 31
66 15 21
66 16 8
66 18 18
66 20 4
66 24 36
66 26 15
66 28 13
66 29 37
66 32 7
66 33 27
66 36 25
66 37 26
66 38 14
66 39 29
66 40 20
66 41 19
66 42 23
66 43 14
66 44 35
66 48 24
66 49 18
66 56 27
66 57 37
66 58 31
66 59 16
66 61 15
66 64 4
67 4 13
67 6 23
67 9 22
67 10 13
67 13 16
67 15 29
67 16 32
67 20 39
67 21 8
67 22 27
67 24 23
67 25 15
67 28 23
67 33 29
67 36 22
67 37 14
67 38 5
67 45 28
67 46 16
67 47 6
67 49 4
67 51 26
67 54 4
67 57 6
67 58 20
67 59 18
67 60 9
67 63 10
67 65 31
67 66 10
68 7 32
68 9 28
68 10 27
68 11 5
68 19 24
68 20 5
68 21 17
68 22 35
68 26 40
68 32 11
68 34 30
68 37 28
68 40 10
68 41 19
68 42 3
68 45 31
68 49 5
68 51 40
68 54 27
68 55 30
68 58 14
68 60 13
68 63 13
68 64 19
68 66 32
68 67 14
69 0 37
69 4 32
69 9 26
69 10 34
69 12 7
69 15 18
69 16 13
69 17 22
69 18 33
69 19 12
69 20 30
69 22 2
69 23 17
69 24 35
69 25 14
69 28 7
69 30 15
69 31 16
69 33 23
69 34 36
69 35 16
69 41 35
69 42 6
69 43 5
69 44 2
69 45 27
69 46 27
69 49 39
69 50 29
69 55 24
69 57 24
69 58 3
69 59 35
69 64 28
