60
2 1 8
4 0 14
4 1 17
4 2 14
5 3 18
6 0 12
6 2 11
6 4 14
6 5 13
7 1 4
7 2 15
7 3 6
8 0 14
8 1 4
8 4 17
9 1 3
9 2 19
9 3 11
9 6 19
10 0 6
10 7 17
10 8 18
11 2 8
11 8 20
11 9 14
11 10 12
12 0 19
12 5 14
12 7 18
12 10 4
12 11 20
13 0 18
13 3 12
13 7 13
13 10 16
14 0 20
14 1 4
14 2 14
14 3 12
14 4 15
14 5 6
14 10 13
14 12 19
14 13 19
15 0 10
15 5 20
15 6 19
15 8 1
15 10 10
15 11 6
16 1 20
16 2 9
16 4 8
16 5 17
16 6 13
16 7 1
16 11 4
16 14 11
17 0 7
17 2 13
17 4 19
17 7 12
17 8 17
17 9 10
17 10 13
17 11 7
17 12 7
17 13 3
17 14 4
17 16 20
18 2 12
18 4 1
18 7 5
18 12 16
18 13 16
18 14 18
18 15 16
18 17 17
19 0 1
19 1 11
19 2 18
19 3 4
19 5 11
19 6 1
19 8 9
19 9 3
19 15 19
19 18 4
20 0 16
20 1 20
20 2 4
20 3 1
20 4 3
20 7 12
20 8 9
20 9 11
20 14 2
20 15 19
20 18 14
21 1 20
21 9 5
21 13 15
21 14 5
21 16 18
21 18 2
21 20 1
22 2 12
22 3 15
22 6 10
22 9 16
22 11 18
22 12 6
22 18 6
22 19 13
23 0 4
23 2 6
23 3 1
23 5 16
23 7 16
23 10 6
23 11 1
23 14 11
23 17 2
23 18 17
23 20 7
23 21 6
23 22 1
24 2 5
24 3 19
24 11 12
24 12 3
24 14 1
24 16 1
24 17 11
24 18 12
24 19 6
24 21 3
25 1 9
25 2 5
25 4 3
25 6 2
25 7 9
25 8 4
25 9 8
25 12 7
25 14 13
25 16 18
25 22 7
25 23 5
26 0 19
26 1 19
26 2 4
26 7 12
26 8 17
26 12 2
26 13 19
26 14 20
26 16 7
26 17 8
26 22 19
26 23 2
26 24 18
26 25 1
27 1 6
27 2 12
27 3 6
27 4 2
27 6 19
27 7 10
27 9 19
27 10 11
27 11 2
27 12 7
27 13 13
27 14 14
27 19 2
27 20 17
27 21 13
27 24 9
27 26 5
28 0 13
28 1 2
28 3 8
28 4 3
28 5 15
28 6 6
28 7 4
28 10 1
28 12 9
28 14 8
28 15 19
28 16 19
28 17 7
28 18 20
28 20 6
28 21 9
28 22 11
28 23 1
28 24 18
29 0 3
29 1 3
29 2 2
29 5 15
29 6 5
29 7 6
29 8 7
29 10 16
29 13 8
29 14 12
29 16 16
29 17 20
29 18 8
29 24 4
29 25 12
29 26 20
29 27 1
29 28 8
30 1 9
30 4 16
30 6 17
30 8 14
30 12 5
30 13 14
30 14 2
30 17 12
30 18 20
30 20 15
30 26 18
31 0 14
31 2 2
31 4 5
31 6 3
31 7 12
31 9 6
31 10 10
31 11 12
31 12 14
31 16 16
31 18 14
31 20 6
31 21 12
31 22 10
31 24 7
31 29 18
31 30 15
32 0 12
32 2 15
32 6 5
32 7 13
32 8 18
32 9 1
32 15 17
32 16 3
32 18 6
32 26 6
32 27 11
32 30 7
33 3 14
33 5 20
33 6 17
33 7 8
33 9 16
33 10 7
33 12 5
33 13 17
33 15 13
33 16 12
33 22 8
33 24 7
33 26 1
33 29 4
33 30 9
33 31 6
34 4 19
34 7 4
34 10 13
34 16 10
34 21 17
34 22 2
34 26 9
34 29 10
35 1 9
35 5 2
35 6 1
35 7 7
35 8 19
35 10 12
35 13 19
35 15 6
35 16 20
35 18 17
35 21 17
35 22 14
35 23 13
35 24 15
35 25 9
35 27 9
35 29 19
35 31 11
35 32 15
35 33 12
36 0 6
36 2 6
36 4 10
36 5 12
36 6 1
36 7 14
36 9 7
36 10 3
36 11 10
36 12 8
36 14 11
36 16 10
36 18 9
36 19 8
36 20 1
36 22 13
36 24 19
36 27 5
36 33 9
37 4 6
37 7 4
37 9 5
37 11 11
37 17 11
37 20 12
37 23 20
37 24 8
37 25 3
37 28 17
37 30 20
37 33 10
37 34 4
38 1 2
38 2 20
38 3 7
38 5 12
38 7 12
38 8 2
38 9 20
38 12 14
38 14 5
38 16 5
38 17 14
38 18 17
38 20 19
38 21 15
38 22 9
38 24 9
38 25 5
38 26 14
38 27 1
38 29 17
38 31 1
38 32 15
38 33 8
38 34 2
38 37 14
39 2 9
39 5 4
39 6 19
39 10 16
39 14 14
39 15 20
39 16 1
39 18 1
39 19 14
39 20 9
39 21 18
39 25 9
39 30 1
39 31 20
39 33 2
39 36 19
40 1 16
40 3 16
40 4 15
40 5 14
40 7 1
40 10 16
40 13 5
40 15 18
40 17 7
40 18 4
40 19 19
40 20 12
40 21 7
40 22 6
40 25 4
40 26 5
40 27 8
40 30 18
40 37 18
40 38 12
41 9 12
41 11 14
41 14 12
41 17 13
41 19 13
41 21 1
41 23 4
41 24 7
41 27 12
41 28 14
41 29 4
41 33 4
41 34 8
41 37 19
41 39 5
42 2 9
42 5 11
42 6 5
42 8 11
42 9 19
42 12 15
42 16 11
42 18 2
42 20 6
42 24 7
42 27 18
42 28 12
42 29 4
42 31 19
42 36 12
42 38 10
43 0 19
43 1 10
43 4 5
43 9 1
43 10 15
43 11 16
43 12 3
43 13 15
43 14 10
43 15 15
43 17 16
43 18 20
43 22 6
43 23 11
43 24 14
43 25 18
43 26 13
43 27 1
43 30 3
43 31 9
43 32 5
43 33 4
43 35 4
43 36 18
43 37 15
43 39 1
43 42 15
44 2 5
44 4 8
44 5 9
44 6 13
44 8 11
44 10 5
44 11 14
44 14 8
44 15 3
44 16 18
44 20 4
44 21 11
44 22 19
44 23 13
44 24 17
44 28 3
44 29 4
44 31 15
44 32 16
44 35 1
44 36 8
44 37 11
44 40 10
44 41 6
45 2 12
45 3 19
45 4 5
45 7 4
45 9 7
45 13 13
45 15 4
45 16 17
45 20 18
45 21 14
45 24 16
45 26 18
45 27 9
45 29 3
45 31 5
45 34 7
45 35 6
45 37 20
45 39 20
45 40 11
45 41 14
45 42 4
45 43 11
45 44 5
46 2 11
46 3 20
46 4 20
46 5 2
46 6 19
46 8 1
46 11 10
46 12 4
46 15 3
46 16 10
46 20 16
46 21 3
46 24 9
46 25 20
46 26 18
46 27 8
46 29 20
46 30 18
46 31 7
46 33 18
46 35 6
46 36 6
46 39 11
46 40 9
46 42 19
46 44 18
46 45 5
47 2 19
47 3 5
47 4 8
47 6 5
47 7 20
47 16 6
47 20 13
47 22 3
47 24 20
47 25 19
47 26 18
47 32 20
47 33 8
47 34 2
47 36 4
47 38 5
47 41 2
47 42 14
47 43 19
47 44 17
47 45 3
47 46 10
48 1 16
48 2 17
48 3 15
48 4 20
48 7 16
48 8 4
48 14 19
48 15 2
48 16 3
48 18 7
48 21 10
48 24 9
48 25 15
48 27 6
48 28 13
48 29 14
48 30 2
48 31 6
48 32 6
48 35 15
48 39 15
48 43 20
48 44 9
48 45 7
48 46 7
48 47 20
49 0 6
49 1 17
49 2 15
49 5 14
49 7 13
49 10 1
49 11 8
49 12 5
49 13 6
49 14 11
49 17 2
49 18 16
49 19 12
49 20 6
49 21 11
49 22 14
49 23 4
49 25 5
49 26 8
49 27 9
49 28 18
49 29 8
49 30 20
49 36 6
49 37 13
49 39 3
49 40 16
49 44 5
49 45 1
49 47 5
49 48 15
50 1 18
50 3 1
50 4 17
50 8 18
50 9 6
50 13 4
50 14 12
50 18 9
50 19 17
50 22 19
50 26 8
50 27 7
50 29 12
50 31 15
50 32 4
50 33 12
50 36 15
50 39 11
50 40 1
50 41 9
50 45 20
50 49 4
51 1 5
51 4 6
51 5 11
51 10 5
51 12 13
51 16 7
51 17 6
51 18 15
51 19 1
51 20 17
51 23 2
51 25 8
51 26 3
51 27 5
51 28 1
51 29 10
51 30 19
51 31 14
51 32 14
51 37 20
51 40 7
51 41 7
51 43 9
51 45 8
51 48 20
52 0 18
52 2 11
52 4 8
52 7 15
52 8 2
52 9 6
52 10 13
52 13 1
52 14 16
52 15 15
52 16 18
52 19 16
52 21 17
52 22 11
52 24 20
52 31 15
52 32 13
52 34 3
52 35 10
52 36 4
52 37 5
52 39 2
52 42 3
52 44 11
52 46 19
52 47 1
52 48 5
52 49 18
52 50 2
52 51 4
53 0 19
53 2 20
53 5 5
53 7 8
53 8 19
53 9 19
53 15 7
53 16 15
53 20 3
53 21 9
53 24 12
53 25 9
53 27 14
53 29 2
53 30 11
53 31 18
53 32 12
53 33 6
53 36 5
53 38 13
53 41 19
53 42 8
53 44 2
53 45 2
53 47 15
53 48 5
53 49 11
53 50 9
54 0 16
54 1 12
54 2 5
54 3 2
54 5 18
54 6 9
54 9 3
54 10 10
54 14 5
54 15 3
54 16 14
54 23 18
54 24 1
54 25 11
54 26 7
54 28 12
54 29 17
54 30 11
54 31 9
54 32 2
54 33 9
54 34 7
54 36 4
54 37 13
54 38 20
54 40 3
54 42 14
54 43 12
54 46 15
54 51 3
54 52 1
55 2 15
55 3 16
55 4 13
55 5 20
55 7 10
55 9 2
55 11 19
55 13 1
55 14 10
55 15 2
55 19 8
55 20 2
55 21 15
55 27 13
55 30 8
55 32 20
55 33 7
55 34 15
55 35 5
55 36 4
55 37 1
55 38 5
55 40 15
55 41 16
55 43 18
55 45 20
55 46 6
55 47 9
55 48 18
55 49 20
55 51 9
55 53 14
55 54 2
56 5 16
56 6 6
56 7 6
56 8 13
56 9 7
56 10 10
56 12 15
56 13 5
56 14 3
56 15 6
56 17 19
56 18 2
56 19 4
56 20 8
56 22 16
56 23 1
56 27 12
56 28 5
56 31 15
56 32 19
56 33 19
56 34 10
56 36 14
56 37 5
56 38 13
56 42 14
56 44 12
56 46 15
56 48 4
56 50 4
56 51 17
56 52 20
56 53 2
57 0 11
57 1 9
57 3 10
57 4 19
57 7 17
57 10 13
57 11 3
57 12 17
57 13 10
57 14 15
57 15 18
57 16 4
57 17 12
57 19 10
57 21 6
57 24 7
57 25 14
57 26 20
57 27 4
57 28 13
57 29 11
57 31 20
57 32 11
57 33 11
57 34 4
57 37 12
57 38 12
57 40 10
57 41 10
57 44 2
57 45 2
57 48 9
57 49 9
57 51 2
57 53 4
57 54 4
57 56 4
58 1 11
58 3 5
58 4 3
58 11 8
58 12 11
58 14 15
58 15 13
58 16 4
58 17 6
58 18 20
58 20 20
58 24 4
58 25 5
58 26 6
58 28 12
58 31 4
58 34 5
58 35 11
58 37 3
58 38 15
58 39 13
58 41 9
58 42 8
58 44 9
58 46 3
58 49 4
58 50 6
58 51 18
58 52 5
58 53 4
58 54 20
58 55 17
59 1 3
59 3 12
59 5 14
59 7 9
59 8 13
59 9 4
59 10 4
59 11 15
59 12 15
59 13 7
59 14 2
59 15 11
59 19 2
59 20 1
59 22 9
59 23 3
59 24 13
59 28 10
59 30 16
59 32 16
59 36 11
59 37 17
59 38 17
59 39 20
59 43 3
59 44 19
59 45 5
59 49 10
59 51 19
59 52 20
59 53 13
59 56 18
59 57 13
