50
1 0 15
3 0 25
3 1 26
3 2 8
4 0 6
5 0 4
5 4 2
6 0 38
6 1 24
7 2 34
7 4 19
8 1 32
8 5 23
8 7 32
9 0 32
9 3 11
9 4 3
9 5 18
9 7 18
9 8 10
10 3 27
10 5 8
10 7 9
11 0 2
11 1 7
11 2 22
11 3 35
11 5 7
11 8 6
12 2 27
12 4 5
12 6 10
12 7 30
12 8 33
12 11 4
13 1 24
13 2 36
13 5 38
13 7 27
13 9 8
14 0 40
14 3 17
14 4 15
14 10 36
15 0 6
15 2 36
15 3 5
15 4 40
15 6 34
15 7 35
15 10 30
15 11 34
15 13 26
15 14 26
16 3 12
16 4 1
16 7 14
16 11 38
16 12 12
17 0 31
17 2 36
17 3 8
17 5 13
17 8 7
17 9 24
17 10 25
17 12 23
17 13 24
17 16 1
18 1 35
18 3 33
18 7 37
18 8 28
18 9 25
18 11 3
18 16 22
18 17 15
19 2 33
19 6 39
19 7 28
19 9 10
19 12 24
19 14 2
19 16 7
19 18 35
20 1 29
20 4 5
20 5 7
20 6 33
20 8 38
20 9 21
20 10 19
20 11 12
20 13 13
20 14 24
20 18 31
20 19 40
21 0 26
21 1 17
21 2 6
21 3 12
21 4 5
21 6 1
21 7 10
21 8 34
21 9 20
21 10 19
21 11 22
21 12 36
21 14 30
21 15 24
21 16 3
21 19 20
22 1 35
22 5 8
22 7 7
22 9 2
22 10 19
22 11 8
22 12 20
22 14 28
22 18 15
22 19 12
22 21 29
23 1 34
23 3 37
23 6 30
23 8 25
23 9 8
23 10 36
23 11 9
23 12 28
23 14 21
23 15 5
23 16 30
23 18 13
23 20 39
23 21 25
24 1 36
24 2 4
24 4 29
24 7 40
24 10 13
24 12 34
24 18 4
24 20 19
24 21 32
24 22 32
25 2 5
25 4 24
25 5 10
25 7 23
25 8 26
25 10 4
25 12 20
25 13 32
25 14 35
25 15 25
25 21 21
25 22 31
25 23 34
25 24 26
26 0 7
26 3 35
26 5 25
26 6 28
26 9 32
26 10 36
26 11 14
26 14 10
26 16 29
26 19 34
26 21 39
26 22 16
26 25 8
27 1 23
27 2 25
27 6 20
27 9 21
27 15 39
27 19 37
27 20 6
27 22 36
27 25 24
28 6 12
28 8 9
28 13 40
28 14 7
28 15 2
28 19 5
28 21 15
28 24 38
28 26 2
28 27 36
29 1 24
29 2 23
29 3 5
29 4 11
29 8 36
29 11 8
29 12 9
29 13 38
29 14 37
29 15 35
29 17 39
29 18 34
29 19 40
29 20 9
29 24 40
29 27 22
29 28 36
30 0 12
30 5 21
30 6 34
30 11 26
30 12 26
30 13 25
30 14 12
30 16 15
30 20 12
30 22 28
30 24 33
30 29 35
31 3 3
31 7 26
31 10 8
31 11 10
31 12 25
31 13 24
31 17 18
31 22 23
31 23 34
31 25 31
31 26 16
31 28 21
31 30 5
32 1 5
32 3 5
32 4 30
32 5 28
32 13 14
32 14 34
32 15 6
32 16 30
32 18 11
32 20 29
32 21 35
32 23 26
32 24 37
32 26 31
32 28 17
32 31 27
33 1 22
33 7 9
33 10 2
33 11 36
33 12 4
33 16 26
33 22 28
33 25 17
33 26 7
33 28 20
33 29 1
34 0 31
34 1 1
34 2 11
34 3 21
34 5 31
34 8 40
34 11 34
34 12 18
34 14 26
34 16 26
34 20 3
34 21 2
34 24 31
34 31 10
34 32 14
35 0 18
35 2 16
35 3 22
35 11 29
35 12 37
35 13 1
35 15 19
35 19 13
35 20 23
35 22 19
35 24 2
35 25 30
35 27 10
35 28 33
35 29 34
35 30 32
35 31 36
35 32 13
35 33 18
35 34 11
36 0 27
36 2 27
36 3 17
36 6 15
36 7 22
36 10 29
36 11 22
36 14 13
36 17 4
36 18 14
36 19 28
36 20 17
36 21 32
36 22 30
36 23 21
36 25 34
36 26 17
36 27 36
36 28 39
36 30 28
36 33 16
36 34 25
37 1 6
37 3 36
37 6 17
37 7 4
37 10 35
37 12 13
37 13 7
37 16 22
37 17 5
37 19 26
37 20 29
37 21 14
37 23 30
37 25 39
37 28 18
37 29 11
37 31 39
37 32 17
37 36 23
38 0 40
38 1 39
38 3 14
38 4 3
38 5 20
38 7 7
38 9 3
38 10 26
38 13 23
38 14 33
38 20 11
38 22 4
38 25 16
38 32 3
38 34 23
38 35 11
38 36 20
38 37 24
39 2 31
39 3 5
39 5 33
39 8 34
39 9 22
39 10 34
39 12 15
39 13 7
39 14 6
39 21 37
39 24 14
39 27 20
39 31 5
39 32 1
39 33 23
39 36 33
40 0 9
40 2 31
40 6 34
40 7 32
40 10 33
40 11 11
40 13 35
40 14 1
40 16 9
40 19 2
40 20 37
40 22 2
40 26 35
40 27 30
40 28 17
40 31 33
40 34 12
40 35 22
40 36 21
40 37 33
40 39 11
41 0 19
41 1 36
41 2 26
41 3 18
41 5 8
41 7 35
41 8 36
41 9 12
41 11 18
41 12 22
41 13 39
41 14 13
41 15 15
41 18 33
41 22 15
41 23 13
41 28 15
41 31 39
41 33 34
41 40 14
42 0 26
42 2 3
42 3 3
42 4 6
42 5 36
42 8 40
42 9 34
42 11 28
42 13 26
42 16 28
42 17 8
42 18 21
42 29 16
42 30 31
42 32 26
42 34 16
42 35 6
42 39 9
42 41 18
43 0 35
43 2 25
43 3 34
43 5 37
43 8 17
43 9 32
43 13 12
43 18 34
43 22 33
43 23 32
43 24 17
43 26 31
43 29 2
43 31 39
43 32 22
43 37 24
43 39 8
43 40 29
43 41 2
44 1 25
44 2 18
44 3 8
44 4 22
44 5 19
44 7 1
44 8 30
44 9 32
44 13 35
44 15 4
44 17 36
44 19 22
44 20 4
44 23 3
44 25 13
44 27 32
44 30 36
44 31 8
44 33 32
44 34 32
44 36 21
44 37 26
44 39 30
44 41 22
44 42 25
44 43 1
45 0 24
45 1 18
45 2 25
45 4 32
45 6 10
45 8 35
45 9 9
45 10 4
45 11 21
45 12 3
45 13 36
45 14 2
45 15 33
45 17 1
45 19 19
45 20 5
45 21 15
45 22 37
45 23 22
45 24 14
45 25 14
45 27 31
45 29 12
45 32 14
45 34 7
45 35 9
45 37 27
45 38 4
45 41 18
45 43 22
46 3 37
46 4 11
46 5 12
46 6 18
46 8 33
46 9 21
46 11 7
46 14 1
46 19 34
46 21 3
46 24 8
46 26 7
46 27 18
46 33 32
46 34 23
46 36 40
46 38 8
46 43 20
46 44 1
47 0 1
47 3 25
47 5 16
47 8 18
47 9 17
47 12 11
47 16 23
47 18 5
47 19 25
47 21 25
47 23 11
47 25 9
47 26 5
47 27 4
47 28 40
47 31 1
47 33 25
47 34 40
47 37 2
47 41 28
47 43 8
47 44 6
48 0 17
48 2 35
48 4 30
48 6 7
48 7 31
48 8 7
48 9 39
48 10 29
48 13 13
48 15 24
48 18 22
48 20 31
48 24 8
48 27 20
48 32 17
48 36 25
48 37 40
48 38 13
48 39 38
48 42 40
48 43 39
48 46 6
48 47 16
49 2 28
49 4 34
49 5 1
49 7 37
49 8 4
49 10 6
49 13 7
49 16 31
49 17 16
49 20 33
49 21 5
49 23 33
49 24 24
49 27 27
49 29 5
49 30 8
49 35 9
49 36 24
49 38 33
49 39 34
49 41 28
49 42 33
49 43 38
49 44 16
49 46 13
49 48 1
