40
3 0 59
3 1 11
4 0 33
4 1 46
5 0 32
5 1 34
5 2 55
5 3 16
6 0 13
6 1 96
6 2 40
6 3 24
6 4 49
6 5 12
7 3 90
7 5 1
8 4 17
8 5 73
9 2 77
9 3 11
9 4 30
9 6 52
10 0 14
10 3 38
10 7 75
10 9 87
11 1 71
11 2 67
11 7 41
11 10 71
12 1 53
12 3 21
12 7 56
12 10 44
12 11 79
13 5 34
13 7 61
13 8 89
13 10 6
13 11 39
13 12 25
14 2 22
14 3 4
14 4 58
14 6 66
14 7 40
14 10 51
14 11 53
14 12 38
14 13 72
15 0 32
15 1 50
15 5 48
15 6 24
15 7 61
15 9 31
15 10 89
15 11 16
15 12 94
16 1 72
16 2 73
16 4 46
16 5 64
16 9 26
16 10 88
16 13 90
16 15 39
17 1 86
17 2 77
17 3 54
17 4 24
17 5 92
17 11 72
17 12 87
17 13 29
17 16 83
18 0 82
18 1 95
18 3 81
18 4 20
18 5 96
18 8 24
18 9 1
18 12 77
18 14 56
18 17 76
19 6 44
19 8 41
19 11 93
19 14 57
19 15 48
19 18 18
20 0 4
20 1 100
20 2 98
20 3 54
20 4 50
20 5 79
20 6 29
20 9 71
20 11 76
20 13 25
20 14 61
20 17 14
20 19 83
21 0 58
21 2 10
21 3 56
21 4 46
21 7 100
21 10 63
21 15 74
21 17 63
21 18 65
21 20 49
22 4 61
22 5 82
22 7 35
22 19 61
22 20 62
22 21 44
23 3 13
23 9 96
23 10 67
23 11 83
23 12 83
23 14 37
23 16 67
23 19 97
23 20 61
23 22 70
24 0 88
24 1 61
24 5 14
24 6 47
24 8 63
24 9 66
24 11 86
24 12 68
24 13 9
24 14 56
24 15 33
24 18 42
24 19 52
25 1 9
25 2 65
25 3 51
25 8 76
25 9 49
25 11 57
25 13 27
25 15 58
25 22 34
25 23 25
25 24 31
26 0 68
26 1 83
26 3 57
26 4 99
26 5 29
26 6 41
26 8 60
26 13 14
26 14 26
26 15 45
26 16 87
26 18 91
26 19 15
26 21 40
26 22 57
26 24 65
26 25 79
27 0 63
27 1 3
27 2 86
27 3 33
27 4 93
27 5 18
27 6 35
27 7 25
27 9 57
27 10 60
27 12 93
27 13 40
27 14 89
27 15 24
27 18 20
27 20 71
27 21 8
27 22 87
27 23 66
27 25 34
27 26 17
28 2 4
28 4 84
28 6 85
28 8 27
28 10 31
28 12 40
28 14 3
28 15 95
28 16 78
28 17 28
28 20 42
28 22 80
28 24 93
28 26 26
28 27 19
29 1 91
29 6 83
29 7 27
29 8 55
29 9 59
29 10 72
29 11 47
29 15 72
29 16 66
29 23 90
29 24 87
29 26 73
29 27 58
29 28 77
30 0 80
30 4 60
30 5 41
30 8 61
30 9 87
30 10 30
30 11 23
30 14 17
30 23 89
30 24 37
30 27 96
31 0 23
31 1 35
31 2 66
31 3 64
31 7 59
31 11 69
31 13 88
31 14 5
31 16 75
31 18 31
31 19 87
31 20 99
31 30 25
32 2 10
32 4 45
32 6 27
32 9 29
32 13 39
32 14 89
32 15 70
32 16 22
32 17 87
32 21 47
32 23 30
32 24 59
32 25 93
32 26 51
32 27 93
32 29 31
32 30 24
32 31 46
33 2 100
33 7 2
33 8 41
33 12 76
33 14 94
33 16 12
33 20 9
33 21 53
33 23 54
33 25 19
33 26 23
33 27 81
33 28 64
33 31 86
34 1 28
34 5 38
34 9 77
34 14 15
34 16 35
34 17 6
34 19 90
34 20 3
34 21 4
34 25 4
34 27 63
34 28 80
34 31 62
34 33 35
35 3 3
35 4 66
35 5 32
35 6 27
35 7 60
35 9 88
35 10 71
35 11 62
35 16 11
35 17 91
35 18 93
35 19 3
35 20 19
35 21 16
35 23 81
35 25 5
35 26 73
35 27 56
35 28 2
35 29 3
35 30 29
35 31 49
35 33 36
35 34 64
36 0 44
36 1 24
36 2 84
36 4 38
36 8 36
36 10 36
36 13 26
36 14 31
36 16 40
36 17 93
36 19 43
36 20 87
36 22 33
36 23 76
36 24 81
36 27 100
36 29 52
36 31 68
36 32 30
36 34 72
36 35 16
37 1 19
37 3 90
37 4 63
37 7 35
37 8 84
37 10 48
37 11 43
37 12 44
37 15 44
37 19 61
37 21 82
37 28 65
37 31 3
37 32 69
37 33 88
37 34 92
37 35 11
38 4 77
38 6 18
38 8 27
38 9 99
38 10 1
38 12 15
38 13 88
38 15 17
38 17 48
38 18 25
38 19 6
38 20 30
38 22 8
38 24 29
38 25 11
38 26 26
38 27 6
38 29 69
38 30 99
38 31 38
38 32 62
38 37 75
39 0 34
39 3 81
39 5 8
39 7 6
39 8 5
39 10 17
39 11 42
39 13 57
39 15 79
39 20 2
39 21 46
39 22 61
39 27 34
39 30 53
39 31 8
39 32 4
39 34 44
39 35 36
39 36 48
39 38 32
