40
1 0 14
2 1 12
3 2 20
4 1 18
4 2 19
5 0 14
5 1 19
5 2 10
5 4 4
6 3 12
6 4 6
6 5 8
7 1 20
7 2 17
7 4 18
7 5 6
7 6 12
8 4 6
8 6 9
8 7 18
9 0 4
9 6 10
10 0 12
10 2 14
10 5 6
10 8 16
11 7 10
11 9 13
11 10 1
12 0 10
12 2 7
12 4 1
12 6 19
12 7 1
12 8 7
12 9 9
12 10 15
13 1 13
13 3 3
13 4 3
13 6 8
13 7 17
13 8 14
13 10 18
13 11 5
13 12 9
14 0 15
14 2 1
14 4 18
14 5 14
14 6 6
14 7 18
14 8 16
14 11 20
14 12 16
14 13 7
15 1 1
15 7 9
15 8 14
15 9 14
15 12 14
15 13 9
15 14 13
16 1 12
16 5 3
16 7 10
16 8 12
16 10 6
16 11 16
16 14 16
17 1 7
17 6 2
17 8 16
17 9 14
17 10 11
17 11 1
17 14 20
17 15 17
18 6 2
18 8 8
18 10 18
19 2 5
19 4 20
19 6 3
19 7 5
19 8 5
19 9 17
19 10 20
19 11 8
19 13 12
19 14 7
19 15 8
19 17 7
20 1 14
20 2 11
20 4 1
20 5 15
20 6 8
20 8 5
20 10 15
20 16 11
20 18 20
21 2 18
21 3 8
21 4 6
21 7 18
21 8 11
21 9 1
21 12 4
21 18 8
21 19 16
21 20 10
22 0 18
22 3 16
22 5 4
22 6 18
22 7 18
22 12 5
22 16 5
22 20 4
22 21 8
23 1 16
23 2 4
23 4 3
23 5 2
23 6 1
23 7 15
23 8 17
23 13 6
23 14 9
23 15 1
23 17 8
23 18 16
23 20 7
23 21 12
23 22 19
24 0 13
24 1 11
24 2 6
24 7 19
24 8 16
24 9 17
24 11 15
24 12 18
24 15 12
24 16 20
24 23 3
25 0 2
25 3 14
25 4 11
25 5 5
25 8 16
25 12 7
25 13 2
25 18 14
25 20 20
25 22 5
26 1 16
26 2 6
26 5 12
26 6 5
26 12 13
26 16 2
26 17 20
26 19 12
26 22 7
26 23 6
26 24 6
27 0 6
27 1 10
27 2 20
27 3 16
27 5 20
27 6 4
27 8 9
27 10 7
27 11 14
27 15 2
27 16 19
27 17 4
27 18 3
27 19 18
27 20 1
27 22 15
27 23 12
27 25 3
27 26 11
28 3 10
28 4 2
28 5 11
28 7 2
28 9 9
28 10 4
28 11 4
28 18 10
28 19 4
28 22 15
28 24 15
28 26 11
28 27 8
29 1 19
29 4 12
29 5 14
29 6 1
29 7 16
29 8 5
29 15 15
29 20 10
29 21 9
29 22 11
29 24 4
29 27 1
29 28 6
30 2 18
30 3 20
30 4 14
30 5 1
30 6 2
30 7 4
30 8 8
30 9 15
30 11 17
30 12 5
30 14 2
30 15 20
30 16 15
30 20 20
30 22 9
30 24 14
30 26 13
30 27 1
30 29 2
31 0 20
31 1 4
31 5 1
31 6 7
31 8 12
31 9 18
31 10 19
31 12 2
31 15 3
31 20 14
31 21 5
31 22 9
31 23 13
31 26 5
31 29 6
31 30 16
32 0 11
32 2 12
32 4 9
32 5 20
32 8 3
32 10 16
32 14 12
32 15 11
32 16 13
32 17 1
32 24 10
32 26 16
32 31 12
33 0 12
33 2 3
33 3 6
33 4 20
33 5 19
33 7 8
33 11 13
33 12 3
33 13 3
33 14 3
33 15 7
33 17 10
33 18 18
33 19 10
33 20 20
33 21 11
33 22 13
33 23 17
33 25 20
33 27 8
33 29 3
34 0 5
34 6 3
34 8 7
34 10 12
34 18 18
34 20 11
34 22 15
34 25 19
34 27 15
34 30 3
34 31 3
35 1 12
35 3 5
35 4 5
35 5 1
35 6 10
35 7 12
35 10 11
35 12 2
35 13 14
35 15 12
35 17 20
35 18 17
35 19 9
35 22 9
35 23 17
35 24 19
35 27 1
35 29 4
35 30 4
35 32 3
35 33 8
36 0 1
36 2 7
36 6 16
36 9 3
36 12 9
36 15 17
36 17 13
36 20 2
36 22 1
36 24 17
36 26 9
36 27 10
36 29 1
36 31 20
36 32 9
36 33 14
37 0 18
37 3 6
37 4 1
37 6 8
37 7 3
37 9 3
37 10 17
37 14 8
37 17 3
37 18 20
37 19 9
37 21 3
37 26 4
37 27 13
37 30 4
37 31 20
37 32 17
37 36 3
38 2 5
38 5 17
38 7 5
38 9 11
38 10 12
38 21 16
38 24 6
38 25 11
38 26 5
38 30 6
38 32 19
38 36 10
38 37 19
39 0 8
39 2 8
39 4 9
39 7 19
39 8 8
39 10 5
39 12 20
39 13 4
39 14 11
39 17 19
39 19 9
39 20 4
39 21 1
39 25 13
39 26 2
39 27 19
39 28 18
39 30 14
39 31 7
39 32 11
39 33 4
39 35 20
39 36 13
39 38 14
