60
1 0 36
2 1 18
3 0 39
3 1 29
3 2 58
4 0 50
4 3 45
5 0 37
5 2 17
5 4 56
6 3 48
7 1 23
7 3 47
7 4 9
7 6 28
8 0 17
8 4 26
8 6 43
8 7 31
9 3 22
9 6 9
10 0 46
10 2 46
10 4 32
10 8 37
11 0 55
11 3 50
11 5 4
11 7 41
11 8 20
11 10 16
12 1 13
12 2 58
12 3 38
12 7 30
12 8 50
12 10 1
13 1 27
13 4 29
13 5 55
13 6 5
13 7 2
13 11 25
13 12 46
14 3 22
14 11 1
14 12 48
15 0 14
15 1 60
15 2 49
15 5 31
15 7 36
15 8 42
16 1 19
16 2 49
16 3 8
16 11 58
16 14 14
16 15 48
17 1 13
17 4 37
17 5 42
17 6 51
17 8 14
17 10 58
17 13 15
18 1 30
18 2 50
18 4 50
18 5 35
18 6 57
18 7 47
18 9 31
18 13 36
18 14 10
18 16 22
19 0 16
19 2 7
19 3 21
19 4 30
19 7 39
19 9 5
19 11 12
19 15 19
19 16 18
19 17 9
19 18 35
20 1 23
20 2 60
20 5 44
20 6 60
20 7 1
20 10 13
20 11 35
20 14 29
20 16 27
20 19 25
21 1 45
21 4 11
21 5 48
21 7 25
21 10 43
21 11 29
21 12 60
21 13 37
21 15 13
21 17 52
21 20 23
22 0 8
22 3 33
22 4 59
22 5 34
22 6 54
22 7 37
22 10 40
22 11 6
22 12 21
22 13 16
22 15 41
22 16 25
22 17 59
22 18 28
22 20 51
23 3 5
23 5 14
23 6 27
23 7 53
23 8 5
23 9 14
23 10 23
23 15 16
23 19 56
24 2 11
24 5 30
24 6 17
24 7 12
24 9 39
24 10 34
24 14 40
24 15 20
24 18 31
24 19 51
24 21 48
25 0 25
25 5 36
25 6 46
25 10 3
25 11 32
25 12 4
25 16 46
25 17 21
25 18 31
25 23 19
25 24 48
26 1 7
26 3 34
26 6 29
26 8 43
26 11 52
26 12 16
26 18 22
26 22 41
26 23 45
26 24 18
26 25 6
27 2 15
27 3 22
27 4 23
27 6 34
27 10 45
27 12 44
27 13 10
27 17 24
27 18 31
27 20 2
27 22 41
27 23 28
27 25 54
27 26 30
28 0 48
28 4 6
28 5 52
28 6 45
28 7 32
28 8 13
28 10 49
28 11 11
28 12 17
28 14 27
28 15 15
28 16 50
28 17 8
28 18 22
28 20 23
28 21 52
28 24 53
28 26 11
29 1 35
29 2 45
29 5 11
29 6 16
29 7 54
29 9 35
29 11 42
29 14 54
29 15 48
29 17 6
29 18 39
29 20 58
29 22 58
29 25 12
29 26 4
29 28 37
30 1 10
30 2 12
30 4 3
30 5 43
30 11 29
30 12 24
30 14 4
30 15 60
30 16 54
30 19 56
30 20 44
30 21 19
30 22 10
30 23 60
30 26 18
30 27 5
31 2 47
31 3 1
31 4 16
31 6 36
31 7 42
31 8 50
31 9 7
31 10 29
31 11 42
31 17 40
31 20 12
31 24 7
31 25 49
31 27 7
32 0 46
32 1 21
32 3 57
32 4 54
32 5 30
32 7 31
32 8 25
32 13 32
32 14 23
32 16 30
32 20 17
32 22 2
32 23 10
32 25 59
32 27 16
32 30 14
32 31 33
33 2 9
33 4 33
33 5 24
33 7 27
33 9 49
33 10 38
33 11 5
33 12 20
33 14 53
33 15 23
33 17 5
33 21 29
33 22 39
33 24 40
33 26 59
33 28 36
33 30 60
34 0 9
34 4 16
34 5 58
34 8 53
34 12 60
34 13 56
34 14 48
34 17 45
34 21 43
34 25 10
34 27 49
34 28 49
34 31 5
34 32 40
34 33 48
35 1 34
35 2 15
35 7 16
35 8 15
35 11 53
35 12 25
35 13 57
35 17 35
35 20 55
35 21 45
35 22 42
35 27 10
35 30 36
35 31 36
35 33 39
36 1 53
36 3 31
36 4 40
36 6 23
36 8 43
36 9 59
36 10 31
36 11 4
36 12 1
36 15 35
36 17 30
36 21 3
36 22 45
36 24 35
36 25 24
36 30 58
36 33 50
36 34 54
36 35 26
37 1 43
37 8 25
37 14 23
37 15 54
37 20 54
37 24 60
37 25 18
37 26 41
37 29 56
37 32 38
37 33 52
37 34 58
37 35 31
38 0 2
38 5 48
38 6 48
38 9 21
38 10 10
38 12 9
38 19 34
38 24 27
38 26 24
38 28 34
38 30 36
38 31 26
38 33 32
38 36 17
39 2 26
39 4 42
39 5 2
39 6 20
39 7 46
39 10 24
39 11 57
39 12 9
39 16 4
39 18 8
39 22 39
39 24 42
39 26 9
39 31 14
39 32 40
39 33 41
40 0 29
40 4 58
40 6 53
40 7 52
40 8 6
40 9 45
40 11 30
40 13 29
40 14 10
40 15 28
40 16 42
40 19 28
40 28 38
40 29 27
40 30 30
40 31 54
40 33 51
40 35 57
40 37 28
40 39 27
41 2 5
41 3 25
41 5 60
41 6 52
41 10 51
41 14 41
41 15 33
41 16 28
41 18 31
41 19 37
41 23 54
41 24 8
41 25 33
41 26 3
41 28 24
41 31 13
41 32 56
41 34 48
41 35 42
41 39 44
41 40 41
42 2 9
42 6 5
42 7 59
42 10 18
42 11 5
42 15 24
42 16 38
42 17 18
42 19 32
42 20 10
42 21 47
42 26 22
42 27 8
42 29 2
42 30 45
42 33 49
42 38 35
42 41 60
43 0 33
43 1 9
43 2 6
43 3 51
43 6 1
43 7 4
43 9 52
43 10 51
43 11 24
43 12 4
43 13 19
43 14 44
43 15 2
43 17 33
43 20 39
43 22 47
43 25 47
43 26 56
43 27 19
43 29 30
43 33 24
43 34 54
43 35 24
43 37 19
43 40 55
43 41 48
43 42 19
44 4 32
44 7 56
44 8 17
44 10 13
44 14 26
44 15 22
44 16 44
44 17 39
44 20 8
44 22 32
44 25 2
44 30 8
44 32 24
44 33 36
44 34 48
44 35 21
44 36 55
44 38 41
44 39 48
44 40 34
44 41 14
45 1 3
45 2 7
45 3 41
45 5 29
45 7 48
45 8 22
45 9 50
45 10 28
45 11 32
45 12 18
45 13 23
45 15 1
45 16 52
45 17 47
45 18 42
45 19 33
45 20 20
45 21 18
45 23 1
45 26 25
45 27 9
45 29 23
45 31 29
45 33 17
45 34 60
45 35 46
45 37 57
45 38 41
45 42 36
45 43 14
45 44 18
46 3 31
46 4 54
46 5 58
46 7 59
46 9 10
46 13 5
46 14 24
46 17 1
46 19 5
46 20 28
46 21 41
46 22 41
46 24 55
46 27 59
46 33 58
46 34 40
46 35 49
46 37 41
46 38 42
46 40 27
46 45 15
47 1 18
47 2 52
47 3 47
47 4 47
47 6 39
47 10 60
47 11 55
47 13 24
47 15 32
47 17 59
47 18 16
47 19 60
47 20 27
47 21 45
47 22 32
47 23 25
47 26 47
47 27 43
47 29 38
47 31 45
47 32 9
47 34 19
47 35 1
47 36 52
47 38 42
47 40 36
47 41 13
47 43 29
47 44 21
47 46 32
48 0 48
48 2 10
48 3 4
48 6 41
48 8 32
48 9 26
48 11 60
48 12 23
48 13 40
48 18 17
48 19 17
48 21 28
48 25 45
48 26 29
48 27 35
48 28 22
48 31 59
48 32 24
48 33 36
48 34 10
48 36 58
48 37 27
48 40 17
48 41 16
48 45 39
48 46 16
48 47 24
49 1 48
49 2 37
49 3 25
49 4 42
49 5 46
49 8 18
49 10 9
49 18 43
49 19 28
49 20 36
49 22 31
49 28 18
49 30 33
49 31 12
49 32 57
49 34 11
49 35 20
49 36 7
49 38 20
49 40 34
49 43 32
49 46 41
49 47 2
49 48 8
50 1 8
50 2 45
50 3 19
50 5 28
50 6 30
50 7 13
50 12 58
50 13 50
50 16 14
50 17 45
50 21 37
50 24 49
50 25 14
50 26 24
50 27 43
50 28 59
50 30 25
50 31 50
50 36 38
50 37 5
50 40 50
50 45 12
50 47 51
50 49 13
51 0 26
51 1 56
51 7 52
51 9 22
51 10 18
51 11 43
51 15 1
51 16 60
51 17 29
51 18 43
51 20 39
51 21 1
51 24 11
51 28 21
51 30 57
51 32 3
51 35 9
51 36 15
51 40 49
51 41 7
51 42 5
51 46 45
51 48 45
51 50 9
52 0 56
52 2 44
52 3 19
52 4 40
52 8 56
52 9 41
52 11 15
52 13 16
52 14 27
52 15 48
52 17 3
52 19 21
52 20 46
52 21 8
52 24 58
52 27 18
52 29 43
52 37 33
52 42 25
52 43 49
52 45 26
52 47 19
52 49 10
52 50 56
53 1 39
53 3 6
53 4 5
53 5 58
53 6 5
53 7 50
53 8 56
53 9 44
53 10 1
53 13 23
53 14 21
53 15 12
53 16 57
53 17 36
53 19 14
53 25 27
53 28 44
53 29 59
53 30 30
53 31 8
53 38 27
53 40 31
53 43 13
53 46 27
53 47 28
53 50 14
53 52 30
54 3 10
54 4 59
54 5 49
54 10 38
54 12 37
54 13 20
54 17 13
54 18 14
54 20 45
54 23 11
54 24 27
54 25 27
54 26 12
54 27 38
54 29 38
54 33 7
54 34 26
54 36 40
54 37 21
54 39 25
54 41 18
54 42 54
54 43 37
54 47 55
54 51 19
54 53 5
55 4 41
55 5 52
55 6 10
55 8 6
55 11 45
55 12 39
55 14 53
55 15 4
55 18 33
55 19 35
55 21 4
55 22 58
55 23 59
55 25 48
55 27 39
55 28 19
55 34 35
55 38 57
55 39 17
55 40 44
55 42 47
55 47 31
55 48 40
55 52 49
55 54 20
56 5 32
56 6 46
56 7 36
56 10 24
56 12 40
56 13 32
56 14 25
56 15 26
56 18 30
56 19 33
56 22 37
56 24 32
56 26 28
56 27 23
56 29 20
56 30 32
56 31 4
56 32 37
56 33 26
56 34 50
56 35 52
56 36 58
56 37 21
56 39 40
56 40 3
56 41 7
56 42 52
56 44 46
56 50 1
56 55 39
57 0 41
57 1 28
57 2 47
57 5 42
57 6 55
57 8 11
57 10 36
57 11 43
57 14 55
57 15 44
57 17 51
57 19 53
57 20 50
57 21 30
57 23 46
57 24 44
57 27 10
57 29 7
57 32 5
57 33 31
57 34 38
57 35 49
57 37 33
57 40 9
57 41 18
57 43 31
57 45 41
57 46 2
57 47 54
57 48 19
57 49 34
57 51 50
57 53 38
57 56 2
58 0 46
58 1 56
58 2 34
58 5 55
58 9 57
58 14 4
58 16 25
58 19 1
58 21 1
58 30 28
58 31 21
58 33 8
58 35 39
58 37 38
58 40 10
58 42 57
58 43 47
58 45 31
58 47 38
58 51 32
58 52 32
58 53 1
58 54 42
58 56 41
58 57 20
59 1 19
59 4 45
59 8 48
59 9 12
59 11 24
59 12 28
59 15 4
59 16 3
59 18 42
59 19 31
59 21 42
59 25 20
59 27 54
59 33 16
59 35 3
59 40 19
59 42 36
59 44 10
59 45 30
59 48 3
59 49 43
59 51 54
59 53 53
59 54 55
59 55 2
