50
2 1 75
3 0 53
4 0 27
4 3 58
5 1 60
5 3 28
6 0 93
6 1 54
6 4 48
6 5 53
7 2 71
7 3 43
7 5 13
8 0 92
8 1 42
8 3 42
9 1 51
9 2 8
9 5 44
10 0 27
10 1 1
10 2 31
10 4 82
10 6 63
10 7 32
10 8 55
11 0 79
11 2 78
11 3 52
11 5 96
11 6 26
11 8 31
12 1 6
12 3 87
12 5 7
12 6 50
12 7 40
12 9 38
12 10 42
12 11 47
13 0 17
13 3 10
13 6 50
13 9 36
13 11 9
14 0 37
14 1 84
14 3 73
14 4 42
14 5 92
14 8 19
14 12 51
15 1 92
15 3 78
15 5 76
15 7 4
15 8 75
15 13 51
16 1 46
16 2 100
16 3 100
16 4 93
16 10 52
16 11 8
16 12 2
16 13 14
17 0 36
17 1 9
17 2 54
17 3 90
17 6 54
17 7 22
17 8 55
17 10 99
17 11 44
17 13 28
17 15 6
18 1 14
18 4 79
18 8 45
18 9 61
18 10 70
18 14 9
18 15 32
18 16 37
18 17 65
19 1 5
19 6 55
19 7 91
19 9 7
19 12 71
19 15 59
19 17 30
20 1 8
20 2 61
20 4 92
20 6 19
20 7 59
20 9 51
20 10 55
20 13 47
20 14 2
20 15 44
20 18 82
20 19 30
21 0 20
21 1 34
21 2 59
21 4 67
21 6 43
21 9 70
21 14 40
21 15 81
21 16 59
22 4 37
22 5 7
22 7 36
22 8 49
22 9 86
22 11 78
22 13 49
22 14 5
22 16 57
22 17 3
22 18 53
22 21 12
23 1 14
23 2 48
23 7 44
23 11 91
23 15 10
23 17 84
23 18 50
23 19 66
23 20 66
24 1 18
24 2 91
24 3 74
24 4 19
24 5 31
24 7 91
24 9 57
24 12 69
24 16 11
24 17 36
24 18 93
24 19 77
24 20 8
24 21 63
24 22 24
24 23 35
25 0 13
25 1 62
25 2 10
25 4 57
25 5 57
25 7 93
25 9 68
25 11 71
25 12 41
25 14 94
25 15 30
25 22 54
26 1 25
26 2 96
26 5 83
26 6 82
26 7 67
26 15 35
26 17 55
26 19 85
26 21 92
26 22 87
26 25 84
27 1 2
27 5 5
27 6 27
27 7 47
27 9 45
27 10 99
27 11 44
27 13 100
27 14 44
27 16 28
27 17 11
27 18 15
27 19 69
27 21 64
27 22 47
27 26 67
28 0 43
28 8 60
28 10 57
28 11 73
28 12 33
28 14 12
28 15 96
28 17 89
28 19 42
28 20 37
28 21 22
28 22 37
28 23 5
28 24 61
28 27 86
29 0 75
29 2 42
29 5 25
29 7 60
29 8 33
29 9 94
29 12 25
29 13 94
29 17 33
29 20 84
29 23 27
29 24 22
29 25 83
29 27 97
30 0 46
30 2 21
30 3 84
30 6 17
30 8 18
30 9 28
30 10 29
30 14 48
30 17 22
30 18 48
30 22 94
30 23 57
30 24 81
30 27 33
30 28 81
30 29 91
31 0 47
31 1 47
31 2 30
31 3 74
31 5 88
31 8 57
31 9 40
31 11 11
31 12 92
31 16 66
31 18 82
31 19 68
31 22 70
31 23 5
31 24 10
31 25 92
31 26 34
32 3 100
32 9 55
32 11 96
32 13 86
32 15 16
32 16 5
32 20 20
32 21 8
32 23 93
32 26 72
32 27 44
32 30 15
33 0 82
33 1 6
33 2 46
33 5 3
33 6 11
33 7 78
33 9 34
33 12 31
33 13 93
33 14 76
33 16 1
33 17 85
33 18 1
33 20 54
33 21 3
33 22 12
33 23 16
33 25 18
33 27 85
33 28 13
34 0 97
34 1 15
34 5 37
34 6 49
34 8 23
34 9 37
34 14 24
34 18 64
34 21 47
34 22 30
34 23 66
34 24 60
34 26 62
34 31 43
35 0 9
35 4 25
35 8 1
35 9 74
35 14 91
35 18 95
35 20 94
35 22 1
35 25 54
35 27 29
35 31 42
35 32 2
35 33 60
35 34 43
36 0 93
36 2 76
36 3 60
36 7 8
36 9 92
36 10 15
36 14 10
36 15 23
36 17 41
36 20 44
36 26 16
36 28 14
36 29 50
36 35 21
37 0 60
37 1 50
37 2 48
37 3 26
37 4 67
37 6 41
37 8 29
37 9 18
37 12 41
37 15 92
37 29 55
37 30 87
37 32 19
37 34 69
38 0 80
38 1 65
38 3 68
38 4 2
38 5 24
38 7 51
38 8 71
38 10 44
38 13 66
38 14 35
38 18 96
38 19 21
38 21 12
38 22 80
38 24 59
38 29 16
38 31 65
38 37 52
39 1 65
39 3 26
39 4 49
39 7 91
39 10 13
39 12 48
39 13 9
39 15 49
39 17 5
39 20 80
39 22 62
39 24 97
39 26 20
39 29 66
39 31 33
39 33 95
39 34 48
39 35 84
40 2 24
40 7 12
40 15 25
40 16 21
40 18 12
40 19 80
40 21 97
40 23 3
40 25 34
40 27 97
40 28 9
40 29 11
40 32 69
40 33 82
40 37 31
41 1 100
41 4 11
41 6 28
41 9 56
41 11 100
41 13 21
41 14 59
41 16 82
41 18 46
41 19 87
41 20 58
41 26 44
41 27 17
41 31 28
41 33 54
41 35 80
41 36 100
41 37 2
42 0 96
42 1 93
42 2 47
42 4 57
42 6 63
42 12 98
42 15 91
42 17 12
42 18 83
42 19 35
42 22 8
42 23 21
42 25 19
42 26 25
42 27 24
42 28 58
42 31 28
42 32 25
42 37 12
42 38 83
43 1 54
43 3 93
43 7 84
43 10 12
43 15 50
43 16 83
43 18 6
43 21 97
43 22 42
43 27 14
43 28 77
43 29 64
43 30 67
43 32 26
43 33 49
43 34 99
43 36 23
43 37 61
43 38 56
43 39 27
43 41 89
43 42 36
44 2 20
44 6 51
44 8 51
44 9 56
44 11 48
44 14 33
44 15 76
44 16 24
44 17 36
44 21 81
44 22 21
44 25 44
44 26 89
44 29 27
44 30 33
44 31 79
44 32 27
44 35 45
44 37 14
44 40 63
45 0 55
45 3 99
45 4 31
45 9 90
45 10 49
45 11 16
45 19 25
45 21 16
45 24 14
45 26 8
45 28 76
45 31 89
45 33 7
45 34 54
45 35 65
45 37 100
45 39 64
45 44 86
46 0 89
46 2 4
46 3 46
46 5 93
46 10 18
46 13 16
46 15 84
46 16 63
46 17 85
46 18 83
46 19 7
46 20 44
46 21 18
46 22 29
46 24 18
46 26 34
46 29 79
46 30 20
46 31 5
46 32 47
46 34 1
46 35 68
46 36 100
46 37 90
46 39 71
46 40 2
46 41 68
46 44 96
47 0 87
47 1 6
47 2 78
47 3 96
47 6 67
47 7 99
47 11 35
47 16 45
47 19 4
47 21 65
47 22 97
47 24 90
47 25 28
47 26 39
47 29 88
47 31 40
47 36 3
47 38 12
47 41 8
47 42 100
47 45 82
48 1 74
48 3 47
48 4 99
48 6 70
48 7 84
48 10 52
48 13 8
48 14 49
48 15 64
48 16 98
48 19 31
48 21 18
48 22 49
48 23 42
48 24 52
48 25 85
48 26 91
48 29 15
48 30 10
48 31 14
48 33 69
48 35 11
48 36 11
48 37 35
48 38 84
48 40 13
48 42 13
48 44 73
48 46 23
48 47 67
49 0 71
49 3 49
49 5 34
49 6 32
49 8 75
49 10 18
49 14 44
49 15 25
49 18 27
49 19 65
49 23 16
49 24 17
49 26 31
49 29 13
49 31 63
49 32 68
49 34 60
49 36 96
49 39 45
49 42 81
49 44 10
49 45 43
49 46 39
49 47 47
49 48 59
