40
1 0 84
2 0 7
2 1 111
3 0 100
3 1 42
3 2 44
4 0 34
4 1 77
4 2 60
5 0 109
5 3 34
6 1 72
6 4 43
7 0 106
7 1 3
7 4 103
7 5 56
8 0 36
8 7 109
9 1 6
9 3 108
9 4 55
9 6 43
9 7 95
9 8 109
10 1 101
10 7 33
10 8 114
10 9 63
11 0 31
11 2 10
11 4 23
11 6 10
11 7 102
11 8 70
11 10 71
12 0 17
12 1 22
12 2 102
12 5 37
12 7 102
12 8 51
12 11 18
13 0 117
13 2 39
13 3 30
13 4 107
13 6 55
14 1 115
14 4 15
14 6 86
14 8 118
15 1 14
15 3 111
15 4 1
15 6 89
15 10 42
16 0 91
16 3 48
16 6 76
16 7 83
16 8 84
16 9 104
16 13 105
16 14 44
16 15 104
17 0 85
17 1 57
17 3 99
17 6 42
17 7 54
17 8 106
17 9 107
17 13 81
17 15 62
18 0 101
18 1 37
18 4 21
18 5 9
18 6 25
18 7 103
18 8 59
18 10 45
18 11 88
18 12 75
18 14 106
19 0 58
19 1 92
19 2 68
19 5 63
19 9 6
19 15 5
19 18 105
20 3 3
20 4 72
20 9 53
20 13 19
20 14 69
20 17 23
20 18 24
21 0 97
21 1 108
21 2 101
21 4 78
21 5 25
21 7 17
21 12 17
21 13 17
21 16 23
21 20 17
22 0 86
22 1 23
22 2 22
22 3 112
22 9 111
22 10 115
22 11 81
22 13 40
22 14 107
22 15 2
22 17 110
22 19 26
22 20 84
22 21 41
23 1 81
23 4 108
23 5 61
23 6 92
23 10 37
23 13 110
23 16 66
23 17 44
23 20 5
23 21 61
24 0 84
24 1 87
24 3 12
24 4 109
24 5 118
24 6 58
24 7 79
24 11 67
24 12 30
24 13 113
24 14 47
24 15 14
24 18 97
24 19 86
24 21 44
24 23 72
25 0 58
25 2 102
25 3 48
25 9 113
25 10 79
25 12 103
25 13 4
25 19 5
25 21 112
25 22 30
25 23 49
25 24 89
26 1 115
26 6 74
26 7 5
26 9 25
26 10 6
26 11 107
26 12 34
26 13 113
26 17 76
26 20 49
26 21 12
26 22 20
26 23 88
26 25 103
27 1 30
27 2 87
27 4 101
27 7 77
27 8 106
27 9 115
27 11 110
27 16 39
27 18 38
27 20 109
27 24 82
27 25 26
28 0 52
28 2 62
28 3 109
28 5 58
28 6 76
28 9 114
28 14 33
28 16 70
28 20 110
28 21 43
28 22 96
28 24 15
28 25 113
28 26 40
28 27 20
29 1 115
29 2 79
29 3 72
29 4 118
29 5 21
29 6 70
29 8 63
29 9 114
29 11 112
29 15 28
29 19 84
29 21 113
29 22 43
29 23 82
29 27 108
30 4 19
30 5 57
30 6 1
30 8 39
30 9 50
30 11 120
30 14 109
30 16 42
30 17 35
30 20 90
30 21 72
30 23 51
30 26 90
30 27 26
31 6 98
31 11 98
31 14 69
31 15 36
31 16 74
31 17 66
31 18 26
31 19 74
31 20 18
31 23 28
31 24 68
31 25 106
31 28 83
31 29 87
32 0 62
32 2 25
32 7 22
32 9 110
32 10 61
32 13 22
32 14 54
32 15 74
32 16 41
32 17 106
32 18 63
32 19 61
32 21 11
32 22 15
32 24 9
32 28 88
32 31 119
33 1 34
33 3 21
33 4 74
33 6 18
33 8 98
33 12 34
33 13 43
33 14 38
33 16 106
33 20 37
33 25 84
33 27 60
33 28 73
33 29 53
33 30 11
33 31 83
34 2 97
34 4 82
34 7 25
34 8 19
34 10 113
34 12 117
34 13 71
34 15 64
34 16 26
34 17 95
34 19 66
34 20 14
34 21 119
34 22 52
34 26 79
34 27 103
34 28 94
34 30 39
34 32 69
34 33 50
35 0 48
35 1 96
35 7 65
35 12 63
35 13 80
35 16 50
35 17 16
35 18 114
35 25 34
35 26 95
35 28 90
35 30 115
35 31 95
35 32 56
35 33 30
35 34 107
36 6 2
36 7 100
36 8 25
36 9 108
36 12 77
36 13 34
36 14 104
36 17 114
36 18 80
36 19 19
36 21 89
36 23 73
36 25 40
36 29 59
36 30 60
36 33 12
36 35 26
37 3 18
37 6 68
37 8 60
37 11 49
37 13 87
37 18 65
37 20 2
37 22 63
37 24 61
37 25 56
37 26 113
37 29 113
37 30 23
37 31 115
37 32 8
37 34 73
38 0 92
38 5 97
38 7 47
38 10 118
38 11 50
38 13 62
38 14 105
38 15 3
38 17 20
38 18 11
38 24 15
38 27 67
38 28 79
38 29 96
38 30 15
38 31 43
38 32 15
38 33 62
38 35 97
38 37 51
39 2 118
39 4 57
39 6 92
39 9 120
39 11 22
39 14 90
39 17 33
39 18 53
39 20 108
39 21 9
39 26 5
39 27 62
39 28 104
39 29 2
39 31 33
39 32 1
39 33 3
39 35 4
39 37 20
39 38 100
