50
1 0 4
2 0 21
3 0 5
4 1 18
4 3 9
5 2 12
6 0 20
6 2 39
6 3 4
6 5 24
7 1 21
7 2 19
7 3 12
7 5 30
7 6 27
8 2 15
8 3 9
8 4 38
8 5 15
8 6 39
8 7 8
9 3 11
9 4 29
9 5 39
9 8 32
10 2 8
10 3 3
10 4 22
10 5 14
10 8 6
10 9 30
11 4 24
11 6 22
11 8 13
12 2 13
12 3 9
12 7 30
12 8 2
13 0 8
13 2 18
13 3 16
13 4 35
13 5 34
13 6 2
13 8 37
13 9 19
13 10 31
13 11 6
13 12 10
14 3 19
14 4 24
14 7 26
15 1 30
15 3 35
15 4 39
15 12 19
16 0 16
16 3 2
16 4 40
16 5 9
16 7 31
16 8 25
16 10 2
16 13 12
16 15 38
17 2 10
17 3 33
17 4 32
17 5 6
17 6 22
17 9 24
17 10 14
17 11 14
17 12 40
17 14 1
18 4 15
18 5 3
18 6 1
18 7 21
18 8 21
18 9 30
18 10 33
18 11 3
18 13 2
18 14 12
18 15 40
19 2 40
19 3 19
19 4 3
19 7 15
19 8 33
19 10 7
19 11 37
19 13 18
19 15 27
19 17 18
19 18 30
20 0 22
20 3 39
20 6 9
20 8 34
20 10 34
20 11 12
20 12 8
20 13 39
20 14 34
20 16 5
20 19 25
21 0 6
21 3 9
21 4 14
21 5 37
21 6 13
21 10 5
21 12 27
21 13 13
21 14 13
21 20 12
22 0 34
22 1 26
22 5 16
22 14 37
22 16 7
22 17 2
22 18 8
22 19 19
22 21 8
23 0 15
23 2 26
23 4 4
23 5 25
23 6 23
23 7 23
23 8 40
23 12 18
23 15 38
23 16 30
23 18 20
23 19 38
23 20 40
23 21 23
23 22 6
24 1 19
24 3 24
24 5 32
24 6 32
24 7 1
24 8 7
24 10 16
24 15 38
24 19 18
24 20 32
24 22 35
24 23 18
25 0 6
25 2 28
25 6 31
25 8 19
25 12 24
25 16 3
25 20 24
25 21 1
25 22 18
25 24 5
26 1 15
26 4 19
26 6 26
26 8 28
26 9 14
26 10 25
26 14 29
26 15 7
26 17 17
26 20 10
26 21 38
27 2 13
27 3 34
27 4 31
27 12 23
27 13 13
27 14 39
27 15 18
27 17 10
27 18 36
27 22 30
27 25 23
27 26 20
28 0 4
28 1 26
28 2 32
28 3 34
28 5 24
28 7 20
28 8 17
28 10 22
28 13 6
28 15 17
28 16 20
28 19 24
28 20 25
28 22 27
28 24 11
28 26 3
29 0 10
29 1 22
29 4 37
29 5 31
29 6 9
29 8 8
29 11 8
29 13 33
29 18 30
29 19 13
29 23 14
29 24 26
29 27 4
29 28 34
30 5 27
30 7 32
30 8 35
30 9 7
30 12 28
30 14 29
30 17 20
30 18 7
30 21 26
30 26 1
30 29 1
31 0 26
31 1 17
31 2 38
31 6 8
31 7 11
31 9 19
31 11 18
31 12 33
31 14 21
31 15 30
31 16 1
31 23 11
31 24 8
31 25 36
31 26 21
31 29 5
32 0 8
32 1 12
32 2 26
32 3 22
32 7 36
32 8 38
32 10 40
32 11 27
32 12 24
32 13 5
32 14 29
32 16 34
32 17 32
32 21 5
32 23 8
32 24 32
32 27 21
32 29 26
32 30 34
32 31 27
33 1 20
33 2 4
33 7 32
33 11 21
33 12 38
33 13 9
33 14 40
33 17 18
33 22 38
33 26 38
33 27 14
33 28 11
33 31 21
34 2 20
34 3 20
34 4 9
34 7 9
34 8 38
34 15 19
34 16 32
34 17 22
34 18 2
34 22 24
34 24 37
34 25 20
34 28 32
34 31 15
35 2 10
35 5 18
35 6 2
35 11 11
35 12 7
35 15 36
35 17 28
35 23 20
35 24 2
35 25 34
35 26 23
35 27 19
35 28 8
35 29 10
35 30 7
35 32 19
35 33 40
36 0 23
36 1 38
36 6 3
36 7 28
36 8 8
36 11 22
36 12 38
36 13 8
36 15 31
36 20 4
36 21 34
36 22 18
36 23 17
36 24 8
36 26 36
36 29 20
36 30 34
36 32 4
36 33 19
36 34 28
36 35 24
37 1 26
37 2 17
37 3 28
37 9 36
37 15 24
37 17 18
37 19 15
37 20 37
37 22 9
37 23 23
37 25 7
37 29 8
37 32 22
37 35 2
37 36 13
38 0 3
38 1 34
38 6 28
38 7 28
38 10 18
38 12 28
38 13 39
38 18 18
38 20 9
38 22 4
38 24 19
38 26 13
38 29 39
38 30 17
38 31 28
38 32 16
38 34 24
38 36 2
38 37 23
39 0 11
39 2 32
39 3 23
39 4 21
39 5 24
39 6 18
39 7 20
39 9 5
39 12 1
39 13 21
39 14 5
39 18 9
39 20 5
39 21 2
39 22 35
39 27 14
39 28 26
39 30 11
39 32 11
39 33 8
39 34 24
39 35 30
39 36 2
39 37 19
40 1 18
40 4 24
40 5 8
40 6 7
40 7 8
40 8 26
40 10 23
40 17 16
40 18 24
40 20 17
40 21 9
40 25 6
40 26 15
40 27 38
40 28 27
40 29 37
40 32 24
40 36 12
40 37 7
40 39 26
41 0 39
41 1 19
41 3 6
41 4 6
41 5 22
41 6 19
41 9 31
41 11 39
41 14 11
41 18 16
41 20 6
41 25 27
41 29 22
41 30 39
41 33 28
41 35 39
41 40 29
42 3 34
42 6 22
42 8 11
42 10 6
42 14 3
42 16 33
42 18 1
42 19 9
42 20 21
42 22 25
42 23 25
42 25 36
42 30 19
42 31 5
42 32 17
42 35 18
42 39 20
42 41 28
43 3 35
43 5 14
43 7 25
43 10 7
43 12 20
43 13 16
43 14 12
43 17 39
43 20 14
43 21 39
43 23 28
43 24 27
43 28 34
43 29 27
43 31 17
43 33 6
43 35 22
43 37 37
43 39 4
43 40 29
43 42 40
44 0 31
44 3 18
44 4 34
44 5 11
44 8 14
44 10 34
44 12 4
44 13 1
44 14 38
44 15 28
44 17 22
44 19 7
44 21 4
44 23 24
44 24 19
44 26 26
44 27 8
44 29 30
44 30 1
44 37 23
44 39 32
45 0 24
45 1 17
45 2 28
45 3 4
45 5 19
45 11 32
45 12 21
45 13 28
45 14 18
45 15 39
45 17 4
45 18 37
45 19 8
45 20 20
45 23 7
45 25 31
45 26 32
45 27 39
45 30 39
45 31 5
45 32 31
45 33 39
45 35 9
45 38 39
45 39 1
45 42 37
45 44 11
46 0 13
46 3 33
46 4 38
46 7 14
46 9 25
46 11 35
46 12 28
46 15 7
46 17 37
46 20 16
46 21 21
46 23 21
46 24 38
46 25 12
46 26 4
46 30 34
46 32 25
46 34 5
46 38 11
46 41 26
46 42 30
46 43 36
47 3 18
47 4 22
47 5 3
47 6 8
47 9 5
47 13 7
47 17 39
47 18 6
47 20 7
47 21 36
47 22 29
47 23 22
47 24 26
47 26 21
47 28 20
47 29 11
47 32 7
47 34 9
47 35 30
47 36 6
47 39 22
47 45 30
48 4 4
48 7 33
48 8 19
48 9 10
48 11 11
48 12 31
48 13 37
48 16 38
48 18 19
48 19 24
48 24 6
48 25 32
48 26 29
48 27 6
48 28 30
48 32 14
48 33 10
48 34 29
48 38 7
48 41 35
48 43 39
48 45 15
48 47 36
49 0 32
49 2 3
49 3 9
49 4 40
49 10 6
49 11 20
49 12 6
49 14 29
49 15 39
49 16 14
49 18 9
49 23 21
49 25 10
49 26 38
49 31 10
49 32 26
49 33 26
49 34 21
49 36 8
49 38 4
49 39 25
49 40 32
49 41 11
