70
2 1 67
3 2 89
4 0 93
4 1 68
4 2 42
5 1 82
5 2 91
5 4 15
6 0 48
6 3 51
6 5 53
7 1 69
7 3 76
7 4 43
7 5 60
7 6 13
8 1 60
8 2 82
8 6 21
8 7 60
9 2 29
9 4 65
9 6 59
10 0 76
10 2 39
10 4 100
10 5 37
10 6 11
10 8 94
11 4 16
11 5 16
11 10 61
12 0 73
12 1 41
12 4 17
12 7 71
12 9 58
13 0 49
13 1 95
13 2 87
13 5 9
13 6 6
13 7 39
13 8 52
13 10 90
13 11 26
14 1 50
14 2 44
14 4 55
14 5 9
14 6 27
14 9 76
14 10 82
14 11 1
14 13 43
15 3 68
15 5 20
15 10 16
15 11 8
15 12 6
15 14 95
16 1 26
16 4 22
16 5 91
16 6 60
16 7 61
16 8 95
16 9 58
16 10 91
16 11 90
16 13 99
16 14 89
17 0 56
17 2 7
17 3 9
17 5 49
17 6 13
17 8 91
17 11 31
17 14 66
17 15 39
17 16 67
18 3 79
18 4 59
18 8 75
18 11 91
18 14 45
18 17 83
19 1 74
19 3 9
19 4 80
19 5 14
19 9 98
19 12 96
19 14 10
19 17 5
20 3 8
20 7 10
20 8 97
20 9 12
20 11 95
20 12 86
20 14 39
20 15 12
20 16 24
20 17 65
20 18 9
21 0 83
21 3 78
21 4 33
21 5 100
21 6 92
21 11 84
21 12 41
21 13 10
21 17 22
22 0 70
22 1 45
22 4 89
22 10 53
22 11 34
22 12 74
22 14 62
22 15 78
22 18 80
22 21 23
23 1 94
23 3 86
23 4 60
23 5 48
23 7 99
23 9 7
23 11 79
23 12 20
23 13 96
23 20 42
23 22 24
24 4 51
24 5 25
24 6 18
24 8 36
24 9 45
24 10 55
24 12 98
24 15 76
24 17 47
24 19 85
24 20 60
24 21 64
24 22 2
24 23 9
25 2 61
25 3 38
25 4 5
25 5 18
25 8 4
25 9 66
25 10 56
25 12 94
25 15 33
25 18 67
25 20 38
25 22 84
26 1 90
26 2 87
26 3 100
26 5 92
26 7 60
26 8 17
26 10 34
26 13 17
26 15 90
26 16 99
26 17 91
26 18 9
26 20 42
26 23 52
27 0 89
27 3 60
27 4 46
27 6 92
27 7 94
27 8 49
27 12 69
27 13 92
27 14 55
27 15 63
27 16 86
27 17 67
27 18 26
27 20 17
27 22 99
27 23 87
27 24 1
27 25 32
27 26 26
28 1 48
28 2 73
28 3 78
28 6 78
28 8 99
28 10 4
28 11 41
28 14 100
28 16 19
28 18 93
28 19 57
28 20 26
28 23 87
28 24 30
28 27 16
29 1 92
29 3 40
29 6 27
29 8 30
29 9 54
29 10 24
29 13 19
29 14 8
29 15 83
29 16 63
29 17 80
29 20 37
29 21 51
29 23 68
29 25 91
30 0 14
30 1 64
30 2 88
30 4 96
30 7 13
30 9 44
30 10 30
30 15 12
30 16 79
30 17 60
30 19 15
30 23 19
30 26 85
30 27 20
30 28 68
30 29 54
31 0 68
31 1 27
31 2 50
31 5 51
31 9 98
31 10 92
31 13 67
31 15 15
31 16 15
31 21 7
31 24 87
31 25 26
31 26 13
31 29 26
31 30 17
32 0 61
32 4 86
32 5 49
32 9 19
32 14 71
32 17 71
32 23 71
32 24 66
32 27 27
32 31 34
33 1 29
33 3 28
33 6 39
33 7 84
33 12 78
33 15 75
33 16 50
33 18 80
33 19 74
33 23 98
33 24 43
34 0 88
34 2 60
34 3 26
34 4 87
34 5 5
34 8 33
34 9 28
34 10 75
34 15 88
34 16 3
34 17 67
34 18 10
34 19 9
34 21 21
34 22 83
34 26 80
34 27 88
34 30 38
34 31 73
34 33 17
35 0 94
35 1 96
35 6 7
35 10 100
35 13 11
35 14 29
35 15 12
35 16 81
35 17 28
35 20 60
35 23 93
35 24 24
35 29 46
35 30 92
35 31 4
35 34 49
36 1 62
36 2 17
36 3 91
36 8 36
36 10 70
36 11 81
36 12 96
36 13 27
36 16 68
36 17 3
36 18 11
36 24 33
36 25 63
36 26 75
36 27 84
36 28 60
36 30 51
36 34 94
36 35 19
37 1 99
37 2 58
37 3 51
37 4 49
37 6 7
37 11 27
37 16 98
37 17 97
37 18 55
37 22 75
37 23 58
37 24 63
37 26 4
37 29 36
37 30 55
37 31 42
37 32 69
37 35 80
37 36 53
38 0 35
38 1 3
38 2 50
38 6 60
38 8 99
38 9 71
38 10 77
38 13 60
38 14 44
38 16 55
38 17 93
38 23 34
38 25 5
38 26 8
38 27 55
38 30 30
38 31 33
38 33 11
38 37 81
39 0 39
39 2 70
39 4 33
39 6 87
39 10 84
39 11 49
39 12 31
39 13 40
39 19 18
39 20 6
39 22 1
39 25 94
39 29 19
39 31 21
39 32 79
39 33 49
39 34 5
39 35 64
39 36 77
39 37 31
39 38 53
40 1 46
40 2 67
40 4 49
40 5 9
40 9 32
40 14 16
40 15 41
40 16 84
40 17 43
40 20 74
40 21 70
40 24 52
40 29 75
40 32 10
40 33 39
40 34 72
40 37 48
40 38 7
41 2 38
41 6 56
41 9 70
41 10 1
41 11 70
41 12 10
41 16 18
41 20 83
41 21 22
41 25 98
41 26 73
41 28 99
41 29 15
41 36 27
42 0 49
42 4 5
42 11 26
42 12 13
42 13 8
42 14 87
42 15 32
42 16 65
42 18 35
42 19 68
42 21 2
42 22 58
42 26 4
42 32 92
42 33 99
42 34 43
42 35 84
42 36 5
42 39 75
43 0 86
43 2 60
43 4 49
43 5 61
43 7 91
43 9 49
43 10 16
43 11 21
43 15 37
43 19 35
43 20 55
43 21 39
43 23 95
43 25 54
43 26 85
43 27 21
43 29 91
43 30 95
43 34 98
43 36 40
43 37 2
43 41 48
43 42 20
44 0 26
44 1 11
44 3 47
44 5 73
44 6 56
44 7 27
44 8 32
44 9 38
44 11 46
44 12 92
44 13 76
44 14 3
44 15 81
44 16 22
44 17 49
44 23 39
44 27 11
44 28 18
44 31 19
44 33 32
44 36 35
45 0 41
45 2 18
45 6 35
45 15 28
45 16 53
45 17 77
45 19 56
45 21 56
45 22 80
45 23 45
45 24 37
45 25 94
45 27 63
45 31 51
45 33 88
45 35 71
45 36 65
45 37 32
45 39 93
45 40 43
45 41 35
45 42 77
45 43 65
45 44 75
46 0 64
46 2 34
46 5 43
46 8 35
46 9 66
46 12 68
46 18 16
46 22 19
46 25 52
46 28 5
46 30 84
46 32 7
46 35 31
46 36 80
46 37 7
46 38 6
46 39 90
46 40 75
46 42 29
46 44 39
47 0 32
47 2 34
47 3 20
47 5 68
47 10 13
47 12 58
47 19 62
47 25 95
47 26 36
47 27 57
47 30 53
47 32 82
47 33 71
47 36 19
47 38 7
47 43 80
48 0 47
48 1 85
48 6 72
48 11 85
48 17 34
48 20 38
48 22 8
48 25 32
48 26 99
48 27 46
48 28 84
48 32 14
48 34 66
48 35 97
48 36 13
48 37 74
48 39 100
48 42 32
48 44 1
48 46 71
49 0 18
49 4 60
49 5 10
49 6 26
49 7 65
49 9 82
49 11 51
49 12 11
49 13 80
49 14 79
49 17 100
49 19 50
49 23 55
49 24 96
49 25 77
49 28 88
49 29 63
49 30 23
49 31 53
49 32 24
49 34 25
49 39 36
49 41 18
49 44 66
49 46 20
49 47 7
49 48 41
50 3 97
50 5 11
50 6 42
50 11 80
50 12 49
50 14 23
50 15 73
50 16 50
50 18 87
50 19 19
50 20 25
50 24 66
50 26 78
50 30 81
50 32 4
50 33 16
50 36 60
50 38 7
50 39 13
50 40 70
50 42 23
50 43 34
50 44 30
50 45 66
50 47 87
50 49 45
51 3 95
51 4 18
51 7 36
51 9 77
51 12 17
51 14 71
51 16 2
51 18 87
51 23 69
51 24 69
51 25 40
51 27 36
51 28 30
51 32 39
51 34 39
51 41 57
51 42 23
51 43 67
51 44 95
51 46 76
51 47 73
51 50 55
52 0 8
52 5 47
52 6 51
52 8 34
52 9 59
52 12 35
52 13 14
52 15 21
52 17 68
52 19 73
52 20 3
52 21 96
52 22 47
52 26 99
52 28 7
52 29 72
52 31 91
52 32 81
52 33 57
52 35 66
52 36 12
52 40 95
52 41 35
52 42 49
52 48 6
52 49 11
53 0 72
53 1 100
53 4 66
53 7 48
53 10 38
53 11 76
53 12 16
53 14 61
53 16 90
53 17 67
53 18 28
53 19 20
53 20 12
53 23 63
53 24 92
53 25 58
53 26 23
53 27 58
53 28 100
53 31 15
53 32 65
53 33 32
53 34 18
53 36 52
53 37 89
53 38 12
53 39 38
53 40 2
53 41 4
53 42 73
53 44 2
53 46 88
53 48 10
53 49 11
53 50 83
53 51 99
53 52 81
54 0 44
54 2 31
54 3 58
54 4 20
54 5 34
54 7 81
54 8 67
54 10 47
54 11 19
54 12 89
54 15 18
54 16 82
54 18 81
54 19 47
54 22 6
54 25 73
54 28 41
54 29 45
54 30 68
54 32 81
54 33 27
54 34 19
54 37 41
54 39 27
54 40 48
54 41 17
54 44 88
54 50 16
54 51 5
54 53 79
55 1 46
55 3 55
55 4 14
55 5 61
55 8 71
55 16 29
55 18 26
55 23 54
55 26 13
55 28 16
55 29 15
55 30 73
55 31 87
55 36 39
55 37 60
55 39 40
55 40 93
55 42 22
55 44 1
55 47 25
55 51 50
55 52 78
56 0 85
56 3 64
56 5 72
56 8 94
56 10 4
56 11 6
56 12 23
56 14 17
56 15 47
56 16 59
56 17 78
56 18 14
56 19 5
56 22 60
56 25 83
56 26 4
56 30 33
56 31 72
56 32 35
56 33 43
56 34 83
56 36 40
56 38 12
56 40 70
56 42 86
56 44 85
56 47 23
56 49 18
56 54 47
57 1 42
57 6 28
57 7 71
57 9 87
57 11 45
57 13 75
57 15 63
57 20 6
57 21 46
57 22 24
57 24 69
57 31 70
57 33 90
57 34 53
57 35 11
57 37 43
57 38 6
57 39 59
57 40 17
57 42 67
57 47 4
57 50 63
57 56 94
58 6 77
58 7 29
58 8 95
58 12 72
58 17 30
58 19 76
58 20 88
58 22 80
58 23 43
58 24 72
58 25 60
58 27 95
58 30 52
58 33 47
58 35 21
58 36 52
58 37 53
58 39 52
58 41 29
58 43 3
58 44 35
58 46 78
58 48 91
58 49 8
58 50 70
58 51 59
58 52 75
58 54 53
58 55 87
58 56 54
58 57 81
59 2 32
59 7 96
59 9 41
59 10 37
59 18 73
59 20 49
59 22 32
59 23 32
59 24 65
59 26 79
59 27 72
59 29 47
59 35 92
59 36 43
59 37 21
59 39 87
59 40 95
59 41 10
59 42 84
59 44 28
59 45 67
59 47 79
59 50 66
59 55 53
59 56 87
59 57 84
59 58 37
60 0 64
60 2 76
60 5 56
60 8 96
60 9 51
60 11 65
60 13 54
60 17 45
60 18 97
60 19 83
60 20 20
60 23 76
60 24 9
60 26 52
60 27 27
60 28 8
60 31 45
60 32 15
60 33 32
60 36 26
60 37 41
60 40 15
60 42 19
60 44 87
60 47 8
60 49 10
60 50 59
60 53 92
60 56 30
60 57 77
60 58 48
61 0 60
61 1 34
61 2 2
61 3 15
61 4 93
61 5 67
61 6 22
61 9 5
61 10 71
61 11 76
61 16 89
61 21 36
61 22 58
61 23 86
61 26 61
61 28 44
61 30 73
61 31 45
61 33 38
61 34 65
61 36 4
61 40 40
61 41 19
61 42 27
61 46 11
61 47 67
61 48 84
61 52 17
61 53 16
61 54 13
61 55 29
61 56 56
62 2 67
62 3 15
62 4 47
62 14 34
62 16 60
62 17 16
62 21 79
62 22 51
62 23 98
62 27 6
62 29 70
62 31 25
62 32 99
62 34 24
62 35 20
62 36 56
62 37 84
62 38 83
62 39 12
62 40 72
62 41 84
62 44 27
62 46 67
62 47 53
62 48 24
62 50 54
62 54 63
62 55 5
62 56 60
62 58 93
62 60 19
62 61 44
63 1 29
63 7 88
63 8 92
63 11 28
63 15 95
63 17 83
63 18 87
63 19 98
63 20 64
63 21 31
63 22 27
63 23 92
63 24 40
63 25 40
63 27 6
63 29 67
63 34 21
63 36 73
63 37 6
63 40 10
63 45 7
63 46 81
63 48 18
63 50 74
63 51 59
63 54 49
63 56 34
63 57 86
63 58 39
63 59 51
63 60 47
64 0 59
64 1 5
64 2 34
64 3 31
64 5 19
64 7 20
64 8 66
64 9 65
64 10 95
64 11 4
64 13 74
64 14 74
64 17 73
64 18 17
64 23 11
64 28 8
64 31 63
64 35 36
64 39 68
64 40 87
64 43 27
64 45 22
64 47 29
64 49 40
64 50 66
64 51 46
64 55 7
64 57 12
64 58 33
64 61 32
64 62 4
64 63 18
65 1 88
65 9 6
65 10 29
65 11 42
65 13 27
65 14 56
65 15 7
65 19 31
65 22 94
65 25 71
65 27 89
65 29 77
65 31 56
65 33 64
65 34 94
65 35 35
65 36 80
65 37 41
65 38 91
65 43 74
65 44 23
65 46 44
65 47 88
65 48 60
65 49 8
65 50 32
65 51 64
65 52 97
65 53 91
65 54 99
65 56 21
65 59 26
65 60 63
65 62 8
65 63 9
65 64 72
66 0 59
66 2 86
66 3 27
66 5 91
66 6 27
66 7 3
66 8 7
66 10 44
66 11 6
66 14 64
66 16 59
66 17 99
66 18 55
66 19 47
66 20 70
66 24 20
66 26 26
66 28 49
66 32 87
66 33 8
66 34 13
66 36 47
66 37 40
66 38 23
66 39 66
66 43 36
66 47 76
66 48 96
66 52 74
66 54 89
66 55 21
66 56 15
66 59 66
66 64 70
66 65 9
67 2 63
67 4 32
67 8 52
67 9 47
67 10 77
67 12 73
67 13 89
67 15 69
67 16 45
67 18 78
67 20 71
67 21 35
67 27 55
67 31 6
67 34 36
67 36 90
67 39 75
67 40 48
67 41 2
67 46 78
67 48 11
67 49 47
67 50 44
67 51 73
67 52 24
67 56 68
67 59 11
67 61 68
67 62 20
67 63 24
68 1 10
68 2 11
68 3 11
68 4 1
68 5 31
68 6 23
68 9 5
68 10 18
68 11 47
68 13 97
68 18 99
68 21 40
68 26 67
68 28 66
68 30 75
68 34 40
68 36 44
68 37 78
68 38 15
68 41 87
68 42 42
68 43 63
68 45 96
68 47 75
68 49 5
68 50 79
68 51 81
68 54 1
68 58 65
68 61 85
68 62 9
68 64 87
68 65 48
68 66 42
68 67 60
69 1 87
69 2 11
69 3 95
69 4 40
69 7 62
69 11 50
69 13 6
69 14 66
69 15 12
69 16 32
69 17 1
69 18 31
69 20 20
69 22 10
69 23 17
69 24 16
69 25 12
69 26 60
69 27 59
69 28 16
69 29 15
69 35 9
69 38 10
69 41 50
69 43 13
69 44 86
69 51 6
69 54 84
69 56 82
69 58 40
69 59 77
69 60 42
69 61 42
69 62 13
69 63 47
69 64 90
69 65 54
69 66 67
69 67 70
69 68 78
