40
1 0 27
2 0 8
4 1 26
5 2 49
6 0 5
6 1 17
6 3 24
6 4 3
7 0 46
7 1 51
7 2 4
7 4 16
8 3 45
8 4 30
8 6 5
9 0 40
9 7 16
10 0 52
10 3 32
10 7 7
10 9 10
11 0 13
11 2 50
11 4 23
11 7 6
11 9 9
12 6 44
12 8 49
12 9 11
13 3 35
13 6 5
13 8 5
13 10 43
14 2 7
14 7 49
14 8 55
14 11 3
14 12 11
15 1 26
15 7 22
15 11 60
15 12 24
15 13 35
15 14 39
16 1 34
16 2 59
16 3 27
16 6 36
16 7 54
16 9 9
16 12 53
17 0 34
17 8 30
17 10 45
17 11 27
17 15 28
18 0 46
18 1 10
18 3 3
18 4 46
18 9 13
18 10 30
18 12 35
18 13 17
18 14 45
18 15 30
18 17 23
19 0 60
19 2 27
19 6 34
19 9 34
19 14 41
19 17 41
20 0 4
20 5 39
20 6 20
20 9 54
20 12 43
20 13 14
20 14 60
20 15 17
20 17 57
20 18 53
21 4 43
21 5 37
21 6 16
21 7 26
21 10 6
21 13 24
21 16 52
21 18 60
21 19 27
21 20 28
22 0 5
22 1 56
22 4 42
22 5 42
22 7 6
22 10 20
22 11 7
22 12 10
22 13 32
22 14 18
22 16 36
22 17 60
22 21 60
23 0 5
23 2 51
23 3 44
23 4 23
23 5 55
23 9 24
23 14 34
23 20 20
23 21 45
23 22 45
24 0 46
24 3 11
24 4 10
24 5 23
24 7 48
24 8 38
24 10 26
24 12 7
24 13 43
24 14 46
24 16 3
24 17 54
24 18 28
24 19 33
24 20 47
24 23 18
25 0 32
25 1 46
25 2 59
25 4 17
25 6 30
25 8 16
25 10 34
25 15 4
25 18 30
25 19 14
25 20 49
25 22 47
26 5 8
26 7 35
26 8 43
26 9 12
26 10 39
26 12 58
26 15 23
26 17 44
26 18 21
26 19 14
26 20 37
26 21 39
26 22 31
26 23 32
27 0 39
27 1 26
27 4 29
27 6 29
27 7 41
27 9 31
27 10 38
27 16 28
27 18 33
27 21 1
28 0 3
28 1 42
28 2 3
28 4 37
28 10 5
28 11 27
28 13 46
28 15 5
28 18 18
28 25 32
28 26 42
28 27 2
29 0 19
29 2 54
29 3 18
29 4 29
29 5 13
29 6 52
29 8 30
29 9 25
29 10 15
29 11 6
29 13 3
29 15 15
29 19 35
29 21 22
29 22 55
29 24 46
29 25 10
29 26 18
30 1 16
30 2 55
30 3 38
30 5 21
30 9 20
30 13 6
30 14 58
30 16 1
30 17 41
30 18 57
30 21 20
30 22 19
30 23 4
30 26 2
30 27 55
30 28 35
31 0 9
31 4 49
31 12 43
31 13 18
31 14 9
31 16 48
31 18 21
31 20 7
31 25 37
31 27 53
31 28 59
31 30 11
32 1 35
32 5 57
32 10 27
32 12 19
32 13 3
32 19 32
32 20 47
32 23 52
32 24 27
32 25 46
32 26 34
33 0 52
33 1 8
33 2 39
33 3 30
33 4 51
33 7 27
33 8 9
33 9 3
33 10 21
33 12 37
33 17 13
33 18 16
33 20 33
33 21 22
33 23 58
33 25 46
33 27 34
34 0 20
34 1 28
34 5 4
34 9 7
34 10 12
34 11 47
34 13 54
34 15 32
34 17 6
34 18 38
34 22 19
34 24 34
34 25 17
34 29 54
34 33 10
35 0 40
35 2 43
35 3 38
35 8 43
35 9 17
35 10 20
35 11 55
35 13 5
35 15 11
35 18 21
35 20 56
35 21 34
35 22 18
35 23 40
35 24 7
35 25 54
35 26 33
35 27 52
35 28 60
35 29 21
35 30 41
35 31 17
35 34 6
36 1 17
36 5 17
36 8 49
36 9 33
36 16 26
36 18 18
36 19 33
36 24 49
36 25 55
36 27 17
36 29 14
36 31 58
36 32 26
36 35 36
37 0 23
37 6 60
37 7 44
37 9 37
37 14 39
37 17 48
37 20 54
37 21 56
37 22 54
37 24 2
37 25 23
37 26 21
37 28 25
37 32 1
37 36 28
38 0 40
38 4 7
38 7 5
38 10 42
38 11 5
38 12 39
38 17 7
38 18 45
38 20 48
38 21 9
38 23 43
38 25 27
38 26 29
38 27 7
38 29 43
38 31 25
38 32 7
38 34 30
39 0 1
39 2 18
39 3 19
39 4 54
39 8 20
39 10 39
39 11 43
39 13 17
39 15 59
39 16 27
39 19 5
39 21 5
39 24 29
39 27 6
39 28 21
39 29 55
39 30 10
39 31 34
39 33 32
39 36 33
39 38 43
