30
3 0 13
3 1 14
4 0 18
4 2 5
4 3 16
5 1 16
6 1 4
6 2 7
6 4 16
7 0 7
7 3 3
7 4 12
7 5 17
8 0 16
8 4 20
8 6 10
8 7 12
9 3 14
9 4 20
9 5 12
9 7 19
10 0 18
10 1 10
10 2 14
10 3 6
10 4 9
10 8 19
10 9 5
11 3 12
11 4 17
11 6 8
11 7 16
11 8 15
11 9 4
11 10 16
12 1 6
12 3 19
12 5 9
12 7 14
12 8 12
13 0 16
13 1 2
13 2 11
13 3 5
13 5 18
13 7 20
13 8 2
13 11 16
14 0 6
14 2 4
14 3 1
14 4 16
14 5 18
14 6 9
14 7 2
14 8 7
14 9 20
14 11 6
14 12 16
14 13 15
15 0 9
15 2 9
15 4 20
15 8 16
15 9 13
15 10 12
15 11 17
16 1 17
16 6 3
16 7 6
16 9 9
16 12 20
16 14 6
17 4 19
17 5 2
17 8 15
17 9 10
17 12 17
17 13 7
17 14 17
17 15 2
17 16 8
18 0 6
18 1 18
18 2 9
18 4 1
18 5 6
18 6 5
18 7 7
18 8 11
18 9 13
18 13 11
18 14 11
18 15 3
18 16 8
19 1 3
19 3 13
19 5 6
19 6 19
19 9 14
19 11 5
19 12 19
19 14 17
19 15 7
19 16 5
20 3 14
20 4 13
20 6 7
20 7 1
20 11 16
20 16 13
20 17 17
20 18 3
20 19 20
21 1 12
21 3 8
21 4 13
21 6 15
21 7 20
21 8 3
21 9 15
21 11 8
21 13 16
21 14 4
21 16 1
21 20 20
22 0 3
22 1 17
22 6 13
22 7 12
22 8 13
22 9 11
22 11 18
22 12 8
22 14 17
22 15 19
22 16 17
22 17 19
22 19 9
22 20 11
22 21 18
23 0 5
23 1 1
23 2 13
23 6 11
23 7 3
23 8 2
23 10 6
23 11 8
23 13 17
23 14 20
23 16 7
23 17 20
23 18 19
23 19 11
23 20 7
23 22 13
24 0 11
24 1 15
24 2 17
24 4 4
24 5 2
24 6 19
24 9 6
24 11 9
24 14 13
24 15 8
24 16 2
24 17 16
24 23 8
25 1 5
25 2 11
25 3 6
25 5 17
25 7 8
25 10 14
25 12 15
25 13 1
25 15 14
25 20 11
25 21 1
25 23 6
25 24 5
26 0 14
26 1 3
26 4 1
26 8 12
26 10 20
26 11 19
26 12 1
26 15 4
26 17 2
26 19 3
26 20 1
26 21 12
26 22 17
26 23 13
26 24 16
27 0 7
27 1 18
27 4 2
27 5 18
27 6 3
27 8 4
27 9 1
27 11 12
27 14 6
27 17 9
27 21 1
27 24 8
28 1 3
28 2 11
28 4 14
28 5 15
28 10 19
28 11 16
28 12 7
28 13 16
28 14 7
28 15 4
28 16 6
28 17 15
28 18 16
28 25 20
29 4 13
29 6 10
29 8 9
29 9 20
29 10 20
29 11 12
29 12 18
29 13 5
29 15 7
29 16 2
29 17 17
29 18 3
29 22 17
29 23 10
29 24 17
29 25 19
29 27 19
29 28 16
