30
1 0 62
2 0 8
2 1 63
3 0 74
3 1 79
3 2 25
4 0 38
4 1 64
4 2 52
4 3 76
5 0 43
5 1 8
5 2 70
5 3 37
5 4 33
6 0 57
6 1 22
6 2 51
6 3 32
6 4 73
6 5 59
7 0 16
7 1 71
7 2 8
7 3 67
7 4 40
7 5 58
7 6 68
8 0 35
8 1 72
8 2 27
8 3 18
8 4 41
8 5 33
8 6 62
8 7 66
9 0 17
9 1 60
9 2 60
9 3 6
9 4 69
9 5 70
9 6 51
9 7 60
9 8 21
10 0 58
10 1 51
10 2 57
10 3 38
10 4 46
10 5 74
10 6 25
10 7 6
10 8 31
10 9 13
11 0 4
11 1 35
11 2 2
11 3 76
11 4 30
11 5 51
11 6 6
11 7 75
11 8 51
11 9 80
11 10 71
12 0 60
12 1 58
12 2 21
12 3 71
12 4 75
12 5 67
12 6 7
12 7 24
12 8 41
12 9 29
12 10 25
12 11 78
13 0 4
13 1 78
13 2 2
13 3 60
13 4 75
13 5 13
13 6 47
13 7 56
13 8 65
13 9 4
13 10 4
13 11 11
13 12 72
14 0 10
14 1 49
14 2 12
14 3 63
14 4 16
14 5 8
14 6 25
14 7 10
14 8 68
14 9 42
14 10 34
14 11 80
14 12 69
14 13 28
15 0 63
15 1 11
15 2 66
15 3 74
15 4 21
15 5 11
15 6 53
15 7 7
15 8 77
15 9 21
15 10 58
15 11 22
15 12 46
15 13 64
15 14 73
16 0 19
16 1 38
16 2 63
16 3 52
16 4 27
16 5 17
16 6 40
16 7 3
16 8 19
16 9 5
16 10 24
16 11 27
16 12 7
16 13 49
16 14 52
16 15 34
17 0 58
17 1 52
17 2 15
17 3 21
17 4 52
17 5 65
17 6 29
17 7 18
17 8 30
17 9 66
17 10 10
17 11 70
17 12 63
17 13 15
17 14 23
17 15 54
17 16 45
18 0 48
18 1 79
18 2 43
18 3 35
18 4 54
18 5 8
18 6 25
18 7 31
18 8 46
18 9 48
18 10 51
18 11 52
18 12 53
18 13 18
18 14 53
18 15 21
18 16 24
18 17 74
19 0 42
19 1 50
19 2 29
19 3 6
19 4 71
19 5 1
19 6 13
19 7 9
19 8 43
19 9 28
19 10 70
19 11 40
19 12 77
19 13 43
19 14 34
19 15 73
19 16 59
19 17 5
19 18 58
20 0 76
20 1 50
20 2 68
20 3 56
20 4 8
20 5 79
20 6 32
20 7 11
20 8 48
20 9 80
20 10 70
20 11 57
20 12 15
20 13 44
20 14 41
20 15 50
20 16 26
20 17 1
20 18 42
20 19 37
21 0 5
21 1 4
21 2 50
21 3 42
21 4 54
21 5 29
21 6 37
21 7 45
21 8 79
21 9 1
21 10 64
21 11 58
21 12 46
21 13 35
21 14 22
21 15 11
21 16 49
21 17 58
21 18 80
21 19 29
21 20 6
22 0 46
22 1 22
22 2 65
22 3 17
22 4 61
22 5 25
22 6 56
22 7 71
22 8 38
22 9 52
22 10 19
22 11 77
22 12 51
22 13 54
22 14 80
22 15 76
22 16 72
22 17 33
22 18 65
22 19 42
22 20 24
22 21 47
23 0 47
23 1 53
23 2 35
23 3 42
23 4 67
23 5 43
23 6 63
23 7 29
23 8 67
23 9 25
23 10 50
23 11 66
23 12 66
23 13 46
23 14 38
23 15 28
23 16 36
23 17 6
23 18 12
23 19 26
23 20 37
23 21 71
23 22 60
24 0 65
24 1 45
24 2 18
24 3 31
24 4 6
24 5 41
24 6 48
24 7 15
24 8 50
24 9 18
24 10 74
24 11 80
24 12 44
24 13 30
24 14 66
24 15 1
24 16 54
24 17 53
24 18 19
24 19 72
24 20 43
24 21 63
24 22 9
24 23 28
25 0 14
25 1 72
25 2 57
25 3 19
25 4 41
25 5 76
25 6 68
25 7 43
25 8 43
25 9 17
25 10 11
25 11 67
25 12 56
25 13 74
25 14 80
25 15 18
25 16 19
25 17 71
25 18 79
25 19 43
25 20 27
25 21 34
25 22 64
25 23 53
25 24 20
26 0 70
26 1 74
26 2 4
26 3 69
26 4 68
26 5 63
26 6 60
26 7 34
26 8 54
26 9 78
26 10 60
26 11 16
26 12 64
26 13 61
26 14 15
26 15 37
26 16 13
26 17 77
26 18 74
26 19 77
26 20 58
26 21 10
26 22 33
26 23 70
26 24 54
26 25 28
27 0 77
27 1 66
27 2 8
27 3 14
27 4 59
27 5 36
27 6 76
27 7 41
27 8 6
27 9 57
27 10 61
27 11 51
27 12 12
27 13 60
27 14 32
27 15 31
27 16 66
27 17 19
27 18 61
27 19 24
27 20 29
27 21 13
27 22 19
27 23 35
27 24 23
27 25 75
27 26 26
28 0 70
28 1 47
28 2 72
28 3 68
28 4 19
28 5 4
28 6 60
28 7 31
28 8 67
28 9 33
28 10 46
28 11 11
28 12 11
28 13 54
28 14 21
28 15 18
28 16 52
28 17 44
28 18 61
28 19 8
28 20 49
28 21 17
28 22 19
28 23 53
28 24 68
28 25 50
28 26 12
28 27 17
29 0 62
29 1 5
29 2 74
29 3 26
29 4 44
29 5 63
29 6 47
29 7 21
29 8 42
29 9 67
29 10 48
29 11 45
29 12 69
29 13 38
29 14 62
29 15 72
29 16 63
29 17 57
29 18 75
29 19 27
29 20 55
29 21 74
29 22 70
29 23 46
29 24 37
29 25 52
29 26 44
29 27 65
29 28 29
