30
1 0 50
2 0 114
3 0 107
3 2 57
4 2 85
5 3 111
5 4 98
6 0 15
6 2 77
6 4 84
7 5 20
7 6 106
8 0 12
8 2 2
8 3 39
8 5 19
8 6 118
9 1 73
9 3 47
9 6 47
9 7 18
9 8 80
10 1 36
10 2 80
10 3 12
10 6 31
10 7 25
10 8 79
10 9 32
11 1 82
11 3 62
11 4 50
11 6 83
11 10 35
12 1 117
12 6 29
12 7 46
12 9 5
12 10 56
12 11 41
13 0 88
13 3 14
13 6 32
13 9 109
14 3 46
14 4 96
14 5 22
14 9 23
14 10 59
14 12 87
15 0 79
15 1 88
15 2 56
15 3 35
15 5 86
15 6 38
15 9 45
15 13 45
16 1 106
16 2 55
16 3 77
16 5 89
16 6 76
16 7 97
16 11 7
16 13 14
17 0 72
17 5 111
17 7 30
17 9 41
17 11 12
17 12 42
17 13 47
17 14 57
18 1 106
18 2 22
18 4 15
18 5 96
18 6 20
18 9 104
18 11 93
18 12 22
18 13 82
18 14 49
18 15 66
18 16 106
19 2 77
19 3 110
19 4 47
19 6 39
19 12 73
19 13 118
19 17 24
19 18 107
20 1 88
20 2 25
20 3 70
20 6 87
20 7 78
20 8 56
20 11 110
20 12 76
20 14 1
20 17 21
20 19 36
21 0 21
21 1 112
21 2 99
21 3 108
21 4 22
21 6 27
21 9 84
21 11 38
21 13 22
21 18 44
21 19 86
21 20 45
22 0 92
22 2 49
22 4 53
22 10 41
22 16 16
22 17 79
23 0 3
23 5 107
23 7 82
23 13 31
23 14 100
23 16 54
23 17 77
23 18 57
23 19 24
23 20 3
24 2 58
24 4 88
24 5 15
24 12 116
24 15 68
24 17 83
24 19 45
24 20 7
24 23 67
25 1 108
25 2 100
25 6 19
25 13 48
25 14 113
25 15 50
25 16 64
25 18 58
25 19 48
25 21 27
25 23 80
26 1 99
26 2 65
26 3 55
26 5 87
26 7 25
26 8 97
26 10 80
26 11 44
26 12 45
26 13 82
26 16 23
26 18 80
26 19 15
26 20 15
27 0 100
27 1 98
27 2 43
27 3 107
27 5 73
27 6 27
27 11 12
27 12 47
27 13 42
27 14 20
27 19 118
27 20 15
27 21 16
27 23 17
27 26 43
28 0 9
28 1 36
28 5 39
28 6 63
28 7 36
28 8 28
28 9 17
28 10 57
28 11 112
28 16 34
28 18 45
28 19 95
28 23 88
28 24 80
28 26 54
28 27 27
29 0 19
29 1 75
29 3 62
29 7 113
29 8 116
29 9 76
29 12 115
29 13 70
29 14 103
29 15 92
29 18 1
29 25 104
29 26 112
29 27 40
