50
2 1 47
3 1 18
4 1 34
4 3 56
5 0 89
5 1 34
5 3 34
5 4 67
6 0 15
6 1 16
6 2 98
6 4 91
6 5 64
7 3 76
7 4 38
8 1 41
8 2 77
8 3 31
9 1 16
9 2 63
9 6 13
9 8 74
10 4 46
10 6 75
10 7 5
10 9 16
11 0 70
11 1 97
11 4 67
11 5 27
11 6 47
11 7 90
11 8 7
11 9 91
11 10 9
12 4 25
12 7 65
12 8 55
12 9 76
13 1 73
13 2 93
13 4 43
13 5 9
13 6 51
13 7 46
13 8 28
13 9 23
13 10 99
14 0 45
14 3 70
14 4 90
14 5 20
14 7 58
14 8 38
14 9 86
14 12 95
15 1 14
15 3 31
15 5 34
15 8 46
15 12 92
15 13 86
16 3 12
16 4 12
16 7 6
16 11 69
16 13 71
16 14 100
16 15 1
17 0 67
17 3 80
17 6 47
17 8 74
17 11 38
17 12 46
17 13 1
17 14 36
17 15 71
17 16 69
18 1 24
18 2 71
18 3 12
18 5 21
18 6 59
18 7 54
18 12 25
18 13 54
18 14 2
19 0 5
19 4 51
19 6 67
19 7 46
19 8 35
19 9 54
19 10 13
19 11 18
19 13 70
19 14 96
19 17 51
19 18 56
20 0 36
20 1 88
20 3 86
20 5 29
20 7 84
20 8 98
20 10 95
20 13 75
20 14 39
20 15 60
20 16 11
20 17 40
20 18 100
21 0 56
21 2 41
21 3 32
21 8 59
21 12 60
21 13 18
21 15 53
21 18 54
21 20 83
22 0 82
22 7 26
22 10 56
22 11 87
22 14 30
22 15 97
22 16 44
22 18 66
22 20 50
22 21 97
23 2 91
23 4 78
23 5 85
23 6 32
23 8 18
23 10 12
23 15 38
23 16 57
23 17 11
23 18 90
23 19 1
23 20 9
23 22 65
24 2 48
24 3 20
24 6 41
24 7 75
24 9 6
24 10 11
24 11 47
24 12 95
24 13 79
24 14 29
24 16 95
24 17 96
24 20 85
25 1 69
25 7 3
25 8 13
25 9 2
25 10 61
25 11 72
25 14 30
25 16 41
25 17 88
25 19 42
25 24 66
26 3 34
26 6 84
26 8 67
26 9 25
26 13 52
26 14 98
26 16 34
26 17 44
26 19 13
26 20 94
26 22 96
26 25 65
27 0 48
27 2 69
27 3 52
27 5 72
27 6 64
27 7 45
27 8 14
27 10 34
27 11 11
27 15 96
27 16 35
27 21 61
27 22 90
27 25 8
28 1 58
28 4 3
28 7 51
28 10 37
28 11 41
28 15 35
28 16 13
28 18 99
28 21 76
28 22 25
28 24 62
28 26 3
29 4 95
29 5 38
29 6 25
29 8 51
29 9 18
29 12 54
29 15 1
29 20 42
29 25 89
29 26 100
29 27 7
30 2 64
30 3 41
30 5 50
30 7 42
30 8 4
30 11 42
30 12 61
30 15 59
30 16 73
30 17 48
30 22 47
30 25 18
30 27 69
30 29 91
31 1 40
31 4 71
31 5 14
31 7 19
31 9 74
31 10 2
31 11 16
31 13 79
31 20 6
31 22 12
31 26 16
31 28 3
31 29 10
31 30 65
32 4 76
32 5 91
32 8 23
32 10 83
32 15 67
32 16 13
32 17 79
32 19 27
32 21 83
32 23 39
32 24 59
32 25 59
32 28 92
32 31 93
33 2 86
33 3 17
33 5 2
33 6 23
33 8 6
33 13 69
33 14 60
33 19 56
33 20 14
33 24 25
33 25 70
33 28 31
33 29 40
33 30 13
34 1 51
34 3 75
34 5 21
34 6 56
34 7 85
34 8 27
34 12 47
34 13 88
34 15 94
34 16 6
34 18 16
34 20 62
34 21 68
34 23 91
34 29 77
34 30 44
35 0 68
35 1 10
35 3 63
35 6 7
35 13 53
35 15 71
35 17 94
35 19 83
35 21 39
35 22 82
35 25 13
35 26 29
35 27 74
35 28 94
35 29 62
35 33 84
36 1 25
36 3 45
36 6 75
36 10 57
36 12 68
36 13 90
36 16 36
36 17 52
36 19 75
36 21 55
36 23 26
36 24 23
36 25 76
36 29 11
36 31 31
36 32 85
37 0 52
37 1 80
37 5 79
37 6 20
37 7 21
37 8 60
37 9 66
37 13 9
37 16 82
37 22 52
37 24 99
37 27 12
37 30 24
37 31 78
37 32 4
37 33 2
37 34 10
37 35 44
37 36 33
38 3 3
38 5 24
38 6 90
38 7 53
38 8 66
38 12 64
38 15 41
38 16 15
38 19 54
38 20 34
38 23 31
38 24 64
38 25 20
38 29 87
38 30 9
38 33 2
38 35 19
38 36 30
38 37 94
39 0 62
39 5 75
39 6 94
39 7 34
39 8 17
39 10 89
39 11 37
39 14 63
39 15 37
39 16 18
39 17 98
39 19 25
39 20 35
39 22 15
39 24 24
39 26 74
39 31 52
39 32 77
39 35 48
39 36 21
39 37 79
40 1 23
40 5 60
40 6 23
40 8 20
40 9 43
40 12 82
40 13 47
40 17 38
40 19 46
40 20 56
40 22 80
40 25 84
40 28 33
40 29 23
40 30 62
40 34 97
40 35 93
40 36 19
40 37 58
40 39 41
41 0 48
41 2 86
41 5 2
41 10 38
41 11 37
41 12 53
41 13 41
41 16 91
41 17 62
41 18 23
41 22 49
41 23 36
41 25 79
41 28 33
41 29 52
41 31 88
41 32 51
41 33 19
41 34 86
41 35 86
41 38 71
41 39 72
42 1 12
42 3 79
42 5 62
42 6 73
42 14 89
42 15 32
42 19 75
42 21 14
42 24 83
42 25 46
42 29 85
42 34 48
42 35 50
42 37 52
42 40 82
42 41 90
43 0 88
43 1 12
43 2 63
43 4 55
43 7 12
43 9 22
43 14 67
43 16 29
43 17 5
43 18 60
43 19 21
43 26 13
43 27 56
43 29 95
43 30 24
43 31 58
43 32 46
43 34 48
43 37 33
43 38 86
43 39 92
43 40 47
43 41 7
43 42 59
44 0 79
44 1 67
44 4 32
44 6 79
44 9 5
44 10 31
44 14 8
44 15 69
44 16 27
44 19 1
44 21 69
44 23 86
44 33 60
44 34 30
44 36 22
44 37 43
44 38 100
44 39 97
44 40 6
44 43 8
45 1 22
45 3 78
45 6 37
45 9 77
45 10 98
45 14 48
45 21 94
45 24 10
45 26 22
45 28 45
45 29 93
45 31 48
45 32 5
45 34 73
45 36 80
45 37 81
45 41 78
45 43 65
46 0 95
46 3 51
46 5 75
46 6 25
46 9 47
46 12 56
46 16 30
46 21 51
46 22 89
46 23 95
46 24 97
46 25 20
46 26 54
46 27 59
46 29 92
46 30 90
46 32 3
46 33 4
46 36 98
46 39 18
46 40 25
46 41 63
46 42 33
46 43 36
46 45 10
47 0 79
47 1 79
47 3 51
47 6 82
47 9 61
47 10 56
47 11 42
47 13 91
47 17 52
47 21 39
47 24 45
47 25 51
47 26 80
47 27 49
47 28 55
47 33 91
47 34 91
47 35 8
47 41 24
47 42 85
47 44 49
47 46 14
48 1 13
48 7 23
48 8 65
48 10 40
48 11 25
48 12 12
48 16 79
48 18 50
48 20 49
48 21 91
48 22 4
48 23 2
48 25 46
48 26 43
48 29 52
48 30 57
48 42 63
48 45 53
48 46 21
48 47 15
49 0 40
49 1 99
49 8 10
49 10 69
49 11 76
49 13 59
49 14 43
49 17 59
49 18 38
49 21 67
49 22 53
49 27 68
49 30 35
49 32 38
49 36 2
49 39 40
49 44 100
49 45 33
49 46 51
49 48 61
