20
1 0 48
2 0 68
2 1 98
4 1 77
4 2 41
5 1 31
5 2 24
5 3 56
6 0 5
6 1 82
6 2 65
6 5 73
7 0 27
7 2 120
8 0 103
8 4 13
8 7 5
9 2 34
9 3 33
9 5 9
10 0 86
10 1 24
10 2 8
10 5 67
10 7 32
10 8 15
10 9 116
11 2 6
11 3 41
11 4 111
11 7 100
11 8 114
11 9 45
11 10 54
12 3 102
12 4 109
12 5 61
12 7 16
12 11 17
13 4 47
13 6 42
13 7 32
13 8 1
13 9 69
13 10 85
13 11 77
13 12 30
14 0 69
14 2 2
14 3 85
14 6 5
14 8 29
14 9 39
15 0 72
15 4 2
15 6 43
15 8 103
15 10 29
15 11 39
15 12 55
15 13 67
15 14 23
16 2 1
16 3 60
16 5 33
16 6 100
16 7 84
16 8 6
16 10 72
16 12 70
16 13 90
16 15 48
17 1 1
17 2 17
17 5 98
17 8 46
17 9 112
17 10 90
17 12 24
17 14 24
17 15 63
17 16 87
18 0 96
18 1 86
18 3 112
18 4 83
18 6 28
18 7 65
18 13 97
18 14 37
18 15 53
18 17 25
19 0 113
19 1 39
19 3 116
19 4 81
19 6 30
19 8 72
19 9 38
19 10 54
19 11 97
19 17 35
19 18 25
