20
1 0 17
2 0 7
3 0 4
3 2 7
4 0 11
4 1 3
4 2 1
4 3 13
5 1 6
5 2 4
5 3 15
6 2 11
6 4 9
6 5 7
7 0 7
7 1 9
7 3 9
7 6 17
8 1 7
8 2 12
8 4 11
8 5 17
8 6 16
8 7 9
9 0 12
9 1 20
9 3 8
9 5 13
9 6 9
9 7 19
10 1 7
10 2 3
10 5 7
11 2 10
11 5 3
11 6 5
11 9 5
12 4 4
12 7 20
12 8 19
12 9 12
13 0 19
13 1 5
13 2 11
13 4 13
13 8 14
13 10 3
14 0 2
14 1 9
14 2 7
14 3 12
14 4 2
14 7 8
14 10 10
14 13 7
15 0 18
15 4 6
15 6 20
15 9 2
15 11 4
15 13 5
16 0 16
16 2 17
16 5 2
16 6 20
16 7 13
16 8 13
16 10 20
16 11 9
16 12 15
16 14 20
17 3 14
17 7 13
17 8 5
17 9 6
17 10 2
17 11 3
17 16 10
18 0 3
18 1 18
18 3 5
18 5 19
18 6 16
18 9 7
18 11 1
18 12 2
18 14 11
18 15 15
19 0 1
19 2 6
19 4 19
19 5 1
19 6 7
19 7 6
19 8 19
19 11 9
19 12 11
19 13 14
19 14 7
