50
1 0 38
2 0 13
2 1 10
3 0 118
4 0 12
4 1 53
4 3 41
5 2 107
5 3 118
6 1 64
6 3 88
6 5 107
7 0 107
7 1 43
7 2 105
7 3 55
7 4 105
7 5 80
7 6 23
8 1 30
8 2 80
8 3 2
8 4 100
8 7 15
9 0 80
9 1 13
9 2 119
9 5 28
9 6 70
10 0 55
10 5 72
10 6 117
10 8 51
10 9 32
11 1 103
11 3 42
11 4 96
11 5 34
11 8 40
11 9 103
11 10 72
12 0 62
12 3 49
12 5 106
12 8 34
12 10 8
13 0 9
13 1 28
13 2 30
13 3 22
13 4 10
13 5 77
13 6 1
13 8 36
13 11 38
14 0 74
14 2 95
14 3 39
14 4 94
14 5 15
14 6 55
14 7 44
14 9 60
14 10 113
14 13 83
15 3 102
15 5 38
15 6 104
15 13 14
15 14 59
16 1 1
16 2 12
16 4 113
16 5 33
16 6 84
16 7 34
16 13 25
16 15 102
17 1 90
17 3 98
17 4 14
17 5 19
17 7 118
17 8 96
17 9 83
17 15 89
18 2 35
18 3 63
18 7 90
18 9 103
18 10 110
18 11 106
18 12 30
18 14 108
18 17 25
19 0 23
19 1 114
19 3 89
19 4 57
19 5 88
19 6 118
19 7 62
19 8 12
19 9 110
19 11 16
19 12 31
19 13 60
19 15 72
19 18 54
20 0 68
20 1 18
20 3 35
20 4 97
20 5 78
20 9 32
20 10 6
20 11 41
20 12 22
20 13 98
20 14 36
20 17 94
20 19 18
21 2 100
21 4 42
21 5 96
21 9 28
21 11 46
21 14 93
21 15 94
21 16 32
21 17 59
21 18 98
21 20 70
22 1 72
22 2 3
22 3 119
22 7 48
22 8 57
22 10 29
22 11 29
22 12 105
22 16 97
22 18 92
23 1 7
23 5 88
23 6 82
23 7 113
23 8 40
23 10 37
23 11 95
23 13 33
23 14 65
23 17 33
23 20 12
24 1 74
24 3 75
24 5 62
24 6 117
24 11 22
24 13 102
24 21 93
25 0 83
25 1 81
25 5 62
25 7 73
25 8 115
25 10 28
25 13 87
25 15 48
25 16 38
25 17 120
25 18 10
25 19 58
25 21 7
25 24 28
26 1 98
26 4 114
26 7 47
26 9 79
26 10 95
26 11 65
26 13 16
26 16 52
26 18 48
26 20 59
26 21 37
26 22 115
26 23 15
26 24 62
27 3 3
27 4 101
27 6 11
27 9 55
27 10 4
27 12 116
27 13 78
27 15 114
27 18 31
27 23 90
27 26 107
28 1 118
28 2 66
28 5 79
28 6 47
28 8 86
28 10 52
28 11 10
28 14 13
28 15 8
28 17 47
28 21 99
28 22 75
28 24 73
28 26 31
28 27 16
29 0 87
29 1 65
29 5 76
29 7 113
29 8 114
29 11 67
29 13 91
29 14 73
29 15 34
29 17 45
29 18 39
29 20 44
29 21 97
29 23 75
29 25 120
29 27 100
29 28 72
30 0 62
30 3 79
30 4 96
30 8 37
30 10 116
30 11 83
30 12 62
30 20 35
30 21 50
30 22 15
30 24 69
30 25 8
31 0 99
31 2 117
31 3 19
31 4 109
31 9 88
31 11 32
31 12 33
31 13 60
31 16 119
31 17 120
31 22 30
31 24 116
31 25 103
31 28 9
31 29 11
32 0 41
32 5 107
32 7 92
32 8 9
32 9 102
32 10 67
32 11 81
32 14 98
32 16 16
32 18 15
32 19 106
32 20 86
32 22 1
32 25 84
32 26 11
32 27 15
32 28 80
32 30 83
32 31 66
33 7 92
33 8 116
33 11 17
33 12 47
33 13 38
33 14 33
33 15 59
33 16 38
33 18 101
33 19 50
33 22 51
33 23 52
33 24 10
33 25 45
33 27 60
33 28 61
34 1 26
34 4 77
34 5 86
34 7 70
34 9 3
34 10 85
34 11 26
34 17 20
34 18 66
34 19 84
34 23 94
34 27 20
34 31 70
34 32 99
34 33 117
35 2 62
35 3 36
35 8 73
35 13 117
35 17 20
35 19 12
35 21 22
35 22 119
35 24 11
35 25 52
35 28 29
35 30 34
35 33 116
36 1 71
36 3 112
36 5 108
36 12 15
36 15 24
36 16 64
36 17 12
36 19 9
36 20 117
36 21 58
36 24 7
36 27 61
36 32 75
36 33 95
36 34 103
36 35 36
37 0 99
37 2 26
37 3 79
37 4 85
37 6 74
37 9 66
37 11 47
37 13 73
37 15 21
37 16 93
37 17 81
37 20 81
37 21 43
37 22 70
37 24 40
37 26 83
37 27 28
37 31 73
37 33 88
37 34 42
37 35 89
38 1 113
38 4 118
38 5 16
38 6 95
38 13 26
38 14 4
38 19 68
38 21 39
38 23 117
38 24 30
38 25 19
38 30 102
38 31 38
38 32 96
38 33 67
38 34 5
39 0 11
39 1 93
39 4 40
39 7 109
39 9 73
39 10 115
39 15 54
39 19 118
39 20 61
39 21 2
39 22 80
39 23 64
39 25 2
39 27 12
39 28 80
39 31 4
39 32 113
39 37 26
40 1 30
40 4 82
40 5 70
40 7 69
40 9 64
40 12 23
40 14 93
40 18 60
40 19 9
40 24 58
40 26 61
40 28 85
40 29 102
40 31 100
40 33 113
40 36 71
40 38 22
40 39 103
41 1 15
41 2 33
41 6 86
41 7 34
41 8 101
41 11 2
41 12 43
41 13 92
41 14 44
41 15 98
41 16 45
41 19 41
41 20 17
41 23 90
41 26 105
41 28 57
41 29 117
41 30 28
41 33 105
41 34 86
41 35 95
41 38 109
41 40 43
42 6 2
42 8 118
42 11 79
42 13 44
42 18 64
42 19 81
42 20 23
42 21 118
42 22 10
42 24 55
42 25 100
42 28 89
42 31 86
42 32 52
42 36 3
42 38 49
42 41 19
43 1 71
43 4 23
43 5 69
43 6 97
43 8 18
43 9 93
43 11 5
43 12 20
43 13 1
43 18 31
43 19 13
43 20 2
43 22 114
43 23 30
43 24 97
43 26 41
43 29 103
43 33 111
43 34 45
43 35 119
43 37 85
43 38 15
43 40 64
43 41 85
43 42 54
44 0 30
44 3 115
44 5 103
44 11 39
44 12 11
44 13 89
44 16 75
44 18 8
44 23 109
44 24 113
44 26 113
44 27 26
44 28 60
44 29 90
44 31 22
44 32 87
44 34 69
44 35 101
44 39 71
44 42 21
45 0 70
45 2 36
45 4 98
45 6 8
45 7 21
45 9 85
45 11 43
45 12 83
45 14 22
45 15 86
45 16 20
45 18 113
45 20 107
45 22 45
45 27 35
45 28 104
45 29 92
45 32 81
45 33 10
45 38 56
45 40 103
46 0 98
46 1 87
46 4 84
46 5 45
46 6 25
46 7 118
46 8 58
46 9 98
46 10 29
46 14 107
46 15 81
46 16 87
46 17 15
46 19 29
46 22 68
46 27 65
46 30 38
46 32 10
46 33 76
46 34 78
46 35 31
46 37 109
46 42 119
46 45 35
47 0 107
47 2 97
47 3 77
47 6 94
47 7 29
47 8 77
47 9 40
47 11 92
47 14 57
47 16 52
47 17 107
47 19 109
47 27 67
47 28 109
47 29 99
47 30 76
47 31 76
47 32 36
47 34 29
47 35 40
47 36 22
47 40 104
47 41 54
47 43 108
47 44 101
48 0 69
48 1 21
48 2 109
48 3 92
48 4 25
48 5 119
48 6 64
48 8 7
48 10 12
48 14 88
48 18 113
48 20 23
48 21 103
48 23 1
48 24 56
48 25 35
48 30 95
48 31 102
48 32 111
48 33 64
48 35 67
48 37 108
48 38 105
48 40 104
48 42 33
48 43 65
48 44 79
48 45 38
48 47 66
49 0 59
49 3 119
49 4 16
49 5 12
49 6 107
49 7 29
49 12 100
49 14 44
49 15 80
49 20 102
49 22 86
49 23 58
49 24 54
49 25 79
49 27 17
49 31 4
49 33 38
49 34 48
49 35 43
49 39 13
49 40 42
49 41 34
49 43 74
49 44 28
49 46 12
49 47 53
