30
1 0 13
3 0 75
3 1 31
3 2 69
4 0 73
4 1 72
5 3 44
5 4 51
6 1 54
6 2 63
6 3 55
6 5 45
7 1 60
7 2 45
7 4 31
7 5 35
8 2 16
8 5 38
9 0 49
9 8 58
10 0 8
10 3 57
10 4 2
10 5 30
10 7 33
11 0 1
11 7 13
11 8 61
11 9 30
12 0 75
12 7 77
12 10 9
13 3 76
13 6 70
13 7 57
14 1 40
14 2 43
14 3 57
14 4 29
14 6 12
14 7 15
14 8 36
14 9 40
14 10 75
15 2 73
15 3 72
15 4 61
15 5 74
15 6 24
15 11 26
15 14 13
16 5 73
16 7 21
16 11 79
16 12 72
16 13 5
16 14 58
17 1 76
17 5 55
17 6 25
17 8 52
17 9 6
17 13 39
17 15 64
18 0 49
18 1 76
18 4 43
18 6 63
18 9 30
18 10 72
18 11 4
18 12 52
18 13 61
18 14 75
18 15 39
18 16 51
18 17 24
19 1 13
19 4 49
19 6 69
19 7 60
19 9 67
19 11 56
19 12 39
19 13 30
19 15 4
19 16 55
20 1 74
20 2 36
20 3 78
20 5 27
20 7 26
20 11 73
20 13 47
20 16 51
20 17 67
20 19 22
21 0 34
21 6 24
21 11 46
21 12 15
21 15 14
21 18 79
22 0 72
22 1 52
22 3 73
22 4 20
22 5 73
22 10 53
22 11 34
22 14 42
22 17 54
22 18 67
22 19 69
22 20 50
22 21 7
23 0 51
23 3 60
23 4 5
23 6 60
23 7 70
23 9 66
23 11 51
23 12 79
23 15 53
23 16 45
23 19 59
23 21 29
23 22 66
24 0 61
24 4 8
24 5 44
24 6 6
24 7 14
24 9 36
24 13 22
24 18 73
24 19 43
24 23 59
25 0 53
25 1 59
25 2 47
25 3 28
25 5 44
25 6 74
25 8 74
25 9 53
25 12 36
25 13 21
25 14 1
25 16 20
25 17 63
25 18 65
25 19 48
25 21 43
25 24 79
26 3 11
26 4 21
26 7 3
26 8 48
26 10 31
26 15 7
26 16 57
26 17 52
26 20 39
26 22 75
26 25 49
27 0 65
27 1 19
27 8 74
27 10 6
27 12 70
27 13 71
27 14 67
27 15 66
27 16 16
27 17 54
27 19 7
27 20 78
27 21 79
27 23 37
27 25 69
28 0 63
28 2 18
28 3 7
28 6 37
28 7 20
28 12 78
28 13 78
28 18 49
28 22 30
28 25 25
28 26 11
29 2 67
29 3 57
29 4 33
29 6 36
29 9 4
29 11 76
29 12 19
29 13 38
29 14 32
29 15 72
29 16 53
29 17 14
29 18 9
29 19 50
29 21 40
29 23 34
29 25 30
29 26 46
29 27 6
29 28 76
