20
1 0 4
2 0 49
3 0 61
3 2 51
4 3 3
5 0 72
5 3 60
6 1 26
6 3 7
6 5 52
7 0 55
7 1 27
7 2 58
8 1 20
8 2 5
8 3 34
8 6 33
8 7 3
9 0 56
9 1 33
9 6 26
9 7 29
10 4 73
10 7 18
10 8 43
11 2 76
11 3 61
11 5 45
11 6 66
11 7 23
11 8 77
12 2 64
12 4 75
12 9 15
12 10 5
12 11 67
13 0 56
13 3 66
13 5 78
13 8 11
13 11 66
13 12 28
14 0 7
14 3 37
14 9 39
14 12 10
14 13 50
15 2 7
15 3 27
15 5 80
15 6 37
15 7 41
15 8 36
15 11 10
15 14 15
16 0 32
16 1 52
16 2 63
16 4 21
16 7 21
16 8 33
16 9 39
16 10 6
16 11 39
16 13 64
17 3 23
17 6 10
17 8 80
17 12 48
17 13 20
17 16 60
18 1 13
18 3 18
18 4 16
18 10 73
18 15 40
18 17 29
19 3 61
19 4 53
19 6 28
19 7 73
19 9 22
19 10 45
19 11 12
19 12 80
19 14 35
19 17 40
19 18 47
