50
1 0 20
2 0 14
3 1 14
3 2 12
4 2 4
4 3 20
5 2 9
5 4 16
6 0 3
6 2 12
6 3 11
6 4 14
6 5 18
7 1 7
7 4 7
7 5 2
8 0 13
8 1 16
8 3 19
8 4 10
8 6 15
8 7 8
9 4 11
9 5 11
9 6 4
9 7 5
10 0 12
10 3 9
10 5 9
10 8 17
11 0 16
11 1 9
11 2 7
11 3 1
11 6 4
11 8 6
11 9 17
12 0 12
12 1 5
12 2 1
12 3 4
12 6 16
12 7 3
12 8 9
12 11 20
13 0 4
13 2 4
13 4 2
13 7 3
13 9 8
13 10 20
13 11 9
13 12 11
14 0 12
14 1 17
14 2 14
14 4 9
14 5 8
14 7 8
14 9 14
14 10 3
14 12 11
15 0 14
15 1 1
15 2 6
15 4 7
15 5 20
15 6 11
15 7 8
15 11 5
15 14 15
16 0 11
16 1 8
16 3 7
16 5 3
16 8 16
16 12 11
16 13 14
16 14 10
16 15 7
17 1 9
17 2 16
17 9 5
17 10 2
17 11 18
18 0 2
18 1 19
18 3 5
18 4 8
18 9 18
18 11 12
18 12 17
18 14 8
18 15 12
18 16 1
18 17 7
19 0 15
19 1 9
19 2 4
19 5 13
19 6 4
19 8 17
19 9 15
19 13 13
19 15 14
19 17 8
20 0 5
20 2 2
20 4 8
20 8 16
20 16 17
20 17 17
21 0 19
21 8 2
21 10 14
21 11 16
21 12 12
21 14 12
21 20 19
22 0 6
22 1 4
22 2 1
22 3 19
22 4 9
22 7 19
22 9 12
22 11 19
22 14 5
22 16 1
22 17 6
22 21 1
23 1 6
23 2 16
23 3 10
23 4 14
23 5 16
23 8 14
23 9 16
23 10 3
23 11 1
23 12 18
23 13 12
23 14 12
23 18 1
23 21 17
23 22 3
24 1 12
24 4 6
24 8 7
24 9 12
24 19 16
24 20 18
24 21 3
24 22 4
24 23 13
25 0 9
25 1 19
25 2 19
25 4 19
25 5 14
25 9 7
25 10 5
25 11 14
25 14 15
25 15 19
25 24 19
26 0 12
26 2 17
26 5 3
26 6 9
26 7 17
26 9 15
26 10 1
26 11 19
26 13 2
26 16 10
26 19 8
26 23 4
26 24 12
26 25 17
27 0 18
27 2 6
27 3 9
27 4 13
27 5 19
27 6 2
27 9 9
27 10 2
27 11 9
27 12 10
27 13 11
27 14 9
27 15 15
27 17 8
27 18 4
27 19 1
27 20 11
28 1 19
28 2 12
28 4 18
28 7 3
28 8 17
28 10 3
28 14 5
28 15 5
28 16 13
28 17 17
28 18 5
28 19 18
28 26 15
29 0 8
29 2 18
29 6 15
29 7 14
29 9 11
29 13 8
29 14 16
29 18 14
29 19 5
29 20 14
29 22 12
29 23 9
29 28 8
30 1 8
30 3 10
30 5 10
30 6 6
30 8 5
30 9 18
30 11 6
30 12 20
30 13 10
30 14 16
30 17 12
30 18 10
30 19 15
30 20 11
30 21 17
30 22 6
30 25 15
30 26 9
30 28 8
30 29 1
31 0 1
31 2 4
31 3 14
31 4 5
31 6 16
31 7 4
31 9 6
31 10 6
31 11 12
31 24 11
31 27 4
31 28 16
31 29 4
31 30 17
32 1 14
32 3 14
32 4 14
32 5 5
32 6 2
32 8 4
32 9 7
32 13 8
32 14 19
32 15 14
32 16 12
32 20 10
32 25 1
32 28 17
32 30 19
32 31 12
33 1 6
33 2 18
33 3 6
33 4 5
33 5 20
33 14 16
33 15 8
33 17 14
33 18 8
33 20 5
33 21 20
33 22 9
33 23 4
33 24 13
33 26 17
33 29 8
33 31 17
34 4 16
34 6 14
34 8 8
34 9 4
34 10 13
34 11 9
34 13 15
34 16 16
34 20 20
34 21 20
34 22 20
34 23 13
34 24 16
34 27 2
34 29 18
34 30 2
34 31 12
34 32 14
34 33 18
35 2 13
35 5 14
35 6 1
35 7 16
35 8 7
35 9 7
35 13 11
35 14 1
35 15 12
35 16 11
35 17 20
35 19 14
35 20 3
35 23 3
35 26 20
35 27 18
35 28 4
35 34 5
36 0 3
36 4 6
36 6 11
36 8 8
36 10 10
36 12 7
36 14 18
36 15 20
36 17 10
36 21 10
36 22 19
36 24 3
36 27 5
36 31 11
36 32 10
36 33 14
37 1 16
37 4 18
37 6 17
37 7 12
37 8 20
37 9 11
37 10 14
37 12 15
37 13 7
37 15 13
37 20 15
37 21 1
37 22 8
37 23 13
37 24 5
37 25 6
37 26 4
37 29 11
37 30 13
37 31 8
37 32 17
37 34 12
37 35 7
37 36 1
38 5 16
38 6 16
38 7 11
38 12 2
38 13 5
38 14 3
38 15 7
38 16 14
38 17 6
38 18 18
38 20 2
38 23 1
38 25 1
38 28 12
38 31 14
38 34 12
38 36 7
38 37 17
39 1 1
39 2 17
39 4 17
39 7 10
39 8 9
39 10 11
39 11 2
39 12 11
39 20 14
39 21 17
39 24 12
39 33 18
39 35 2
39 37 5
39 38 5
40 1 6
40 4 19
40 5 17
40 11 1
40 12 19
40 17 3
40 19 9
40 20 3
40 23 2
40 27 2
40 28 19
40 31 4
40 32 12
40 33 18
40 35 8
40 36 12
40 37 14
41 0 9
41 1 19
41 4 14
41 5 9
41 6 6
41 7 4
41 10 15
41 11 16
41 12 5
41 13 1
41 15 9
41 17 3
41 21 15
41 24 9
41 25 2
41 26 11
41 28 12
41 29 6
41 30 5
41 32 14
41 35 2
41 39 19
42 0 7
42 2 5
42 3 9
42 4 1
42 5 19
42 8 20
42 9 16
42 10 19
42 14 14
42 15 14
42 19 10
42 22 14
42 23 16
42 24 12
42 25 9
42 26 17
42 28 10
42 30 14
42 31 20
42 32 19
42 33 7
42 34 3
42 36 6
42 37 3
42 38 17
43 0 2
43 1 10
43 3 5
43 4 20
43 8 11
43 10 5
43 14 13
43 15 7
43 16 9
43 17 1
43 18 6
43 19 1
43 20 12
43 21 16
43 22 13
43 23 9
43 24 15
43 26 18
43 27 9
43 30 5
43 31 10
43 34 8
43 37 1
43 39 19
43 41 13
43 42 5
44 0 12
44 2 3
44 3 18
44 5 6
44 6 13
44 8 12
44 9 3
44 11 7
44 16 8
44 18 12
44 22 17
44 24 17
44 27 19
44 30 14
44 32 12
44 33 5
44 35 9
44 37 19
44 39 1
44 40 3
44 41 17
44 43 15
45 0 17
45 1 15
45 5 5
45 6 7
45 7 15
45 8 7
45 9 5
45 10 6
45 12 18
45 14 7
45 16 14
45 18 20
45 24 11
45 29 7
45 30 5
45 31 12
45 34 7
45 38 8
45 40 4
45 44 4
46 0 12
46 2 3
46 3 17
46 4 20
46 7 9
46 8 11
46 10 2
46 11 6
46 12 4
46 13 12
46 14 4
46 16 9
46 21 6
46 22 4
46 27 2
46 30 3
46 32 17
46 35 10
46 36 8
46 37 7
46 38 18
46 40 18
46 41 12
46 42 10
46 43 1
46 44 5
47 2 5
47 3 16
47 4 18
47 5 16
47 6 7
47 8 12
47 14 1
47 15 11
47 16 15
47 17 7
47 18 2
47 21 14
47 24 15
47 26 2
47 28 5
47 29 16
47 31 7
47 32 8
47 33 11
47 35 2
47 38 8
47 39 13
47 42 16
47 43 12
47 45 14
48 0 8
48 4 3
48 10 10
48 11 13
48 13 9
48 14 13
48 18 9
48 20 15
48 21 18
48 22 3
48 26 7
48 27 10
48 28 16
48 30 15
48 32 16
48 34 16
48 35 8
48 36 16
48 38 7
48 39 14
48 40 15
48 43 3
48 44 4
48 45 11
48 46 16
48 47 16
49 3 3
49 4 9
49 5 15
49 6 9
49 7 7
49 10 7
49 11 11
49 13 14
49 14 10
49 19 11
49 20 18
49 23 1
49 24 9
49 25 19
49 27 15
49 28 6
49 34 12
49 37 14
49 38 8
49 39 20
49 42 2
49 44 9
49 46 4
49 47 16
49 48 18
