50
1 0 113
2 0 57
3 0 72
3 2 83
4 0 23
4 1 11
4 3 95
5 0 49
5 4 32
6 0 101
6 1 28
6 3 95
6 4 40
7 0 33
7 1 7
7 2 12
7 4 106
7 5 85
8 0 24
8 1 111
8 3 65
8 5 116
9 0 58
9 3 92
9 4 99
9 5 63
9 7 119
9 8 85
10 0 78
10 1 28
10 2 106
10 4 80
10 6 6
10 7 41
10 8 6
11 1 33
11 3 85
11 4 40
11 5 6
11 10 29
12 0 2
12 5 13
12 6 50
12 8 112
12 11 49
13 0 49
13 2 8
13 3 52
13 4 64
13 5 86
13 6 49
13 7 22
13 9 111
13 11 116
13 12 1
14 0 91
14 2 10
14 7 14
14 9 60
14 10 95
14 11 1
15 2 15
15 3 39
15 7 85
15 8 15
15 9 32
15 10 18
15 11 55
15 13 66
16 0 100
16 1 16
16 2 108
16 6 66
16 7 86
16 8 111
16 15 16
17 0 66
17 1 29
17 5 33
17 7 67
17 10 119
17 11 19
17 14 110
17 15 44
18 0 84
18 2 119
18 6 6
18 8 107
18 9 92
18 10 70
18 12 42
18 13 84
18 16 1
18 17 26
19 0 34
19 1 30
19 2 40
19 4 89
19 6 40
19 7 59
19 9 110
19 12 85
19 13 104
19 15 12
19 17 98
19 18 88
20 0 16
20 2 96
20 4 76
20 5 100
20 6 100
20 7 87
20 12 12
20 14 23
20 17 63
20 18 101
20 19 55
21 1 22
21 3 82
21 4 55
21 7 69
21 8 43
21 9 7
21 10 111
21 12 67
21 13 63
21 14 91
21 15 65
21 18 68
22 1 80
22 2 90
22 3 87
22 7 97
22 8 103
22 11 91
22 15 115
22 16 46
22 17 65
22 19 22
23 1 49
23 2 18
23 3 49
23 4 47
23 5 80
23 6 34
23 11 49
23 16 37
23 18 46
23 19 103
23 22 59
24 2 114
24 3 7
24 4 40
24 6 10
24 7 108
24 8 114
24 13 52
24 14 9
24 15 15
24 16 57
24 18 109
24 19 84
24 20 23
24 21 61
24 22 94
24 23 45
25 0 99
25 2 99
25 7 113
25 10 86
25 11 77
25 15 4
25 16 39
25 20 60
25 21 67
25 22 107
25 23 97
25 24 99
26 0 72
26 3 9
26 6 55
26 10 35
26 11 79
26 13 43
26 16 77
26 17 27
26 18 54
26 19 42
26 20 107
26 21 6
26 23 2
26 24 83
27 0 41
27 1 22
27 2 49
27 4 59
27 5 30
27 7 90
27 9 118
27 12 94
27 13 35
27 14 8
27 22 14
27 24 51
27 26 29
28 1 30
28 4 87
28 6 114
28 7 103
28 10 84
28 14 91
28 19 40
28 21 107
28 22 67
28 25 4
28 27 4
29 0 83
29 2 40
29 4 108
29 7 64
29 8 75
29 10 91
29 13 37
29 16 25
29 17 80
29 20 25
29 22 37
29 23 73
29 25 13
29 28 8
30 0 97
30 2 90
30 3 67
30 6 1
30 9 97
30 11 68
30 12 77
30 13 84
30 14 91
30 18 85
30 19 104
30 27 98
30 28 116
30 29 118
31 0 65
31 4 26
31 8 40
31 9 46
31 12 49
31 15 112
31 16 6
31 18 65
31 21 55
31 23 105
31 25 104
31 27 77
31 28 85
32 1 24
32 2 3
32 3 93
32 4 4
32 7 27
32 12 70
32 16 108
32 17 64
32 21 89
32 25 94
32 27 41
32 30 41
32 31 105
33 0 67
33 1 3
33 2 99
33 7 67
33 8 54
33 9 35
33 11 98
33 12 41
33 14 34
33 15 18
33 16 92
33 18 87
33 24 74
33 30 13
33 31 89
33 32 34
34 0 22
34 1 49
34 3 88
34 4 85
34 6 2
34 7 91
34 9 19
34 12 95
34 13 42
34 15 94
34 16 114
34 17 114
34 18 82
34 19 93
34 20 59
34 21 107
34 25 6
34 27 10
34 28 37
34 29 90
34 30 93
35 0 17
35 2 70
35 8 76
35 10 32
35 11 105
35 13 77
35 17 38
35 21 83
35 23 60
35 25 82
35 27 99
35 28 57
35 29 120
35 30 28
35 32 3
35 34 67
36 2 100
36 4 96
36 7 119
36 13 55
36 14 98
36 16 21
36 18 56
36 21 85
36 22 100
36 28 7
36 30 83
36 34 112
36 35 119
37 0 82
37 1 89
37 2 52
37 3 92
37 4 43
37 8 55
37 9 13
37 10 2
37 11 28
37 13 52
37 14 108
37 16 23
37 20 69
37 21 117
37 22 39
37 23 72
37 26 45
37 27 110
37 30 50
37 31 104
37 32 86
37 33 7
38 0 15
38 1 13
38 2 4
38 5 67
38 6 60
38 8 31
38 9 12
38 10 107
38 11 46
38 13 64
38 18 100
38 19 94
38 20 62
38 25 28
38 26 69
38 27 54
38 28 22
38 31 25
38 32 1
38 33 35
38 34 58
39 1 55
39 2 50
39 4 88
39 10 16
39 11 47
39 12 8
39 15 38
39 16 51
39 21 107
39 24 58
39 26 53
39 27 49
39 28 23
39 32 99
39 33 52
39 34 108
39 35 63
39 36 11
39 37 53
39 38 74
40 1 66
40 2 73
40 3 63
40 6 49
40 7 2
40 8 3
40 9 69
40 10 36
40 14 13
40 16 105
40 19 67
40 24 35
40 25 42
40 27 110
40 28 105
40 32 61
40 33 15
40 35 13
40 36 31
41 0 107
41 1 105
41 3 74
41 4 27
41 7 115
41 9 37
41 10 54
41 11 45
41 12 87
41 16 72
41 20 38
41 23 108
41 25 61
41 27 71
41 28 109
41 30 69
41 31 26
41 39 93
42 0 105
42 1 46
42 2 27
42 6 17
42 7 116
42 8 81
42 9 12
42 11 85
42 13 93
42 14 2
42 20 44
42 21 103
42 29 31
42 31 71
42 32 34
42 33 107
42 36 111
42 37 63
42 38 39
42 40 10
42 41 87
43 2 97
43 3 13
43 4 5
43 5 70
43 9 119
43 11 18
43 12 28
43 13 30
43 14 29
43 17 72
43 18 28
43 19 35
43 20 63
43 26 22
43 28 96
43 32 76
43 34 5
43 36 68
44 0 44
44 5 27
44 6 94
44 7 80
44 8 53
44 9 109
44 10 114
44 13 49
44 15 61
44 16 83
44 18 63
44 20 60
44 23 103
44 24 59
44 28 74
44 31 76
44 32 44
44 34 65
44 35 72
44 36 87
44 42 104
44 43 77
45 0 60
45 3 101
45 4 101
45 5 84
45 8 4
45 10 13
45 14 40
45 16 93
45 20 64
45 21 25
45 22 96
45 23 115
45 24 76
45 25 50
45 27 96
45 28 68
45 29 103
45 32 115
45 33 24
45 34 17
45 39 36
45 40 74
45 43 106
46 1 7
46 2 117
46 7 22
46 8 39
46 9 37
46 10 93
46 12 110
46 13 56
46 14 115
46 15 3
46 18 22
46 19 14
46 20 21
46 21 87
46 24 54
46 30 71
46 32 69
46 35 16
46 37 55
46 41 119
46 42 113
46 43 33
46 44 119
47 0 107
47 1 75
47 2 73
47 3 30
47 5 8
47 6 40
47 7 69
47 8 5
47 9 40
47 10 22
47 11 97
47 12 60
47 13 75
47 14 62
47 15 26
47 20 62
47 21 46
47 24 43
47 25 56
47 26 54
47 27 54
47 29 24
47 31 110
47 33 51
47 35 33
47 37 9
47 38 48
47 39 36
47 40 80
47 41 13
47 44 15
48 0 17
48 3 34
48 4 20
48 8 47
48 9 82
48 11 16
48 13 113
48 14 20
48 20 48
48 21 40
48 22 1
48 24 4
48 25 91
48 30 19
48 31 42
48 32 53
48 33 14
48 34 105
48 35 97
48 36 59
48 38 88
48 39 15
48 41 44
48 42 72
48 46 118
49 0 70
49 1 40
49 3 56
49 5 80
49 7 39
49 10 60
49 12 23
49 15 58
49 16 8
49 18 93
49 19 7
49 20 32
49 21 91
49 23 103
49 24 93
49 26 69
49 27 53
49 29 81
49 30 19
49 31 100
49 32 109
49 34 28
49 35 7
49 36 104
49 37 73
49 42 24
49 44 76
49 45 55
49 48 61
