50
1 0 23
2 0 29
2 1 31
3 2 33
4 3 26
5 0 52
5 1 48
5 4 38
6 0 9
6 1 47
6 2 8
6 4 4
7 0 40
7 1 17
7 2 29
7 3 58
7 4 45
7 5 38
8 0 44
8 2 35
8 3 41
8 4 29
8 6 9
8 7 28
9 0 17
9 3 29
9 7 34
9 8 52
10 1 42
10 6 40
10 7 21
10 9 33
11 1 1
11 5 19
11 6 3
11 7 25
11 9 24
12 0 5
12 2 12
12 4 23
12 5 15
12 7 23
12 9 37
12 10 12
13 0 5
13 1 29
13 2 50
13 3 50
13 4 26
13 5 38
13 6 8
13 11 25
13 12 54
14 0 13
14 1 34
14 3 15
14 7 60
14 10 33
14 12 21
14 13 20
15 2 18
15 4 52
15 6 53
15 7 19
15 9 17
15 11 3
15 13 37
16 6 37
16 7 35
16 11 53
16 12 36
16 14 58
16 15 8
17 0 31
17 4 22
17 9 25
17 10 8
17 11 6
17 15 55
18 0 55
18 1 13
18 3 52
18 4 43
18 5 35
18 8 9
18 9 42
18 10 40
18 11 2
18 14 13
18 15 6
19 0 54
19 1 38
19 5 48
19 6 43
19 7 54
19 8 50
19 9 47
19 11 15
19 12 8
19 15 21
19 18 51
20 2 17
20 3 18
20 4 60
20 5 1
20 6 38
20 11 5
20 13 9
20 15 33
20 17 27
21 4 32
21 7 29
21 11 3
21 13 3
21 16 5
21 18 10
21 19 9
22 1 20
22 8 52
22 10 10
22 12 42
22 14 17
22 15 9
22 16 57
22 21 29
23 3 16
23 7 25
23 8 3
23 13 54
23 14 24
23 17 28
24 3 14
24 6 38
24 7 17
24 9 3
24 12 46
24 14 58
24 16 56
24 17 52
24 19 39
24 21 33
24 22 27
24 23 3
25 0 25
25 1 26
25 4 49
25 5 29
25 6 33
25 8 7
25 9 5
25 11 57
25 16 50
25 17 56
25 18 32
25 20 30
25 21 30
25 22 23
25 23 29
26 2 24
26 6 57
26 9 2
26 10 12
26 11 57
26 12 14
26 13 16
26 14 1
26 17 8
26 18 57
26 19 25
26 22 51
26 23 22
26 24 33
26 25 41
27 6 56
27 7 21
27 13 24
27 14 12
27 20 5
27 24 37
27 26 58
28 2 32
28 6 46
28 8 24
28 9 26
28 11 17
28 12 33
28 13 7
28 14 24
28 15 29
28 16 24
28 18 45
28 21 13
28 25 38
28 27 50
29 0 31
29 4 1
29 5 57
29 8 12
29 9 15
29 10 22
29 11 27
29 12 53
29 13 20
29 16 8
29 18 40
29 21 5
29 22 44
29 23 8
29 25 15
29 26 11
29 27 17
29 28 19
30 0 57
30 1 8
30 3 55
30 4 49
30 9 44
30 13 33
30 17 55
30 18 48
30 19 8
30 20 27
30 22 23
30 26 4
30 27 17
30 28 25
30 29 20
31 0 47
31 1 11
31 2 25
31 5 36
31 6 58
31 8 26
31 9 51
31 10 44
31 14 4
31 15 34
31 16 14
31 17 26
31 18 4
31 20 1
31 23 15
31 24 38
31 26 57
32 0 47
32 1 11
32 2 22
32 5 22
32 7 44
32 9 17
32 13 49
32 16 13
32 18 32
32 22 29
32 23 1
32 24 47
32 28 31
32 29 12
32 30 52
32 31 43
33 1 10
33 4 29
33 5 57
33 6 27
33 7 50
33 8 37
33 11 3
33 13 42
33 16 38
33 18 53
33 20 7
33 21 6
33 23 15
33 25 15
33 28 4
33 31 5
34 1 30
34 2 52
34 4 23
34 7 48
34 8 48
34 9 32
34 10 47
34 11 20
34 12 15
34 13 7
34 14 9
34 15 43
34 16 42
34 17 11
34 18 14
34 19 53
34 20 45
34 22 27
34 25 48
34 26 60
34 28 51
34 30 54
34 31 51
35 3 8
35 7 3
35 9 56
35 16 56
35 18 28
35 19 30
35 22 25
35 23 27
35 25 34
35 26 13
35 27 42
35 28 23
35 32 47
36 1 25
36 2 47
36 4 58
36 5 43
36 9 17
36 10 5
36 11 8
36 13 46
36 14 10
36 15 10
36 17 47
36 18 42
36 19 14
36 22 56
36 24 33
36 26 10
36 31 38
36 32 35
36 34 36
37 1 43
37 2 7
37 3 58
37 5 28
37 6 11
37 9 2
37 11 44
37 12 53
37 13 42
37 14 7
37 15 41
37 16 19
37 18 48
37 19 7
37 21 34
37 25 19
37 27 35
37 30 44
37 31 42
37 33 34
37 36 37
38 0 50
38 1 19
38 2 2
38 3 59
38 6 27
38 7 27
38 9 19
38 12 47
38 13 37
38 15 8
38 17 49
38 18 24
38 19 51
38 23 26
38 24 15
38 26 33
38 30 57
38 33 55
38 34 42
38 37 52
39 0 14
39 2 6
39 3 53
39 4 26
39 6 10
39 7 23
39 8 2
39 14 21
39 17 46
39 19 36
39 21 49
39 24 49
39 25 14
39 26 53
39 27 6
39 28 40
39 29 18
39 31 39
39 33 23
39 37 19
40 4 9
40 5 50
40 6 21
40 8 10
40 12 43
40 13 47
40 15 2
40 16 56
40 17 40
40 19 6
40 21 29
40 27 53
40 31 59
40 32 37
40 34 19
40 39 57
41 1 39
41 5 50
41 7 3
41 9 11
41 12 5
41 13 13
41 14 41
41 16 56
41 21 59
41 23 30
41 24 51
41 27 22
41 28 19
41 32 52
41 33 17
41 34 4
41 35 51
41 36 34
41 40 50
42 0 52
42 3 34
42 6 18
42 7 23
42 8 47
42 12 55
42 14 39
42 15 11
42 21 44
42 23 1
42 27 58
42 30 28
42 31 18
42 32 7
42 33 33
42 34 12
42 37 21
42 39 44
42 41 11
43 0 14
43 1 2
43 8 8
43 9 49
43 10 51
43 12 22
43 13 14
43 14 34
43 15 37
43 17 48
43 19 56
43 20 29
43 21 40
43 22 15
43 24 47
43 25 34
43 27 15
43 29 17
43 31 30
43 33 3
43 34 15
43 39 11
43 40 54
43 41 10
43 42 47
44 2 45
44 6 34
44 8 58
44 12 39
44 13 57
44 17 20
44 18 6
44 19 40
44 20 10
44 23 1
44 25 2
44 26 39
44 27 18
44 36 31
44 39 51
44 40 3
44 41 8
44 42 5
45 1 38
45 4 40
45 5 3
45 9 48
45 11 4
45 13 10
45 14 54
45 15 4
45 16 51
45 18 53
45 19 2
45 20 11
45 23 46
45 26 11
45 27 30
45 29 44
45 30 7
45 33 56
45 35 28
45 37 22
45 38 29
45 42 35
45 43 38
45 44 16
46 1 6
46 2 12
46 7 13
46 8 51
46 9 1
46 10 46
46 11 18
46 13 15
46 14 46
46 16 28
46 21 14
46 24 13
46 25 32
46 31 17
46 35 5
46 37 42
46 39 44
46 41 58
46 43 19
46 45 56
47 0 15
47 2 45
47 6 23
47 7 18
47 9 39
47 13 30
47 17 46
47 19 48
47 23 19
47 24 31
47 29 50
47 30 37
47 32 27
47 34 17
47 37 54
47 38 4
47 39 22
47 45 60
47 46 35
48 4 34
48 5 39
48 6 60
48 7 14
48 8 51
48 11 19
48 12 4
48 14 45
48 18 11
48 19 35
48 20 9
48 25 32
48 26 31
48 27 56
48 30 14
48 31 47
48 33 13
48 34 4
48 41 11
48 42 51
48 43 24
49 0 46
49 1 53
49 3 9
49 4 22
49 5 19
49 9 58
49 10 2
49 20 21
49 21 28
49 22 1
49 26 30
49 27 18
49 29 8
49 31 3
49 37 7
49 43 49
49 46 54
49 48 22
