40
1 0 13
2 0 19
3 0 2
3 1 17
4 1 13
4 3 16
5 0 2
5 1 17
5 2 35
7 2 6
7 3 37
7 5 38
7 6 31
8 1 14
8 2 23
8 3 17
8 5 30
8 7 3
9 1 4
9 2 1
9 4 32
9 5 13
9 6 20
10 0 16
10 1 25
10 4 40
10 5 25
10 6 21
10 8 6
11 2 5
11 3 24
11 4 32
11 5 36
11 7 2
11 8 18
12 3 11
12 4 37
12 7 2
12 8 13
12 9 3
12 10 33
12 11 25
13 0 29
13 2 38
13 7 2
13 9 12
14 0 38
14 2 23
14 3 35
14 7 5
14 8 34
14 9 14
15 0 38
15 4 5
15 7 7
15 8 25
15 10 11
15 11 21
15 12 39
16 0 5
16 2 29
16 3 38
16 6 29
16 7 9
16 8 2
16 9 39
16 15 29
17 7 27
17 8 23
18 1 34
18 6 33
18 7 12
18 10 14
18 11 6
18 12 5
18 13 18
18 14 16
18 15 25
19 0 18
19 2 3
19 4 25
19 6 35
19 10 36
19 11 35
19 14 8
19 15 7
19 16 32
19 17 9
19 18 24
20 0 15
20 1 10
20 2 30
20 4 1
20 6 34
20 8 16
20 9 28
20 10 12
20 11 9
20 13 26
20 14 35
20 16 40
20 19 13
21 0 37
21 1 36
21 3 26
21 7 29
21 8 12
21 10 11
21 13 31
21 15 19
21 17 4
21 18 29
21 19 39
22 0 28
22 1 22
22 3 15
22 4 38
22 5 31
22 9 15
22 11 18
22 12 10
22 13 6
22 15 15
22 16 35
22 17 27
22 18 19
22 19 25
22 20 35
23 1 5
23 2 27
23 4 25
23 5 39
23 6 12
23 7 29
23 9 20
23 12 38
23 13 32
23 14 25
23 15 34
23 19 20
23 21 28
24 0 30
24 1 15
24 5 2
24 6 8
24 9 14
24 11 14
24 14 33
24 15 26
24 22 14
24 23 30
25 0 3
25 1 30
25 2 16
25 8 35
25 9 38
25 13 11
25 14 10
25 19 2
25 20 24
26 4 2
26 8 37
26 9 33
26 10 28
26 11 8
26 12 39
26 13 4
26 14 23
26 15 25
26 17 6
26 18 3
26 23 40
26 24 25
27 0 23
27 3 9
27 4 14
27 8 6
27 14 25
27 15 2
27 18 35
27 20 22
27 23 12
27 24 30
27 26 29
28 1 2
28 3 21
28 4 21
28 6 38
28 7 29
28 10 19
28 11 31
28 12 19
28 14 23
28 15 21
28 16 33
28 17 6
28 18 9
28 20 39
28 21 4
28 24 35
28 25 13
28 26 3
28 27 7
29 3 15
29 4 40
29 6 19
29 7 37
29 8 34
29 11 13
29 23 18
29 24 23
29 26 20
29 27 37
30 3 32
30 4 3
30 8 15
30 9 9
30 11 13
30 12 23
30 16 7
30 21 11
30 26 36
30 29 16
31 0 3
31 2 19
31 11 7
31 12 38
31 13 13
31 14 16
31 18 10
31 19 15
31 20 11
31 24 2
31 25 35
31 29 29
32 0 24
32 2 35
32 3 18
32 5 10
32 6 5
32 12 3
32 13 10
32 14 32
32 18 12
32 19 22
32 22 16
32 23 21
32 25 16
32 26 27
32 27 8
32 28 37
33 0 23
33 2 18
33 3 16
33 5 9
33 7 11
33 9 2
33 10 1
33 11 18
33 12 2
33 16 40
33 19 6
33 20 18
33 21 13
33 22 26
33 24 3
33 26 11
33 29 12
33 32 26
34 0 11
34 2 13
34 3 8
34 5 18
34 7 39
34 9 26
34 12 8
34 13 20
34 16 39
34 18 3
34 19 28
34 21 14
34 23 32
34 24 32
34 26 18
34 31 23
35 0 8
35 1 24
35 3 39
35 4 19
35 5 10
35 7 14
35 8 38
35 9 7
35 11 15
35 15 24
35 16 12
35 18 30
35 20 36
35 23 19
35 24 18
35 25 26
35 26 2
35 27 15
35 28 35
35 30 11
35 32 4
36 1 26
36 5 17
36 10 11
36 11 38
36 12 37
36 13 7
36 16 16
36 17 15
36 19 22
36 20 37
36 23 6
36 25 27
36 27 35
36 31 27
36 33 22
36 34 36
36 35 28
37 0 18
37 2 31
37 3 25
37 4 34
37 7 3
37 8 15
37 9 35
37 10 16
37 11 35
37 12 32
37 22 30
37 23 33
37 24 27
37 25 15
37 26 22
37 30 8
37 31 30
37 33 40
37 34 10
37 35 10
37 36 17
38 1 4
38 3 38
38 4 36
38 6 39
38 7 20
38 8 31
38 9 10
38 10 4
38 13 27
38 14 34
38 15 28
38 17 10
38 22 36
38 24 23
38 27 21
38 29 33
38 34 20
38 36 14
38 37 27
39 1 31
39 2 7
39 3 7
39 5 19
39 6 12
39 8 36
39 10 19
39 14 10
39 15 10
39 16 32
39 17 27
39 19 14
39 23 21
39 25 24
39 27 6
39 32 27
39 34 10
39 38 18
