50
1 0 51
2 0 46
2 1 52
3 0 38
5 0 41
5 1 76
5 2 9
5 4 35
6 1 1
6 4 31
6 5 56
7 0 59
7 1 54
7 5 9
8 3 67
8 5 41
8 6 51
9 0 67
9 1 62
9 6 39
9 7 76
9 8 51
10 0 41
10 1 31
10 2 15
10 7 42
10 8 44
10 9 34
11 0 74
11 2 76
11 4 44
11 5 41
11 8 20
11 9 49
11 10 14
12 0 21
12 3 43
12 7 75
12 8 71
12 10 58
12 11 78
13 1 78
13 2 40
13 5 43
13 9 56
13 10 43
13 11 50
14 0 7
14 2 78
14 5 53
14 6 55
14 11 61
14 12 39
15 2 53
15 3 55
15 5 18
15 6 31
15 7 22
15 8 76
15 9 23
15 10 6
15 13 53
15 14 32
16 2 60
16 3 63
16 5 43
16 9 48
16 11 26
16 12 38
16 14 77
17 1 80
17 2 58
17 3 65
17 5 56
17 6 56
17 9 46
17 10 80
17 12 59
18 0 50
18 3 37
18 6 30
18 8 14
18 11 71
18 14 22
19 3 59
19 4 33
19 5 32
19 6 13
19 8 60
19 10 4
19 13 1
19 14 53
19 18 5
20 1 77
20 4 7
20 5 22
20 6 46
20 10 49
20 12 7
20 13 38
20 15 5
20 17 13
20 18 80
20 19 9
21 0 51
21 6 72
21 13 36
21 14 37
21 17 25
21 18 56
21 19 76
22 0 73
22 1 65
22 3 38
22 5 39
22 6 67
22 9 14
22 10 19
22 11 73
22 12 47
22 13 47
22 14 55
22 15 58
22 18 10
23 2 45
23 4 37
23 5 76
23 8 56
23 9 4
23 10 48
23 15 2
23 16 17
23 19 45
23 20 78
24 1 47
24 3 56
24 7 76
24 9 76
24 11 58
24 13 35
24 14 30
24 16 73
24 17 6
24 18 7
24 19 48
24 20 33
24 21 12
24 22 42
24 23 69
25 0 59
25 2 75
25 3 71
25 4 48
25 5 38
25 9 40
25 10 64
25 11 5
25 17 33
25 18 25
25 22 61
26 1 42
26 3 55
26 4 34
26 7 68
26 9 25
26 10 61
26 19 16
26 21 45
26 24 59
27 3 37
27 5 21
27 6 63
27 7 45
27 9 58
27 11 75
27 12 72
27 13 19
27 14 14
27 15 26
27 17 47
27 22 33
27 23 40
27 24 65
27 25 1
28 1 36
28 2 12
28 3 79
28 4 28
28 5 58
28 6 34
28 8 73
28 9 50
28 10 25
28 12 17
28 14 49
28 16 26
28 17 57
28 18 67
28 19 53
28 21 69
28 27 36
29 1 32
29 2 18
29 3 44
29 7 48
29 8 36
29 9 43
29 16 61
29 18 34
29 19 9
29 20 79
29 25 39
29 27 21
30 0 75
30 1 13
30 2 78
30 3 12
30 6 9
30 7 6
30 8 48
30 9 49
30 10 9
30 11 44
30 14 27
30 20 35
30 22 61
30 23 19
30 24 55
30 25 61
30 26 1
30 28 6
30 29 41
31 4 9
31 9 41
31 10 20
31 11 54
31 12 52
31 13 54
31 14 9
31 15 22
31 18 7
31 20 44
31 25 47
31 27 46
31 28 21
31 29 46
32 0 11
32 1 54
32 2 39
32 3 50
32 6 77
32 7 57
32 8 68
32 9 29
32 10 26
32 12 46
32 14 76
32 15 13
32 16 62
32 17 22
32 19 66
32 20 69
32 21 72
32 22 6
32 23 30
32 25 11
32 26 76
32 27 27
32 30 21
32 31 77
33 0 27
33 2 46
33 3 78
33 4 78
33 5 39
33 6 64
33 7 56
33 10 9
33 11 65
33 14 80
33 15 43
33 17 78
33 20 30
33 21 42
33 22 34
33 27 53
33 30 14
33 32 52
34 0 62
34 2 10
34 5 20
34 7 12
34 12 72
34 13 17
34 19 26
34 20 71
34 22 6
34 24 77
34 28 74
34 29 19
34 32 43
34 33 1
35 0 51
35 1 45
35 2 65
35 3 19
35 4 10
35 5 79
35 6 67
35 7 60
35 8 73
35 10 35
35 12 9
35 13 3
35 17 24
35 20 69
35 21 41
35 22 67
35 24 10
35 25 29
35 26 51
35 29 49
35 30 72
35 32 16
36 1 56
36 2 18
36 4 60
36 6 2
36 7 14
36 9 33
36 11 14
36 14 37
36 15 7
36 16 66
36 18 8
36 21 28
36 22 77
36 23 42
36 24 48
36 26 55
36 28 54
36 29 53
36 30 3
36 34 12
36 35 47
37 1 20
37 2 18
37 3 30
37 4 51
37 5 78
37 6 17
37 8 44
37 9 26
37 10 51
37 11 37
37 13 18
37 14 30
37 15 55
37 17 43
37 20 37
37 21 71
37 22 65
37 26 35
37 29 64
37 30 30
37 31 60
37 32 4
37 33 37
37 34 27
38 0 52
38 1 70
38 2 18
38 7 75
38 10 56
38 12 49
38 13 74
38 18 35
38 20 77
38 21 40
38 22 52
38 23 18
38 25 59
38 28 69
38 29 55
38 30 47
38 33 19
38 34 9
38 36 16
39 1 29
39 8 42
39 11 79
39 12 18
39 14 77
39 17 48
39 18 58
39 22 1
39 24 47
39 25 4
39 28 35
39 30 79
39 31 66
39 35 59
39 36 76
39 38 79
40 3 3
40 10 50
40 11 79
40 12 61
40 14 27
40 15 56
40 19 23
40 23 68
40 24 5
40 26 10
40 27 44
40 28 43
40 30 72
40 34 51
40 38 62
41 1 19
41 3 24
41 4 59
41 6 25
41 7 33
41 9 26
41 12 8
41 13 8
41 15 11
41 18 44
41 19 33
41 22 69
41 26 2
41 27 40
41 29 61
41 30 53
41 31 31
41 32 9
41 33 75
41 34 12
41 38 25
41 39 41
41 40 62
42 0 23
42 5 36
42 8 35
42 9 43
42 11 36
42 15 23
42 17 45
42 18 19
42 20 17
42 22 39
42 25 33
42 26 35
42 27 36
42 29 65
42 30 40
42 34 50
42 36 48
42 37 26
42 39 57
42 40 41
42 41 56
43 1 80
43 2 72
43 3 14
43 4 31
43 5 35
43 6 11
43 7 23
43 8 60
43 9 46
43 10 7
43 12 36
43 13 55
43 17 69
43 20 60
43 22 8
43 23 30
43 26 11
43 31 34
43 32 76
43 34 38
43 36 27
43 37 61
43 40 38
43 42 65
44 0 42
44 1 56
44 2 30
44 4 43
44 6 74
44 7 11
44 8 53
44 10 29
44 11 37
44 13 53
44 14 22
44 17 16
44 18 20
44 19 48
44 26 28
44 28 1
44 29 63
44 31 16
44 32 60
44 33 70
44 34 67
44 35 56
44 38 12
44 43 55
45 3 12
45 5 33
45 6 36
45 7 50
45 8 45
45 12 8
45 14 3
45 19 13
45 20 41
45 22 40
45 23 75
45 26 16
45 29 48
45 32 28
45 33 47
45 34 68
45 35 20
45 36 21
45 37 65
45 40 47
45 41 8
45 42 40
45 43 20
46 0 24
46 1 14
46 3 18
46 7 17
46 8 2
46 9 70
46 10 63
46 12 13
46 13 77
46 14 32
46 15 53
46 20 40
46 23 68
46 25 5
46 26 77
46 27 80
46 28 13
46 29 40
46 31 20
46 35 66
46 37 14
46 38 24
46 39 54
46 42 30
46 43 60
46 45 23
47 4 47
47 6 79
47 9 12
47 15 3
47 16 26
47 17 67
47 18 38
47 19 77
47 20 66
47 22 15
47 24 21
47 25 15
47 28 68
47 29 59
47 31 20
47 33 11
47 34 37
47 36 66
47 37 25
47 40 80
47 42 59
47 43 49
47 44 1
47 45 35
47 46 2
48 2 74
48 3 62
48 5 2
48 8 55
48 10 12
48 11 25
48 12 29
48 17 9
48 18 65
48 19 16
48 20 43
48 22 51
48 24 38
48 25 5
48 26 48
48 29 2
48 30 43
48 31 52
48 34 53
48 38 67
48 44 80
48 47 39
49 0 14
49 1 51
49 5 5
49 9 9
49 11 24
49 12 43
49 14 6
49 17 37
49 18 6
49 19 27
49 21 62
49 22 74
49 23 33
49 25 23
49 30 74
49 31 7
49 32 66
49 34 9
49 35 43
49 36 47
49 37 39
49 38 46
49 39 26
49 42 8
49 45 14
49 46 44
49 47 47
49 48 34
