20
3 0 2
4 2 1
5 0 8
5 3 11
5 4 14
6 4 6
7 0 9
7 1 11
7 3 20
7 5 13
7 6 5
8 0 7
8 2 12
8 4 17
8 5 10
8 7 17
9 0 19
9 1 16
9 3 18
9 4 16
9 6 20
10 1 6
10 2 2
10 4 13
10 9 16
11 0 3
11 2 14
11 5 15
11 6 18
11 7 14
12 2 15
12 5 7
12 7 9
12 11 5
13 0 15
13 2 11
13 3 18
13 6 11
13 9 9
13 11 12
14 2 17
14 5 6
14 7 18
14 10 10
14 11 14
14 12 14
14 13 4
15 1 18
15 2 3
15 4 5
15 5 20
15 10 7
15 11 8
15 12 4
15 13 11
16 1 16
16 2 4
16 3 4
16 4 16
16 6 1
16 7 7
16 9 5
16 15 1
17 2 20
17 3 19
17 4 8
17 8 1
17 11 9
17 13 20
17 14 14
17 15 13
18 0 18
18 5 3
18 7 14
18 8 6
18 13 7
18 16 14
19 3 16
19 5 1
19 7 18
19 10 4
19 11 17
19 12 11
19 16 3
19 18 8
