70
1 0 9
4 0 19
4 1 7
5 0 73
5 1 23
5 2 47
6 0 30
6 5 33
7 1 8
7 4 36
7 6 58
8 3 68
8 5 50
8 7 75
9 1 48
9 3 9
9 4 74
9 5 31
10 0 2
10 4 27
10 9 51
11 1 9
11 2 61
11 3 70
11 7 39
11 8 47
12 0 26
12 1 45
12 2 52
12 3 10
12 6 67
12 7 3
12 8 38
12 11 80
13 2 59
13 4 9
13 7 67
13 8 27
13 9 36
13 10 30
13 12 18
14 2 18
14 3 23
14 5 8
14 6 43
14 8 23
14 10 52
14 11 64
14 12 33
15 4 50
15 5 4
15 6 3
15 9 68
15 10 46
15 11 10
15 12 27
16 4 58
16 5 57
16 7 7
16 11 56
16 13 23
16 14 5
17 3 76
17 5 31
17 6 36
17 8 64
17 9 11
17 10 57
17 11 8
17 14 37
17 15 78
17 16 48
18 1 36
18 2 6
18 5 67
18 6 20
18 7 6
18 8 10
18 9 72
18 10 46
18 12 14
18 13 4
18 14 22
18 15 63
18 17 23
19 0 52
19 2 46
19 3 61
19 4 1
19 5 11
19 6 71
19 8 37
19 11 57
19 13 78
19 14 74
19 15 66
19 16 2
19 17 52
19 18 8
20 3 8
20 4 6
20 5 56
20 6 22
20 11 30
20 12 11
20 13 64
20 15 38
20 16 8
20 17 65
20 19 3
21 3 68
21 4 51
21 10 56
21 11 20
21 15 61
21 16 2
22 0 30
22 1 13
22 4 32
22 9 6
22 10 36
22 12 42
22 14 47
22 16 40
22 17 31
22 19 70
23 0 18
23 2 64
23 3 33
23 4 46
23 5 40
23 6 16
23 7 32
23 8 24
23 9 71
23 10 68
23 12 63
23 19 54
23 20 1
23 21 78
23 22 29
24 2 56
24 4 9
24 5 31
24 9 70
24 10 48
24 13 55
24 14 44
24 18 25
24 23 71
25 0 62
25 1 25
25 2 46
25 4 19
25 5 74
25 6 64
25 7 20
25 8 74
25 9 3
25 10 47
25 12 67
25 14 66
25 16 13
25 19 13
26 0 80
26 3 26
26 4 28
26 7 42
26 9 71
26 11 45
26 12 37
26 15 25
26 16 58
26 17 49
26 21 76
26 23 67
27 1 64
27 2 49
27 6 52
27 7 28
27 8 64
27 9 23
27 14 61
27 15 12
27 16 3
27 18 30
27 20 37
27 23 46
27 24 57
27 25 66
27 26 57
28 1 48
28 2 45
28 5 22
28 7 78
28 8 29
28 9 76
28 10 3
28 11 20
28 12 21
28 20 66
28 22 6
28 26 16
28 27 72
29 1 20
29 3 67
29 4 41
29 6 72
29 7 78
29 9 36
29 10 46
29 12 11
29 13 78
29 14 71
29 15 28
29 16 33
29 21 5
29 23 64
29 24 6
29 25 54
29 26 26
29 28 33
30 0 44
30 1 24
30 3 74
30 6 47
30 9 18
30 10 25
30 11 17
30 12 67
30 19 43
30 21 11
30 23 68
30 25 69
30 26 54
30 28 31
31 0 36
31 1 18
31 4 76
31 12 59
31 14 34
31 15 6
31 16 78
31 20 2
31 25 42
31 29 71
31 30 56
32 1 28
32 2 41
32 3 9
32 4 15
32 8 80
32 9 54
32 14 68
32 16 70
32 17 64
32 19 62
32 22 41
32 23 76
32 24 41
32 26 13
32 27 54
32 28 71
32 29 78
32 31 2
33 0 78
33 4 14
33 6 39
33 7 80
33 8 18
33 12 65
33 17 43
33 20 11
33 21 33
33 24 73
33 25 60
33 26 11
33 28 11
33 30 61
34 0 52
34 3 46
34 6 54
34 8 8
34 10 31
34 12 29
34 13 21
34 15 64
34 16 55
34 17 31
34 20 42
34 24 40
34 25 76
34 27 50
34 28 46
34 30 8
34 32 25
35 0 77
35 4 34
35 6 19
35 9 67
35 10 8
35 14 11
35 17 63
35 18 31
35 25 19
35 27 34
35 29 32
35 31 4
35 33 65
35 34 25
36 0 75
36 1 25
36 2 47
36 4 12
36 6 12
36 8 57
36 9 63
36 10 22
36 14 18
36 15 47
36 18 34
36 19 17
36 20 15
36 22 67
36 28 73
36 29 74
36 30 18
36 35 37
37 3 7
37 4 32
37 5 27
37 9 1
37 10 25
37 12 34
37 14 48
37 15 35
37 16 3
37 18 8
37 19 30
37 22 24
37 23 4
37 24 8
37 28 29
37 32 32
37 34 35
37 36 56
38 0 42
38 2 38
38 3 16
38 5 80
38 7 32
38 9 79
38 11 29
38 12 71
38 13 63
38 14 13
38 15 56
38 17 75
38 19 20
38 21 58
38 23 69
38 28 57
38 29 25
38 32 26
38 34 65
38 36 19
39 1 39
39 7 57
39 8 74
39 18 26
39 23 66
39 26 16
39 27 37
39 28 33
39 29 23
39 30 77
39 32 13
39 34 25
39 37 32
39 38 21
40 1 79
40 5 69
40 6 57
40 7 15
40 10 61
40 11 17
40 13 11
40 14 3
40 16 74
40 17 79
40 18 6
40 19 23
40 20 31
40 21 23
40 22 32
40 23 26
40 24 6
40 27 65
40 30 71
40 31 6
40 32 6
40 35 26
40 39 61
41 0 53
41 1 6
41 4 44
41 7 65
41 12 28
41 14 11
41 17 20
41 19 41
41 20 6
41 23 5
41 24 41
41 26 74
41 30 54
41 32 48
41 34 52
41 36 9
41 37 38
41 38 52
42 0 63
42 2 64
42 3 27
42 6 21
42 13 44
42 16 3
42 17 63
42 18 57
42 20 39
42 22 20
42 24 48
42 25 55
42 30 50
42 35 58
42 39 16
42 40 45
42 41 78
43 2 60
43 5 64
43 7 26
43 8 14
43 11 21
43 12 77
43 13 50
43 15 32
43 16 24
43 17 57
43 22 61
43 23 4
43 28 54
43 30 57
43 31 19
43 32 65
43 33 17
43 35 22
43 36 68
43 37 79
43 39 7
44 0 30
44 2 54
44 4 44
44 5 18
44 6 49
44 7 41
44 9 12
44 10 34
44 11 1
44 12 12
44 13 69
44 14 80
44 15 21
44 16 65
44 17 5
44 20 43
44 22 2
44 24 41
44 25 72
44 27 45
44 29 56
44 30 40
44 32 11
44 33 20
44 34 5
44 36 69
44 37 56
44 39 20
44 40 64
44 42 62
45 1 54
45 5 18
45 8 78
45 11 9
45 20 31
45 21 59
45 25 72
45 27 21
45 32 65
45 35 63
45 37 51
45 38 78
45 39 14
45 42 55
45 43 74
46 1 22
46 3 34
46 4 58
46 5 38
46 7 43
46 12 5
46 15 31
46 16 74
46 20 44
46 21 28
46 22 46
46 23 35
46 24 24
46 25 3
46 26 80
46 27 71
46 33 10
46 34 30
46 35 77
46 37 53
46 38 66
46 39 39
46 40 27
46 41 69
46 43 48
46 45 17
47 1 45
47 7 11
47 10 51
47 12 9
47 15 27
47 18 50
47 19 36
47 20 51
47 21 23
47 22 52
47 23 72
47 24 40
47 25 37
47 26 43
47 27 72
47 28 1
47 29 37
47 32 69
47 35 61
47 36 8
47 38 46
47 39 22
47 41 41
47 45 5
48 1 36
48 2 72
48 3 43
48 6 42
48 7 36
48 11 70
48 13 37
48 15 32
48 16 58
48 18 27
48 19 75
48 21 44
48 23 77
48 25 14
48 31 72
48 32 46
48 35 42
48 36 21
48 37 22
48 38 25
48 40 60
48 42 24
48 43 65
48 47 14
49 3 11
49 4 14
49 5 79
49 6 53
49 8 37
49 10 20
49 11 68
49 12 62
49 13 62
49 17 71
49 18 58
49 19 41
49 21 71
49 24 7
49 25 44
49 26 35
49 29 19
49 36 2
49 37 47
49 38 56
49 39 21
49 40 45
49 42 27
49 43 25
49 45 32
49 47 24
50 0 80
50 1 29
50 2 10
50 3 44
50 6 37
50 7 77
50 8 49
50 9 64
50 10 34
50 12 67
50 14 7
50 18 42
50 20 45
50 24 41
50 27 8
50 29 1
50 30 79
50 34 78
50 36 5
50 41 69
50 43 75
50 44 8
50 46 34
50 47 59
50 49 48
51 1 60
51 2 10
51 5 69
51 6 12
51 9 56
51 10 69
51 14 71
51 15 53
51 18 36
51 20 77
51 22 16
51 23 28
51 25 44
51 26 21
51 29 66
51 32 28
51 34 10
51 36 34
51 41 28
51 42 62
51 43 7
51 48 37
51 50 80
52 0 69
52 1 38
52 2 37
52 7 37
52 12 62
52 13 18
52 20 9
52 23 23
52 28 4
52 36 60
52 37 4
52 39 56
52 41 79
52 46 62
52 50 24
53 0 3
53 1 17
53 2 10
53 3 65
53 5 27
53 6 5
53 12 55
53 13 72
53 14 75
53 16 20
53 18 75
53 22 67
53 23 37
53 24 49
53 25 79
53 28 5
53 30 43
53 35 20
53 36 78
53 39 27
53 42 52
53 43 45
53 44 16
53 51 80
54 2 60
54 3 32
54 4 14
54 5 11
54 8 15
54 9 62
54 10 39
54 12 10
54 13 20
54 14 77
54 16 11
54 20 6
54 21 66
54 24 4
54 26 60
54 29 9
54 30 17
54 35 20
54 37 41
54 39 16
54 42 56
54 44 64
54 45 67
54 47 18
54 48 4
54 49 60
54 50 16
54 51 48
54 52 41
55 0 20
55 7 30
55 8 72
55 11 25
55 14 24
55 16 63
55 17 46
55 18 34
55 21 58
55 24 72
55 25 57
55 26 40
55 27 44
55 28 42
55 29 44
55 30 61
55 32 16
55 33 52
55 34 7
55 36 14
55 38 52
55 43 24
55 44 7
55 48 68
55 49 31
55 50 36
55 51 35
55 53 68
55 54 34
56 9 43
56 11 40
56 13 16
56 15 62
56 18 17
56 21 29
56 23 2
56 24 48
56 26 65
56 27 80
56 28 35
56 31 53
56 32 15
56 33 16
56 34 26
56 40 69
56 44 7
56 45 34
56 46 63
56 50 25
56 53 43
56 54 31
57 1 57
57 5 60
57 8 4
57 10 23
57 11 39
57 12 33
57 14 32
57 15 68
57 17 66
57 20 30
57 21 37
57 22 4
57 23 44
57 24 70
57 28 66
57 29 30
57 30 59
57 32 19
57 33 61
57 34 13
57 35 62
57 37 43
57 38 44
57 42 70
57 45 27
57 49 40
57 50 16
57 52 28
57 54 50
57 55 73
57 56 68
58 4 8
58 5 29
58 9 15
58 12 72
58 13 57
58 16 65
58 18 63
58 19 43
58 20 50
58 22 21
58 25 4
58 26 15
58 28 4
58 30 6
58 31 40
58 32 60
58 34 30
58 35 55
58 38 39
58 39 59
58 41 31
58 42 42
58 44 39
58 46 71
58 47 49
58 48 51
58 49 28
58 50 28
58 51 36
58 54 26
59 0 55
59 1 28
59 2 37
59 3 54
59 4 68
59 6 12
59 10 70
59 11 5
59 14 41
59 15 54
59 18 53
59 20 33
59 21 42
59 22 37
59 23 40
59 24 79
59 26 63
59 28 20
59 29 24
59 31 11
59 33 61
59 34 75
59 36 71
59 37 54
59 38 23
59 39 73
59 40 60
59 41 67
59 45 46
59 47 27
59 48 35
59 52 30
59 53 3
59 54 49
59 55 45
59 58 36
60 0 47
60 1 31
60 3 15
60 5 9
60 7 36
60 8 20
60 11 42
60 12 53
60 14 28
60 18 12
60 20 2
60 26 28
60 27 15
60 28 60
60 29 68
60 31 74
60 32 9
60 33 43
60 34 22
60 35 53
60 36 42
60 39 6
60 41 23
60 45 73
60 46 58
60 47 31
60 48 12
60 50 3
60 54 32
60 55 33
60 57 8
60 58 63
60 59 51
61 1 14
61 2 11
61 3 7
61 4 76
61 6 73
61 9 1
61 12 54
61 13 77
61 14 27
61 17 14
61 18 75
61 19 47
61 20 69
61 21 20
61 22 39
61 23 75
61 25 36
61 26 21
61 28 33
61 29 66
61 33 73
61 34 26
61 39 72
61 40 6
61 45 73
61 46 32
61 47 4
61 51 11
61 52 27
61 53 73
61 55 69
61 58 12
61 59 42
61 60 75
62 0 27
62 1 79
62 4 40
62 6 26
62 7 24
62 10 6
62 13 69
62 15 20
62 18 76
62 20 63
62 21 20
62 22 23
62 23 65
62 25 6
62 26 76
62 27 1
62 28 31
62 29 30
62 33 47
62 34 9
62 35 62
62 36 70
62 37 74
62 38 17
62 41 30
62 43 39
62 45 54
62 47 3
62 52 43
62 55 6
62 57 45
62 60 72
62 61 63
63 0 37
63 3 30
63 5 19
63 7 39
63 9 19
63 11 18
63 15 6
63 16 33
63 17 59
63 20 44
63 24 75
63 29 30
63 31 33
63 32 77
63 33 19
63 34 7
63 36 72
63 39 63
63 40 52
63 41 72
63 43 28
63 44 18
63 45 68
63 47 78
63 53 23
63 55 58
63 56 29
63 59 62
63 60 58
63 61 1
64 1 3
64 3 18
64 4 77
64 8 55
64 11 61
64 12 24
64 13 51
64 14 63
64 16 56
64 17 60
64 19 59
64 25 22
64 28 1
64 30 40
64 31 17
64 33 57
64 34 18
64 39 42
64 40 30
64 44 66
64 45 8
64 50 79
64 52 72
64 54 69
64 57 39
64 58 17
64 59 6
64 63 57
65 1 21
65 5 41
65 7 19
65 8 42
65 9 61
65 11 29
65 12 28
65 13 32
65 14 68
65 15 2
65 18 52
65 19 7
65 21 20
65 22 23
65 25 68
65 31 35
65 32 63
65 36 31
65 37 71
65 39 22
65 41 79
65 42 49
65 43 9
65 46 22
65 48 15
65 49 28
65 51 44
65 52 45
65 56 28
65 57 45
65 58 25
65 59 54
65 61 74
65 63 10
65 64 66
66 0 25
66 1 52
66 2 13
66 3 44
66 8 49
66 9 40
66 11 1
66 12 12
66 17 14
66 18 52
66 19 42
66 20 61
66 22 14
66 23 27
66 25 72
66 26 50
66 27 6
66 29 36
66 31 13
66 32 18
66 33 8
66 34 27
66 36 67
66 38 48
66 41 74
66 42 22
66 44 6
66 48 72
66 50 45
66 55 53
66 56 31
66 57 72
66 58 33
66 60 60
66 61 3
66 62 39
66 64 51
66 65 47
67 1 46
67 2 65
67 5 59
67 11 10
67 12 59
67 14 78
67 18 3
67 23 33
67 26 75
67 27 39
67 31 74
67 36 14
67 39 40
67 44 73
67 45 40
67 47 59
67 52 59
67 53 46
67 54 57
67 57 9
67 62 40
67 64 78
67 65 38
68 0 67
68 9 63
68 10 64
68 12 55
68 13 44
68 16 67
68 18 2
68 19 20
68 22 64
68 29 69
68 30 42
68 31 34
68 36 15
68 39 24
68 40 35
68 42 78
68 43 22
68 47 34
68 55 15
68 58 72
68 60 73
68 63 30
68 64 47
68 65 20
68 67 44
69 0 28
69 4 21
69 9 7
69 10 52
69 12 7
69 13 22
69 15 51
69 16 21
69 17 10
69 19 27
69 21 20
69 22 47
69 23 6
69 28 15
69 31 59
69 35 40
69 38 46
69 42 76
69 43 72
69 45 25
69 46 39
69 57 20
69 58 1
69 59 35
69 60 56
69 61 43
69 63 79
69 64 61
69 65 14
69 66 74
69 68 64
