70
1 0 90
2 1 67
3 0 10
4 0 96
4 2 37
4 3 47
5 1 66
6 3 79
7 3 24
7 5 45
7 6 88
8 3 83
8 4 75
8 5 30
8 6 78
8 7 2
9 0 87
9 2 20
9 3 64
9 5 27
9 6 40
9 8 43
10 0 64
10 2 63
10 6 9
10 9 50
11 0 99
11 1 76
11 2 64
11 3 69
11 5 56
11 7 7
11 8 4
11 9 44
11 10 48
12 0 41
12 1 6
12 4 52
12 8 10
12 9 49
12 10 7
12 11 75
13 5 77
13 9 53
13 11 81
13 12 58
14 1 90
14 3 67
14 5 63
14 7 83
14 13 25
15 0 21
15 2 80
15 8 1
15 10 9
15 12 77
15 13 85
15 14 41
16 0 8
16 1 4
16 2 45
16 5 27
16 7 65
16 9 47
16 10 63
16 15 59
17 0 60
17 2 46
17 4 74
17 8 96
17 9 52
17 11 57
17 12 93
17 13 27
17 14 97
18 1 16
18 3 12
18 6 91
18 7 65
18 8 45
18 14 33
19 0 46
19 1 35
19 2 100
19 3 26
19 7 82
19 9 5
19 10 86
19 12 34
19 14 84
19 15 9
20 0 46
20 4 37
20 5 78
20 9 85
20 12 62
20 13 85
20 15 97
20 16 8
20 17 90
20 19 62
21 2 28
21 4 88
21 9 87
21 13 22
21 14 6
21 15 35
21 16 30
21 17 25
22 0 85
22 5 6
22 8 41
22 11 21
22 12 17
22 13 33
22 14 35
22 15 94
22 18 41
22 21 6
23 0 94
23 7 49
23 8 39
23 9 89
23 13 38
23 14 35
23 15 47
23 19 22
23 21 42
23 22 45
24 3 14
24 4 9
24 6 19
24 8 33
24 9 77
24 11 79
24 14 15
24 15 61
24 18 17
24 20 100
25 0 40
25 3 32
25 6 49
25 8 18
25 9 14
25 11 83
25 12 2
25 13 28
25 15 87
25 17 84
25 19 59
25 20 46
25 24 66
26 2 49
26 3 60
26 4 24
26 6 66
26 7 30
26 8 9
26 9 28
26 10 5
26 11 70
26 14 63
26 16 13
26 17 3
26 19 21
26 20 72
26 22 28
26 24 80
27 2 38
27 3 52
27 5 4
27 7 96
27 8 21
27 9 89
27 10 32
27 13 72
27 14 68
27 15 84
27 17 62
27 19 29
27 22 77
27 23 87
27 24 19
27 25 15
27 26 22
28 2 79
28 4 47
28 5 39
28 6 11
28 9 26
28 10 17
28 12 89
28 13 6
28 14 92
28 17 56
28 18 67
28 19 60
28 20 35
28 21 92
28 24 1
28 25 8
28 26 65
28 27 55
29 0 88
29 2 38
29 3 54
29 5 32
29 7 72
29 9 81
29 11 62
29 12 80
29 16 47
29 17 62
29 21 8
29 22 15
29 27 82
29 28 41
30 2 93
30 3 40
30 4 6
30 7 80
30 9 3
30 11 52
30 12 98
30 13 53
30 15 79
30 16 1
30 19 29
30 20 54
30 23 66
30 24 29
30 25 81
30 26 20
30 27 99
30 28 100
31 2 24
31 4 91
31 6 8
31 8 20
31 10 27
31 13 79
31 14 45
31 15 6
31 16 41
31 19 38
31 21 92
31 22 87
31 23 91
31 27 33
31 28 69
32 2 39
32 3 85
32 4 37
32 7 67
32 8 13
32 11 76
32 17 100
32 19 16
32 20 89
32 23 62
32 25 77
32 26 11
32 27 89
32 28 1
32 29 93
32 31 40
33 0 11
33 3 22
33 9 10
33 11 47
33 12 90
33 13 33
33 15 27
33 16 6
33 20 25
33 21 76
33 22 20
33 23 76
33 26 47
33 32 81
34 0 51
34 1 39
34 3 32
34 4 37
34 6 76
34 8 28
34 10 91
34 17 11
34 18 72
34 22 19
34 24 5
34 25 81
34 26 67
34 27 12
34 32 18
35 0 22
35 1 39
35 3 28
35 7 26
35 9 90
35 11 86
35 16 90
35 17 23
35 19 36
35 21 52
35 22 35
35 26 36
35 27 79
35 28 58
35 30 56
35 34 99
36 0 93
36 1 86
36 3 73
36 4 27
36 6 5
36 7 54
36 8 11
36 9 51
36 11 92
36 13 87
36 16 70
36 17 6
36 20 2
36 23 50
36 24 60
36 26 74
36 30 73
36 31 88
36 34 26
37 2 13
37 4 27
37 7 99
37 8 85
37 10 55
37 11 60
37 12 61
37 13 79
37 14 96
37 15 86
37 20 36
37 22 66
37 23 4
37 28 33
37 29 31
37 31 10
37 32 63
37 33 86
37 36 10
38 0 58
38 5 7
38 6 59
38 8 11
38 11 85
38 14 61
38 17 21
38 24 16
38 25 73
38 29 41
38 33 91
38 35 33
38 36 89
38 37 84
39 0 92
39 4 34
39 6 35
39 9 4
39 11 32
39 12 73
39 16 39
39 22 80
39 24 45
39 25 93
39 27 6
39 28 34
39 29 28
39 30 88
39 31 99
39 32 42
39 33 24
39 37 53
40 0 3
40 1 23
40 2 62
40 3 4
40 4 63
40 6 25
40 7 6
40 8 87
40 9 38
40 14 4
40 15 28
40 17 60
40 23 8
40 24 33
40 25 82
40 27 40
40 28 67
40 29 6
40 32 40
40 36 58
40 38 44
40 39 33
41 3 45
41 6 1
41 8 51
41 10 81
41 11 33
41 14 13
41 15 91
41 16 27
41 17 51
41 19 1
41 21 85
41 22 44
41 23 65
41 24 66
41 28 52
41 30 54
41 32 89
41 33 20
41 34 10
41 35 22
41 36 71
41 38 25
41 40 21
42 2 87
42 3 56
42 5 57
42 7 37
42 10 61
42 11 87
42 13 61
42 14 18
42 15 85
42 17 66
42 19 25
42 22 18
42 23 33
42 24 89
42 25 94
42 27 58
42 28 93
42 29 47
42 30 41
42 31 50
42 34 11
42 35 39
42 36 55
42 38 76
43 0 93
43 3 56
43 4 64
43 5 93
43 6 21
43 7 15
43 14 68
43 16 31
43 18 87
43 20 76
43 22 38
43 25 7
43 26 41
43 27 5
43 29 100
43 30 19
43 31 73
43 33 45
43 36 72
43 41 64
44 4 27
44 6 8
44 8 64
44 11 55
44 12 96
44 15 70
44 16 17
44 21 23
44 24 98
44 25 38
44 26 10
44 29 37
44 34 28
44 35 49
44 36 52
44 37 33
44 38 88
44 39 29
44 40 55
44 42 32
45 4 19
45 5 66
45 6 87
45 8 41
45 9 60
45 10 21
45 11 49
45 12 80
45 13 46
45 14 36
45 18 2
45 19 53
45 20 34
45 23 68
45 24 18
45 29 25
45 32 40
45 34 33
45 40 35
45 42 19
45 44 73
46 3 95
46 4 9
46 5 97
46 7 77
46 8 91
46 9 10
46 10 60
46 12 100
46 13 29
46 14 13
46 15 68
46 16 13
46 19 24
46 20 92
46 22 8
46 24 85
46 25 8
46 26 58
46 27 27
46 29 70
46 33 20
46 36 11
46 39 71
46 41 77
46 42 5
46 44 18
46 45 55
47 0 96
47 2 70
47 4 40
47 5 73
47 6 9
47 8 29
47 11 61
47 14 3
47 16 50
47 17 64
47 18 17
47 19 56
47 20 22
47 21 68
47 22 35
47 23 83
47 24 93
47 25 5
47 26 24
47 28 53
47 30 99
47 36 50
47 38 31
47 41 2
47 42 58
48 0 82
48 1 85
48 2 75
48 4 5
48 9 83
48 14 19
48 17 8
48 19 5
48 22 77
48 23 46
48 24 60
48 26 35
48 31 80
48 33 49
48 34 90
48 36 64
48 38 71
48 40 62
48 41 38
48 44 95
48 47 44
49 0 18
49 1 26
49 3 55
49 9 19
49 11 3
49 15 1
49 17 11
49 19 35
49 20 56
49 21 26
49 23 88
49 25 95
49 26 49
49 27 54
49 28 1
49 29 100
49 31 25
49 32 82
49 34 56
49 35 42
49 37 83
49 38 100
49 39 55
49 40 8
49 43 96
49 45 60
49 46 44
49 48 77
50 1 73
50 3 18
50 6 83
50 7 84
50 9 23
50 12 87
50 15 62
50 16 75
50 17 9
50 18 57
50 19 52
50 22 25
50 23 87
50 25 29
50 27 56
50 28 23
50 30 26
50 32 38
50 33 28
50 34 87
50 36 53
50 37 9
50 38 84
50 39 9
50 40 24
50 41 37
50 44 8
50 49 58
51 0 83
51 1 1
51 2 95
51 4 40
51 5 49
51 6 49
51 8 66
51 9 57
51 10 2
51 11 46
51 14 98
51 22 30
51 23 65
51 25 90
51 27 56
51 30 53
51 31 90
51 32 100
51 33 55
51 34 51
51 38 41
51 39 90
51 41 49
51 42 74
51 46 5
51 47 23
51 49 1
52 0 21
52 2 21
52 3 70
52 5 66
52 7 63
52 8 11
52 10 49
52 12 82
52 13 80
52 14 15
52 18 63
52 20 5
52 21 58
52 24 31
52 25 12
52 26 26
52 32 82
52 34 40
52 35 60
52 36 83
52 37 64
52 38 68
52 40 3
52 41 34
52 44 100
52 45 57
52 46 96
52 47 99
52 51 63
53 2 65
53 3 86
53 11 58
53 17 93
53 20 79
53 22 46
53 24 58
53 25 76
53 26 72
53 27 73
53 29 54
53 30 19
53 31 10
53 32 5
53 37 82
53 38 67
53 41 69
53 42 34
53 43 15
53 46 81
53 48 22
53 50 1
53 51 78
54 1 92
54 2 25
54 3 6
54 4 30
54 5 83
54 6 95
54 7 3
54 13 34
54 14 20
54 15 83
54 17 60
54 18 7
54 22 93
54 23 19
54 24 88
54 26 24
54 27 11
54 28 93
54 29 85
54 30 36
54 32 46
54 33 5
54 34 51
54 36 58
54 38 81
54 39 33
54 40 43
54 44 12
54 47 12
54 49 71
55 2 85
55 6 75
55 7 73
55 8 39
55 9 26
55 14 29
55 15 13
55 16 68
55 19 69
55 20 52
55 22 65
55 25 49
55 28 64
55 29 38
55 30 71
55 31 99
55 32 100
55 35 42
55 36 68
55 37 22
55 38 82
55 39 31
55 40 41
55 42 20
55 46 2
55 48 9
55 49 88
55 51 26
55 53 88
55 54 24
56 0 21
56 4 40
56 6 18
56 8 98
56 9 98
56 13 24
56 18 22
56 19 15
56 20 60
56 21 4
56 23 63
56 24 72
56 26 45
56 27 30
56 29 27
56 30 1
56 36 13
56 37 8
56 40 48
56 43 18
56 44 48
56 45 17
56 46 10
56 48 90
56 49 86
56 50 72
56 52 4
56 55 29
57 1 25
57 8 71
57 10 33
57 11 72
57 15 63
57 16 47
57 18 34
57 20 88
57 22 27
57 23 1
57 24 37
57 25 94
57 26 95
57 28 84
57 31 98
57 32 61
57 34 60
57 35 98
57 37 5
57 38 38
57 39 43
57 40 45
57 47 95
57 48 40
57 50 54
57 54 56
57 56 55
58 0 97
58 8 88
58 9 30
58 10 3
58 11 97
58 14 69
58 16 8
58 17 41
58 19 37
58 21 26
58 22 42
58 24 93
58 27 43
58 28 15
58 30 68
58 31 30
58 35 52
58 37 86
58 40 52
58 43 83
58 45 36
58 46 1
58 47 34
58 52 34
58 54 26
58 55 59
58 57 47
59 1 64
59 2 30
59 4 48
59 6 37
59 7 25
59 8 99
59 9 53
59 13 15
59 15 80
59 17 1
59 18 79
59 22 8
59 23 59
59 28 46
59 29 70
59 30 59
59 31 39
59 32 60
59 33 80
59 36 52
59 37 14
59 41 18
59 42 100
59 45 55
59 47 93
59 51 9
59 55 24
59 56 65
59 58 39
60 0 66
60 1 20
60 3 61
60 5 73
60 6 72
60 8 16
60 10 44
60 16 27
60 17 92
60 20 24
60 23 1
60 25 34
60 30 82
60 31 37
60 32 69
60 33 11
60 34 94
60 36 4
60 38 72
60 39 94
60 41 26
60 42 78
60 44 31
60 45 58
60 48 97
60 51 95
60 53 87
60 54 67
60 55 19
61 0 63
61 2 95
61 6 73
61 8 26
61 9 62
61 11 87
61 12 60
61 13 65
61 15 46
61 16 7
61 17 98
61 18 41
61 19 75
61 21 27
61 22 41
61 33 15
61 35 42
61 41 60
61 42 95
61 43 63
61 47 85
61 48 20
61 50 42
61 51 91
61 52 56
61 59 45
62 0 33
62 2 86
62 5 6
62 8 64
62 9 31
62 12 40
62 14 25
62 15 40
62 17 44
62 18 17
62 20 25
62 21 91
62 25 95
62 27 55
62 28 61
62 30 55
62 31 30
62 33 6
62 35 62
62 38 49
62 39 6
62 42 1
62 44 47
62 46 73
62 47 15
62 48 13
62 51 20
62 52 47
62 58 37
62 59 37
62 60 31
62 61 80
63 1 96
63 2 63
63 3 30
63 4 36
63 6 89
63 9 96
63 13 55
63 14 83
63 15 54
63 18 28
63 22 34
63 26 99
63 27 60
63 28 69
63 29 29
63 30 65
63 33 91
63 34 17
63 35 89
63 37 71
63 38 11
63 39 81
63 40 46
63 47 49
63 49 85
63 50 91
63 52 6
63 57 98
64 3 59
64 5 61
64 6 29
64 9 8
64 10 86
64 11 74
64 13 63
64 14 91
64 17 1
64 18 67
64 20 61
64 21 31
64 24 32
64 26 87
64 29 19
64 40 30
64 43 39
64 45 90
64 47 15
64 48 54
64 49 88
64 51 71
64 53 94
64 56 56
64 58 49
64 60 41
65 1 84
65 2 98
65 4 91
65 6 98
65 7 72
65 9 72
65 13 45
65 14 23
65 17 91
65 18 20
65 28 31
65 29 41
65 34 51
65 35 12
65 36 84
65 42 56
65 45 78
65 48 48
65 49 30
65 51 41
65 53 39
65 54 92
65 55 89
65 61 17
65 62 20
65 64 94
66 0 59
66 1 88
66 3 100
66 4 79
66 6 84
66 7 77
66 9 2
66 11 1
66 13 65
66 14 76
66 17 58
66 19 92
66 20 56
66 21 80
66 24 56
66 25 55
66 26 46
66 29 34
66 31 23
66 34 82
66 38 65
66 39 92
66 40 97
66 41 91
66 42 20
66 43 60
66 45 5
66 47 17
66 52 53
66 55 59
66 56 28
66 59 40
66 61 88
66 62 28
66 64 12
67 0 72
67 1 18
67 3 97
67 4 52
67 5 85
67 6 50
67 7 77
67 10 85
67 13 82
67 14 40
67 17 46
67 18 53
67 19 90
67 22 81
67 24 92
67 27 17
67 28 99
67 29 15
67 31 67
67 32 47
67 36 40
67 38 94
67 40 58
67 42 75
67 46 4
67 52 49
67 54 56
67 56 30
67 58 83
67 64 39
67 66 36
68 2 92
68 3 64
68 5 41
68 7 63
68 9 14
68 10 83
68 13 78
68 14 46
68 18 100
68 20 51
68 21 88
68 22 31
68 23 100
68 25 66
68 26 12
68 27 92
68 28 58
68 34 5
68 35 70
68 36 41
68 39 61
68 42 36
68 45 30
68 48 17
68 50 50
68 51 95
68 55 74
68 56 88
68 59 71
68 63 94
68 65 30
69 1 75
69 2 75
69 5 79
69 6 96
69 8 55
69 9 40
69 10 94
69 11 37
69 12 54
69 13 8
69 18 39
69 19 32
69 20 96
69 21 45
69 22 61
69 23 14
69 26 58
69 29 19
69 30 59
69 33 50
69 35 43
69 37 12
69 38 48
69 40 27
69 42 89
69 43 5
69 44 33
69 46 64
69 50 32
69 52 24
69 53 31
69 54 78
69 56 48
69 58 78
69 59 76
69 61 65
