40
1 0 13
3 0 54
4 0 32
4 1 24
5 1 28
5 3 2
6 2 18
6 3 1
7 1 60
7 2 34
7 3 41
7 6 3
8 0 16
8 3 31
8 4 60
8 5 19
8 7 39
9 0 27
9 5 13
9 6 16
10 2 59
10 4 42
10 7 18
10 9 43
11 0 3
11 1 10
11 5 39
11 8 32
12 0 45
12 1 5
12 5 28
12 7 59
12 9 34
13 0 40
13 1 58
13 2 39
13 3 13
13 4 26
13 7 51
13 8 31
13 11 25
13 12 13
14 2 53
14 5 14
14 7 34
14 10 7
14 12 16
14 13 8
15 0 18
15 3 23
15 4 43
15 5 9
15 6 43
15 7 15
15 8 11
15 9 39
15 11 14
15 14 57
16 1 2
16 3 35
16 4 20
16 7 24
16 9 51
16 10 27
16 12 54
16 13 16
16 14 59
16 15 3
17 1 54
17 4 37
17 5 30
17 6 37
17 8 15
17 9 32
17 11 10
17 13 42
17 16 46
18 1 51
18 3 39
18 4 57
18 5 11
18 6 8
18 8 21
18 9 41
18 12 8
18 13 50
18 14 40
18 17 27
19 1 14
19 2 14
19 4 24
19 6 53
19 8 9
19 9 20
19 10 3
19 11 9
19 13 5
19 16 29
20 1 60
20 3 21
20 4 37
20 6 18
20 8 54
20 10 50
20 11 37
20 14 53
21 1 2
21 9 24
21 11 44
21 14 49
21 15 16
21 16 27
21 17 11
21 18 12
22 1 16
22 6 52
22 9 12
22 11 23
22 12 12
22 16 28
22 17 16
22 19 9
22 21 60
23 0 48
23 1 7
23 2 32
23 3 13
23 5 1
23 6 39
23 8 36
23 11 24
23 13 20
23 15 49
23 16 50
23 17 25
23 18 44
23 19 59
23 21 56
24 0 17
24 1 9
24 3 17
24 4 2
24 5 5
24 6 25
24 7 29
24 8 22
24 9 6
24 14 35
24 15 31
24 16 15
24 19 11
25 0 60
25 2 4
25 8 8
25 10 31
25 11 4
25 12 11
25 14 58
25 16 35
25 18 52
25 20 57
25 21 25
25 22 36
25 23 59
25 24 36
26 1 53
26 3 27
26 4 13
26 8 48
26 10 13
26 11 36
26 13 41
26 14 25
26 15 6
26 17 18
26 18 6
26 19 26
26 22 24
26 24 20
26 25 10
27 2 45
27 3 34
27 4 57
27 7 15
27 8 38
27 9 6
27 13 28
27 15 33
27 16 7
27 18 59
27 22 46
27 23 53
27 24 37
28 1 40
28 3 18
28 4 30
28 5 45
28 9 53
28 10 10
28 11 26
28 13 39
28 14 52
28 15 33
28 16 60
28 17 18
28 18 15
28 20 35
28 25 44
28 26 56
28 27 8
29 0 1
29 1 58
29 3 29
29 6 59
29 8 7
29 9 45
29 10 7
29 15 55
29 19 48
29 20 52
29 21 5
29 23 31
29 24 45
29 25 33
29 26 42
29 27 8
30 0 7
30 3 21
30 4 43
30 6 40
30 9 24
30 11 26
30 12 52
30 14 35
30 15 59
30 17 43
30 19 29
30 21 24
30 22 21
30 27 42
31 1 50
31 2 25
31 3 26
31 4 24
31 6 23
31 8 13
31 10 45
31 12 56
31 17 55
31 18 52
31 20 40
31 21 23
31 23 13
31 26 32
31 28 19
31 29 5
32 0 17
32 3 30
32 4 31
32 5 35
32 8 19
32 9 38
32 11 22
32 12 28
32 14 2
32 15 35
32 17 9
32 18 40
32 21 58
32 28 49
32 31 26
33 2 35
33 4 19
33 5 41
33 6 54
33 9 12
33 10 8
33 12 2
33 13 13
33 14 33
33 17 53
33 18 17
33 19 39
33 20 9
33 23 40
33 24 41
33 27 20
33 28 45
33 30 23
33 31 39
34 0 46
34 1 56
34 4 22
34 5 30
34 7 48
34 8 34
34 9 10
34 12 53
34 14 51
34 18 37
34 19 21
34 23 31
34 28 33
34 29 26
34 30 1
34 31 3
35 4 23
35 6 3
35 7 39
35 8 13
35 9 35
35 11 49
35 12 35
35 13 55
35 16 38
35 17 18
35 18 12
35 21 32
35 24 15
35 25 60
35 27 20
35 30 51
35 31 14
36 0 6
36 1 3
36 2 36
36 3 20
36 4 25
36 6 19
36 8 46
36 10 40
36 11 7
36 12 57
36 16 5
36 17 40
36 18 45
36 21 31
36 23 40
36 24 12
36 25 56
36 27 22
36 28 33
36 29 14
36 30 36
36 32 50
36 33 8
36 34 56
37 3 9
37 4 58
37 5 53
37 8 37
37 9 38
37 11 29
37 12 43
37 13 44
37 14 18
37 17 52
37 21 23
37 24 10
37 26 20
37 28 50
37 29 59
37 32 20
37 33 37
37 35 28
37 36 27
38 0 55
38 2 41
38 3 26
38 6 24
38 8 32
38 10 5
38 11 50
38 16 10
38 18 56
38 19 45
38 22 52
38 23 58
38 24 39
38 28 25
38 29 6
38 30 55
38 31 6
38 33 5
38 35 52
39 0 50
39 4 57
39 5 4
39 6 14
39 7 5
39 8 46
39 9 33
39 11 6
39 14 31
39 15 19
39 16 18
39 18 41
39 19 18
39 22 25
39 24 38
39 30 15
39 33 47
39 34 2
39 38 47
