70
2 1 11
3 1 14
3 2 17
4 2 28
4 3 3
5 1 40
5 3 18
5 4 3
7 2 38
7 3 22
8 1 29
8 3 25
8 6 13
9 0 34
9 1 32
9 2 13
9 3 10
9 6 1
10 4 1
10 7 12
10 8 34
11 0 40
11 1 13
11 5 9
11 6 33
11 8 17
11 9 34
11 10 34
12 0 28
12 1 39
12 3 7
12 4 6
12 9 39
12 10 4
12 11 40
13 0 18
13 2 16
13 3 27
13 4 18
13 6 18
13 7 11
13 9 33
14 0 7
14 2 34
14 4 14
14 5 31
14 6 19
14 8 35
14 10 26
14 11 37
14 12 15
14 13 14
15 0 13
15 1 15
15 2 32
15 5 6
15 6 22
15 7 34
15 8 11
15 9 19
15 11 15
15 13 18
15 14 9
16 0 11
16 2 23
16 3 26
16 4 35
16 9 8
16 13 13
16 14 17
16 15 36
17 0 23
17 2 34
17 4 30
17 5 12
17 6 35
17 8 22
17 11 26
18 0 36
18 1 24
18 7 1
18 8 30
18 9 5
19 1 36
19 3 1
19 8 34
19 10 24
19 13 39
19 14 2
19 16 28
19 18 15
20 0 30
20 1 33
20 5 7
20 6 40
20 9 15
20 13 14
20 15 21
20 16 2
20 17 18
20 18 5
21 1 17
21 6 18
21 13 33
21 15 19
21 16 10
21 19 33
22 1 12
22 3 34
22 10 5
22 13 23
22 17 10
23 0 20
23 2 9
23 3 13
23 4 31
23 5 17
23 10 15
23 13 2
23 19 14
23 21 3
24 2 38
24 4 7
24 5 18
24 8 37
24 10 21
24 11 28
24 12 3
24 13 5
24 14 6
24 18 34
24 21 11
24 22 15
25 2 1
25 3 17
25 4 2
25 5 6
25 6 35
25 7 20
25 13 32
25 14 28
25 15 35
25 17 12
25 19 38
25 20 37
25 21 9
25 23 4
26 0 12
26 1 15
26 7 25
26 9 25
26 12 7
26 14 11
26 15 11
26 16 16
26 17 27
26 19 13
26 21 8
26 22 26
26 25 29
27 0 30
27 1 34
27 2 29
27 7 4
27 8 2
27 9 2
27 11 12
27 12 38
27 13 38
27 14 12
27 15 13
27 16 16
27 18 20
27 19 25
27 20 35
27 24 6
28 0 32
28 3 6
28 4 6
28 5 11
28 6 1
28 7 1
28 8 10
28 11 26
28 12 22
28 13 29
28 14 30
28 20 30
28 21 14
28 23 14
28 25 14
28 27 6
29 1 39
29 2 15
29 3 32
29 7 12
29 11 11
29 12 15
29 13 22
29 18 29
29 19 12
29 21 34
29 23 4
29 25 27
29 26 40
29 28 40
30 1 26
30 4 12
30 6 12
30 8 19
30 10 2
30 11 20
30 12 4
30 13 23
30 15 24
30 16 32
30 21 13
30 22 3
30 25 9
30 28 26
31 1 8
31 4 6
31 6 4
31 7 12
31 11 5
31 13 18
31 14 4
31 15 12
31 17 22
31 18 22
31 19 21
31 20 7
31 21 10
31 28 22
31 29 38
31 30 30
32 4 37
32 6 37
32 7 23
32 9 16
32 11 18
32 14 28
32 16 2
32 19 10
32 20 21
32 28 24
32 30 38
33 1 35
33 2 13
33 6 12
33 7 32
33 10 23
33 12 37
33 13 28
33 14 1
33 18 19
33 19 37
33 20 33
33 22 28
33 25 8
33 27 31
33 28 8
34 0 33
34 8 21
34 9 33
34 10 10
34 11 18
34 12 30
34 15 40
34 17 21
34 19 10
34 21 13
34 22 11
34 24 9
34 28 31
34 29 39
34 30 25
34 32 25
35 0 18
35 1 32
35 4 1
35 6 31
35 8 22
35 9 21
35 12 30
35 13 36
35 15 26
35 17 12
35 18 11
35 19 23
35 24 9
35 26 39
35 27 31
35 28 27
35 29 31
35 31 23
35 32 18
35 33 7
36 6 11
36 8 23
36 9 23
36 11 30
36 14 1
36 17 37
36 18 13
36 19 1
36 20 28
36 22 37
36 24 25
36 25 17
36 26 3
36 28 40
36 32 4
37 0 36
37 1 7
37 2 4
37 3 33
37 7 11
37 8 35
37 9 17
37 10 16
37 14 30
37 15 22
37 16 19
37 20 10
37 22 32
37 23 16
37 25 13
37 26 23
37 28 9
37 29 32
37 31 28
37 32 22
37 33 38
37 34 30
37 36 21
38 4 37
38 7 27
38 9 6
38 12 10
38 13 30
38 14 1
38 19 13
38 20 35
38 23 8
38 27 21
38 28 12
38 31 20
38 34 8
38 35 40
38 36 5
38 37 8
39 1 3
39 2 25
39 3 19
39 6 20
39 7 38
39 8 2
39 9 9
39 10 1
39 12 28
39 14 34
39 15 27
39 22 36
39 24 8
39 25 31
39 26 17
39 27 34
39 28 38
39 31 3
39 32 11
39 33 30
39 36 17
39 37 34
39 38 15
40 0 38
40 2 30
40 4 7
40 6 20
40 9 26
40 11 8
40 14 10
40 16 22
40 17 33
40 18 3
40 19 37
40 21 31
40 24 23
40 25 15
40 27 27
40 30 38
40 31 15
40 34 40
40 37 1
40 38 16
41 3 30
41 4 32
41 7 21
41 10 33
41 11 14
41 13 14
41 21 30
41 24 37
41 26 5
41 28 6
41 32 25
41 33 31
41 36 40
41 40 15
42 0 27
42 1 13
42 6 6
42 7 27
42 8 14
42 11 31
42 14 26
42 15 3
42 16 12
42 21 27
42 22 3
42 23 22
42 25 15
42 27 10
42 28 12
42 30 22
42 34 10
42 35 7
42 36 3
42 37 4
42 38 34
42 40 12
42 41 20
43 0 5
43 1 15
43 2 28
43 3 35
43 5 29
43 9 18
43 10 32
43 13 3
43 14 28
43 15 12
43 16 34
43 17 10
43 18 28
43 21 27
43 24 35
43 26 7
43 27 18
43 29 1
43 31 18
43 34 2
43 36 34
43 37 25
43 38 30
43 40 5
43 41 15
43 42 28
44 0 24
44 5 23
44 6 23
44 13 40
44 15 16
44 17 23
44 22 1
44 26 10
44 28 14
44 29 21
44 31 16
44 32 14
44 33 3
44 35 22
44 37 17
44 38 13
44 39 10
44 42 14
44 43 2
45 1 18
45 2 5
45 8 28
45 9 29
45 11 6
45 12 5
45 16 7
45 17 17
45 18 29
45 23 25
45 26 14
45 27 7
45 31 20
45 32 28
45 34 39
45 35 11
45 36 14
45 38 5
45 39 10
46 0 25
46 1 34
46 2 36
46 3 23
46 6 20
46 8 29
46 9 37
46 12 1
46 15 38
46 18 18
46 20 34
46 22 14
46 23 19
46 24 11
46 25 33
46 26 30
46 27 14
46 28 24
46 30 23
46 32 15
46 34 27
46 36 4
46 38 11
46 39 16
46 40 21
46 41 35
47 0 21
47 4 19
47 5 16
47 6 37
47 9 6
47 11 1
47 13 40
47 14 37
47 21 40
47 22 27
47 24 25
47 25 33
47 26 40
47 27 12
47 29 38
47 33 36
47 38 36
47 40 23
47 41 9
47 42 31
47 43 3
47 44 39
47 45 1
48 0 20
48 2 29
48 4 10
48 6 3
48 10 21
48 17 6
48 19 11
48 20 31
48 22 39
48 26 23
48 31 19
48 32 27
48 33 14
48 34 39
48 37 35
48 38 9
48 39 19
48 40 22
48 41 27
48 42 12
48 43 34
48 46 37
48 47 2
49 1 21
49 2 1
49 4 4
49 6 1
49 9 31
49 13 39
49 16 18
49 17 36
49 18 10
49 20 35
49 22 16
49 26 8
49 28 6
49 30 33
49 32 5
49 33 30
49 37 35
49 38 4
49 43 37
49 46 38
49 47 15
50 1 4
50 2 18
50 3 8
50 4 35
50 7 13
50 9 22
50 11 11
50 15 26
50 17 36
50 18 38
50 20 15
50 21 36
50 22 14
50 23 33
50 25 39
50 26 18
50 30 20
50 31 25
50 33 33
50 34 18
50 37 4
50 40 31
50 42 6
50 43 39
50 47 18
50 48 25
50 49 3
51 1 20
51 3 12
51 4 19
51 5 40
51 6 18
51 8 26
51 12 40
51 15 6
51 16 11
51 17 22
51 23 1
51 24 27
51 26 33
51 28 17
51 29 13
51 33 5
51 34 25
51 35 34
51 37 16
51 41 12
51 43 40
51 44 12
51 45 10
51 47 5
51 49 37
52 0 29
52 1 34
52 3 22
52 5 3
52 7 39
52 10 14
52 11 12
52 14 21
52 15 23
52 17 31
52 20 36
52 23 5
52 24 40
52 25 30
52 26 34
52 27 6
52 29 16
52 30 26
52 32 39
52 38 25
52 40 11
52 41 38
52 42 32
52 43 19
52 45 10
52 46 33
52 48 34
52 49 12
52 50 6
53 1 36
53 2 4
53 3 30
53 7 30
53 8 25
53 9 2
53 10 9
53 13 6
53 18 29
53 24 15
53 25 32
53 26 37
53 33 39
53 37 4
53 38 9
53 39 16
53 42 26
53 43 3
53 49 40
53 50 4
54 0 5
54 1 21
54 2 37
54 3 3
54 5 11
54 7 8
54 13 19
54 14 27
54 16 4
54 17 37
54 18 4
54 19 19
54 22 36
54 23 38
54 30 4
54 31 9
54 32 31
54 33 23
54 35 35
54 36 10
54 37 9
54 39 29
54 40 13
54 41 21
54 45 27
54 47 30
54 48 22
54 49 26
54 50 14
54 51 26
54 52 28
55 1 16
55 2 12
55 5 25
55 14 24
55 15 36
55 16 9
55 17 8
55 18 32
55 19 1
55 20 23
55 21 23
55 23 35
55 24 25
55 27 38
55 29 7
55 35 18
55 36 11
55 37 24
55 38 40
55 39 2
55 41 39
55 43 7
55 45 24
55 46 9
55 47 28
55 48 38
55 49 22
56 0 19
56 2 30
56 4 5
56 6 17
56 7 26
56 8 14
56 9 11
56 11 28
56 13 25
56 14 3
56 20 8
56 21 15
56 22 31
56 23 29
56 24 15
56 25 23
56 26 5
56 30 10
56 31 10
56 32 36
56 33 32
56 34 16
56 35 27
56 36 24
56 38 7
56 39 21
56 40 37
56 42 40
56 44 20
56 46 40
56 51 28
56 52 32
56 53 33
56 54 29
57 0 27
57 5 9
57 7 24
57 10 35
57 17 29
57 18 14
57 21 29
57 22 18
57 23 25
57 24 13
57 26 20
57 27 17
57 28 36
57 29 14
57 30 3
57 33 6
57 34 30
57 35 18
57 36 13
57 38 33
57 40 27
57 41 31
57 43 26
57 47 22
57 49 24
57 51 9
57 52 11
57 53 10
57 54 9
57 55 11
57 56 31
58 1 9
58 5 33
58 7 33
58 13 13
58 14 16
58 21 18
58 22 1
58 24 36
58 27 34
58 29 5
58 31 37
58 32 22
58 33 2
58 34 14
58 35 28
58 36 18
58 37 13
58 38 18
58 39 14
58 40 9
58 42 26
58 43 27
58 44 16
58 45 6
58 49 16
58 51 10
58 52 18
58 53 3
58 54 28
58 57 16
59 1 7
59 4 17
59 5 27
59 6 5
59 7 39
59 8 16
59 10 26
59 12 12
59 13 36
59 14 28
59 16 3
59 17 18
59 18 3
59 19 24
59 20 17
59 21 4
59 24 33
59 25 38
59 26 20
59 30 12
59 31 34
59 32 37
59 33 35
59 35 27
59 37 23
59 40 39
59 43 18
59 45 24
59 46 39
59 49 30
59 52 24
59 53 3
59 54 21
59 57 15
60 2 33
60 3 21
60 4 35
60 6 11
60 7 2
60 8 7
60 10 19
60 11 17
60 12 13
60 14 14
60 15 14
60 16 7
60 17 32
60 21 25
60 23 32
60 24 30
60 25 35
60 29 20
60 30 39
60 31 29
60 32 8
60 34 21
60 35 34
60 38 35
60 41 25
60 42 37
60 43 18
60 45 8
60 47 12
60 48 30
60 50 27
60 51 9
60 52 24
60 53 39
60 55 38
60 58 26
61 0 33
61 3 18
61 4 32
61 5 23
61 8 9
61 10 23
61 13 9
61 15 8
61 20 20
61 21 2
61 26 23
61 30 10
61 32 10
61 33 24
61 35 36
61 38 14
61 39 16
61 40 28
61 46 27
61 47 27
61 48 33
61 49 34
61 50 12
61 51 28
61 52 22
61 54 36
61 55 20
61 56 25
61 57 34
62 1 31
62 2 22
62 4 38
62 5 30
62 7 30
62 8 8
62 9 10
62 11 12
62 12 31
62 13 36
62 14 7
62 15 6
62 18 28
62 19 39
62 22 35
62 23 1
62 25 11
62 27 14
62 28 30
62 29 37
62 30 4
62 32 21
62 37 34
62 42 10
62 43 37
62 44 35
62 47 13
62 48 9
62 49 27
62 52 26
62 54 32
62 55 3
62 56 38
62 59 39
63 1 28
63 4 36
63 5 30
63 7 32
63 8 20
63 9 24
63 11 28
63 13 28
63 16 6
63 17 34
63 18 6
63 19 7
63 20 23
63 21 39
63 24 7
63 26 14
63 27 38
63 28 30
63 31 7
63 32 22
63 33 23
63 34 39
63 35 22
63 36 24
63 37 17
63 38 33
63 43 16
63 47 33
63 49 23
63 50 7
63 51 28
63 52 24
63 53 13
63 54 8
63 57 21
63 58 1
63 59 10
64 1 17
64 4 34
64 8 10
64 10 40
64 13 16
64 14 18
64 20 31
64 23 23
64 25 36
64 29 13
64 31 35
64 32 25
64 33 12
64 38 3
64 40 27
64 42 32
64 44 13
64 45 40
64 46 11
64 47 12
64 48 11
64 52 22
64 53 5
64 54 5
64 55 40
64 60 36
64 61 15
65 2 15
65 3 1
65 4 7
65 6 8
65 8 30
65 10 13
65 11 33
65 12 27
65 13 7
65 17 10
65 18 27
65 19 13
65 20 12
65 21 22
65 22 19
65 24 29
65 27 37
65 28 13
65 29 5
65 33 38
65 37 16
65 38 27
65 46 19
65 47 11
65 49 40
65 50 17
65 52 28
65 53 2
65 54 5
65 56 35
65 59 34
65 62 6
66 1 12
66 2 3
66 3 33
66 5 3
66 6 28
66 10 32
66 12 24
66 13 3
66 14 30
66 15 35
66 19 17
66 20 12
66 22 19
66 23 9
66 25 25
66 26 23
66 27 31
66 29 5
66 30 12
66 31 2
66 34 37
66 36 30
66 37 1
66 38 24
66 39 1
66 44 6
66 51 7
66 52 31
66 53 30
66 54 38
66 56 23
66 57 7
66 58 35
66 61 12
66 62 10
66 64 19
67 4 1
67 5 18
67 7 13
67 8 36
67 9 22
67 10 23
67 11 3
67 13 36
67 14 5
67 15 25
67 16 8
67 17 40
67 21 37
67 24 14
67 25 17
67 28 20
67 29 5
67 31 4
67 35 32
67 37 31
67 39 22
67 40 23
67 41 25
67 43 19
67 44 30
67 45 40
67 46 36
67 47 10
67 49 1
67 51 34
67 52 40
67 53 24
67 54 31
67 55 3
67 56 12
67 57 19
67 59 24
67 62 7
67 63 2
67 65 5
68 4 5
68 7 13
68 9 7
68 10 31
68 11 21
68 12 2
68 15 27
68 16 18
68 17 40
68 18 37
68 19 26
68 21 31
68 22 39
68 25 18
68 27 4
68 28 1
68 29 3
68 30 34
68 31 19
68 32 4
68 37 20
68 40 26
68 41 35
68 43 22
68 46 14
68 49 19
68 50 5
68 53 23
68 54 4
68 56 11
68 57 15
68 63 28
68 65 22
68 66 28
68 67 2
69 0 26
69 1 37
69 5 5
69 8 5
69 9 32
69 11 23
69 13 19
69 16 5
69 17 20
69 20 40
69 21 23
69 23 14
69 25 30
69 26 26
69 27 36
69 34 5
69 35 19
69 36 5
69 40 14
69 41 7
69 43 23
69 45 7
69 49 19
69 50 21
69 51 5
69 52 12
69 53 34
69 56 34
69 58 16
69 61 29
69 62 2
69 66 8
