40
1 0 91
2 0 47
2 1 79
3 0 5
3 1 71
3 2 36
4 0 110
4 1 32
4 2 28
4 3 6
5 0 19
5 1 6
5 2 65
5 3 99
5 4 46
6 0 80
6 1 22
6 2 15
6 3 35
6 4 69
6 5 55
7 0 12
7 1 2
7 2 58
7 3 106
7 4 17
7 5 65
7 6 11
8 0 74
8 1 114
8 2 67
8 3 21
8 4 26
8 5 14
8 6 90
8 7 104
9 0 44
9 1 102
9 2 113
9 3 31
9 4 59
9 5 63
9 6 63
9 7 75
9 8 59
10 0 8
10 1 7
10 2 120
10 3 118
10 4 45
10 5 3
10 6 103
10 7 78
10 8 35
10 9 17
11 0 7
11 1 99
11 2 104
11 3 76
11 4 52
11 5 30
11 6 111
11 7 47
11 8 71
11 9 72
11 10 12
12 0 4
12 1 100
12 2 48
12 3 105
12 4 16
12 5 34
12 6 27
12 7 48
12 8 22
12 9 74
12 10 47
12 11 3
13 0 20
13 1 109
13 2 72
13 3 88
13 4 79
13 5 76
13 6 15
13 7 17
13 8 99
13 9 91
13 10 66
13 11 75
13 12 112
14 0 47
14 1 19
14 2 72
14 3 4
14 4 71
14 5 59
14 6 35
14 7 1
14 8 19
14 9 81
14 10 44
14 11 18
14 12 66
14 13 53
15 0 27
15 1 117
15 2 32
15 3 9
15 4 110
15 5 107
15 6 50
15 7 82
15 8 114
15 9 114
15 10 13
15 11 55
15 12 51
15 13 105
15 14 2
16 0 100
16 1 38
16 2 109
16 3 43
16 4 93
16 5 94
16 6 46
16 7 109
16 8 69
16 9 105
16 10 110
16 11 110
16 12 103
16 13 118
16 14 82
16 15 13
17 0 84
17 1 105
17 2 28
17 3 120
17 4 7
17 5 34
17 6 70
17 7 34
17 8 112
17 9 33
17 10 104
17 11 3
17 12 108
17 13 97
17 14 65
17 15 104
17 16 2
18 0 50
18 1 117
18 2 73
18 3 23
18 4 98
18 5 120
18 6 78
18 7 64
18 8 87
18 9 78
18 10 42
18 11 27
18 12 56
18 13 34
18 14 35
18 15 6
18 16 119
18 17 77
19 0 94
19 1 56
19 2 40
19 3 88
19 4 44
19 5 119
19 6 93
19 7 55
19 8 3
19 9 30
19 10 26
19 11 51
19 12 36
19 13 99
19 14 42
19 15 41
19 16 81
19 17 3
19 18 106
20 0 1
20 1 93
20 2 114
20 3 90
20 4 80
20 5 43
20 6 71
20 7 9
20 8 35
20 9 12
20 10 109
20 11 49
20 12 24
20 13 68
20 14 108
20 15 43
20 16 101
20 17 7
20 18 44
20 19 99
21 0 97
21 1 11
21 2 94
21 3 35
21 4 41
21 5 82
21 6 42
21 7 111
21 8 119
21 9 93
21 10 41
21 11 60
21 12 3
21 13 56
21 14 27
21 15 43
21 16 106
21 17 104
21 18 22
21 19 113
21 20 92
22 0 75
22 1 119
22 2 60
22 3 8
22 4 83
22 5 43
22 6 20
22 7 41
22 8 83
22 9 39
22 10 55
22 11 106
22 12 113
22 13 20
22 14 95
22 15 36
22 16 19
22 17 109
22 18 86
22 19 61
22 20 25
22 21 67
23 0 103
23 1 3
23 2 65
23 3 57
23 4 98
23 5 68
23 6 25
23 7 67
23 8 60
23 9 43
23 10 51
23 11 24
23 12 77
23 13 62
23 14 32
23 15 20
23 16 56
23 17 59
23 18 109
23 19 97
23 20 95
23 21 60
23 22 49
24 0 39
24 1 115
24 2 42
24 3 8
24 4 116
24 5 60
24 6 8
24 7 92
24 8 44
24 9 35
24 10 33
24 11 104
24 12 54
24 13 83
24 14 36
24 15 72
24 16 61
24 17 111
24 18 30
24 19 117
24 20 67
24 21 72
24 22 98
24 23 74
25 0 102
25 1 35
25 2 35
25 3 16
25 4 41
25 5 51
25 6 23
25 7 108
25 8 49
25 9 115
25 10 60
25 11 43
25 12 7
25 13 73
25 14 31
25 15 16
25 16 75
25 17 75
25 18 30
25 19 88
25 20 49
25 21 29
25 22 95
25 23 57
25 24 119
26 0 58
26 1 3
26 2 4
26 3 8
26 4 111
26 5 16
26 6 78
26 7 8
26 8 45
26 9 48
26 10 109
26 11 110
26 12 104
26 13 15
26 14 91
26 15 75
26 16 32
26 17 77
26 18 115
26 19 79
26 20 50
26 21 7
26 22 38
26 23 30
26 24 73
26 25 60
27 0 36
27 1 9
27 2 96
27 3 107
27 4 112
27 5 118
27 6 117
27 7 72
27 8 7
27 9 79
27 10 44
27 11 55
27 12 34
27 13 58
27 14 70
27 15 2
27 16 42
27 17 112
27 18 110
27 19 2
27 20 82
27 21 26
27 22 13
27 23 54
27 24 27
27 25 14
27 26 80
28 0 84
28 1 120
28 2 17
28 3 39
28 4 71
28 5 119
28 6 59
28 7 29
28 8 49
28 9 17
28 10 52
28 11 15
28 12 14
28 13 76
28 14 10
28 15 33
28 16 60
28 17 102
28 18 86
28 19 39
28 20 95
28 21 66
28 22 9
28 23 10
28 24 1
28 25 18
28 26 39
28 27 99
29 0 32
29 1 37
29 2 68
29 3 110
29 4 71
29 5 1
29 6 13
29 7 72
29 8 2
29 9 108
29 10 116
29 11 38
29 12 6
29 13 87
29 14 19
29 15 120
29 16 104
29 17 104
29 18 97
29 19 3
29 20 72
29 21 61
29 22 25
29 23 111
29 24 91
29 25 112
29 26 29
29 27 119
29 28 74
30 0 95
30 1 109
30 2 36
30 3 6
30 4 72
30 5 95
30 6 114
30 7 27
30 8 80
30 9 86
30 10 45
30 11 6
30 12 21
30 13 114
30 14 14
30 15 43
30 16 21
30 17 88
30 18 48
30 19 21
30 20 91
30 21 115
30 22 49
30 23 75
30 24 76
30 25 19
30 26 8
30 27 24
30 28 88
30 29 51
31 0 94
31 1 72
31 2 98
31 3 77
31 4 44
31 5 27
31 6 13
31 7 24
31 8 20
31 9 9
31 10 31
31 11 30
31 12 21
31 13 88
31 14 54
31 15 116
31 16 53
31 17 68
31 18 33
31 19 51
31 20 35
31 21 40
31 22 82
31 23 19
31 24 3
31 25 104
31 26 27
31 27 50
31 28 23
31 29 73
31 30 42
32 0 78
32 1 63
32 2 109
32 3 52
32 4 100
32 5 24
32 6 78
32 7 105
32 8 79
32 9 119
32 10 59
32 11 45
32 12 73
32 13 54
32 14 84
32 15 31
32 16 60
32 17 28
32 18 62
32 19 60
32 20 6
32 21 21
32 22 55
32 23 85
32 24 61
32 25 88
32 26 120
32 27 40
32 28 46
32 29 105
32 30 62
32 31 93
33 0 100
33 1 75
33 2 64
33 3 27
33 4 39
33 5 90
33 6 57
33 7 46
33 8 54
33 9 34
33 10 79
33 11 43
33 12 22
33 13 2
33 14 18
33 15 48
33 16 109
33 17 115
33 18 72
33 19 48
33 20 113
33 21 64
33 22 56
33 23 9
33 24 53
33 25 120
33 26 108
33 27 53
33 28 110
33 29 33
33 30 58
33 31 119
33 32 91
34 0 27
34 1 55
34 2 69
34 3 47
34 4 14
34 5 8
34 6 117
34 7 17
34 8 90
34 9 52
34 10 83
34 11 94
34 12 55
34 13 84
34 14 48
34 15 41
34 16 3
34 17 76
34 18 4
34 19 98
34 20 23
34 21 110
34 22 68
34 23 80
34 24 43
34 25 78
34 26 107
34 27 33
34 28 61
34 29 113
34 30 48
34 31 109
34 32 72
34 33 65
35 0 7
35 1 81
35 2 116
35 3 112
35 4 25
35 5 65
35 6 40
35 7 36
35 8 50
35 9 66
35 10 64
35 11 40
35 12 104
35 13 75
35 14 23
35 15 90
35 16 43
35 17 84
35 18 93
35 19 115
35 20 109
35 21 4
35 22 93
35 23 44
35 24 34
35 25 115
35 26 8
35 27 17
35 28 22
35 29 52
35 30 71
35 31 55
35 32 104
35 33 6
35 34 116
36 0 69
36 1 42
36 2 66
36 3 75
36 4 29
36 5 65
36 6 103
36 7 69
36 8 34
36 9 110
36 10 22
36 11 118
36 12 41
36 13 78
36 14 96
36 15 9
36 16 26
36 17 25
36 18 57
36 19 10
36 20 16
36 21 103
36 22 81
36 23 27
36 24 3
36 25 90
36 26 120
36 27 119
36 28 66
36 29 25
36 30 67
36 31 18
36 32 56
36 33 82
36 34 12
36 35 36
37 0 83
37 1 50
37 2 25
37 3 109
37 4 113
37 5 73
37 6 112
37 7 7
37 8 116
37 9 108
37 10 55
37 11 55
37 12 84
37 13 38
37 14 108
37 15 44
37 16 113
37 17 115
37 18 24
37 19 55
37 20 19
37 21 15
37 22 92
37 23 115
37 24 92
37 25 85
37 26 37
37 27 40
37 28 108
37 29 120
37 30 5
37 31 57
37 32 48
37 33 23
37 34 17
37 35 28
37 36 94
38 0 34
38 1 24
38 2 81
38 3 24
38 4 26
38 5 5
38 6 38
38 7 88
38 8 35
38 9 12
38 10 46
38 11 62
38 12 45
38 13 40
38 14 99
38 15 76
38 16 43
38 17 24
38 18 51
38 19 70
38 20 98
38 21 46
38 22 65
38 23 110
38 24 114
38 25 9
38 26 16
38 27 40
38 28 21
38 29 20
38 30 9
38 31 27
38 32 7
38 33 75
38 34 4
38 35 74
38 36 28
38 37 98
39 0 48
39 1 97
39 2 88
39 3 77
39 4 117
39 5 39
39 6 95
39 7 89
39 8 44
39 9 115
39 10 114
39 11 10
39 12 58
39 13 106
39 14 27
39 15 89
39 16 48
39 17 26
39 18 55
39 19 77
39 20 68
39 21 75
39 22 33
39 23 75
39 24 15
39 25 72
39 26 17
39 27 9
39 28 88
39 29 77
39 30 65
39 31 108
39 32 36
39 33 65
39 34 31
39 35 97
39 36 54
39 37 47
39 38 21
