30
1 0 37
2 0 19
3 1 55
3 2 70
4 0 59
4 2 53
4 3 1
5 0 76
5 1 41
5 3 35
5 4 54
6 2 64
6 4 7
6 5 24
7 1 38
7 3 11
7 4 80
7 5 36
7 6 6
8 0 74
8 1 56
8 4 41
8 7 68
9 1 59
9 2 10
9 4 19
9 5 48
9 7 72
10 2 29
10 4 17
10 8 78
11 1 58
11 4 61
11 6 19
11 7 9
11 10 13
12 0 37
12 4 65
12 7 72
12 8 59
12 10 24
12 11 60
13 1 37
13 3 1
13 4 25
13 7 19
13 8 76
13 10 35
13 11 51
14 1 5
14 2 45
14 4 1
14 6 33
14 7 77
14 9 58
14 10 26
14 13 8
15 1 6
15 4 12
15 5 21
15 6 66
15 8 75
15 9 72
15 10 16
15 11 61
15 13 58
15 14 61
16 0 13
16 3 50
16 5 54
16 6 77
16 12 43
16 14 64
16 15 4
17 3 44
17 4 58
17 5 41
17 6 40
17 9 52
17 12 19
17 16 6
18 1 63
18 4 55
18 5 68
18 8 76
18 9 75
18 10 78
18 13 14
18 15 79
18 16 9
18 17 24
19 1 75
19 2 40
19 3 51
19 5 41
19 7 39
19 9 34
19 11 44
19 14 6
19 16 41
19 18 33
20 0 19
20 2 75
20 6 2
20 8 8
20 9 53
20 12 47
20 13 29
20 14 13
20 16 64
20 17 73
20 18 74
20 19 5
21 0 2
21 1 28
21 4 42
21 5 6
21 10 29
21 11 21
21 15 37
21 17 44
21 18 54
21 20 19
22 3 24
22 4 40
22 7 44
22 17 61
22 21 18
23 0 70
23 3 21
23 5 16
23 6 53
23 8 77
23 9 48
23 10 49
23 11 42
23 12 39
23 13 46
23 15 72
23 16 51
23 19 49
23 20 28
23 21 33
24 1 50
24 3 1
24 6 60
24 8 8
24 9 76
24 10 56
24 14 9
24 16 7
24 17 32
24 19 51
24 20 37
24 21 48
24 22 57
25 1 44
25 3 51
25 4 47
25 7 2
25 8 74
25 9 6
25 12 53
25 13 71
25 14 34
25 16 39
25 17 77
25 18 47
25 19 77
25 20 61
25 21 80
25 22 8
25 23 44
25 24 32
26 2 33
26 5 79
26 6 61
26 7 71
26 8 31
26 9 22
26 11 65
26 14 80
26 16 35
26 22 6
27 0 29
27 3 10
27 4 12
27 10 5
27 12 39
27 14 27
27 15 33
27 16 50
27 18 58
27 21 45
27 24 64
27 26 48
28 0 40
28 1 38
28 3 78
28 5 79
28 6 70
28 7 26
28 13 56
28 14 2
28 15 33
28 18 8
28 21 41
28 22 49
28 23 11
28 24 27
28 25 12
28 26 61
28 27 19
29 1 17
29 5 59
29 6 23
29 9 77
29 11 63
29 13 9
29 19 77
29 21 22
29 22 15
