70
3 1 5
3 2 36
4 0 53
4 1 15
5 0 25
5 2 28
5 4 17
6 3 40
6 4 48
6 5 3
7 0 58
7 1 15
7 2 12
7 6 48
8 0 37
8 2 29
8 3 8
8 4 54
8 7 43
9 0 23
9 5 43
9 8 44
10 0 28
10 1 18
10 3 15
10 7 17
10 9 43
11 2 34
11 3 41
11 4 50
11 9 54
12 1 4
12 3 17
12 5 38
12 6 15
12 7 32
13 5 59
13 7 41
13 8 16
13 10 50
14 0 53
14 1 51
14 2 15
14 4 4
14 6 31
14 8 41
14 10 25
14 11 49
15 0 35
15 4 26
15 6 37
15 7 15
15 8 20
15 9 7
15 11 40
15 12 55
16 0 50
16 1 55
16 2 48
16 3 43
16 4 2
16 8 42
16 9 5
16 10 39
17 2 32
17 6 30
17 7 24
17 8 19
17 9 30
17 11 45
17 12 56
17 15 12
17 16 39
18 5 26
18 7 21
18 8 50
18 10 50
18 12 39
18 13 3
18 15 18
18 16 39
19 0 33
19 1 27
19 4 39
19 5 38
19 8 12
19 10 25
19 14 33
19 15 45
19 16 60
19 17 44
20 2 27
20 3 26
20 5 37
20 6 51
20 7 30
20 8 20
20 11 38
20 15 35
20 16 54
20 17 21
20 18 60
21 0 18
21 3 54
21 4 1
21 5 10
21 6 59
21 10 49
21 11 3
21 12 54
21 14 42
21 16 24
21 18 42
21 20 4
22 1 40
22 3 43
22 4 44
22 6 55
22 8 8
22 9 39
22 11 59
22 12 58
22 13 42
22 14 10
22 16 39
22 19 23
22 20 10
23 2 38
23 8 56
23 12 35
23 13 46
23 14 14
23 15 9
23 17 23
23 18 2
23 19 13
23 20 58
24 0 10
24 4 15
24 9 28
24 14 1
24 15 46
24 17 23
24 18 49
24 20 20
24 22 19
25 1 10
25 3 54
25 4 48
25 5 36
25 6 45
25 7 56
25 11 27
25 13 32
25 15 7
25 17 58
25 18 44
25 19 14
25 20 8
25 22 45
25 23 40
25 24 32
26 1 51
26 2 29
26 3 16
26 7 53
26 11 4
26 12 37
26 17 12
26 18 27
26 20 15
26 21 5
26 23 8
26 25 52
27 0 3
27 3 9
27 4 29
27 6 15
27 11 1
27 14 14
27 17 43
27 18 2
27 20 16
27 21 36
27 23 12
27 24 1
27 26 23
28 1 7
28 4 21
28 5 44
28 6 42
28 7 22
28 8 33
28 10 49
28 12 8
28 13 16
28 20 10
28 22 22
28 25 14
28 27 29
29 0 23
29 5 27
29 6 22
29 7 29
29 8 31
29 9 12
29 10 47
29 11 13
29 12 36
29 14 38
29 15 15
29 16 43
29 17 18
29 18 25
29 19 53
29 26 55
29 27 44
30 0 34
30 4 2
30 5 32
30 6 53
30 8 43
30 12 47
30 17 18
30 18 15
30 19 16
30 25 24
30 29 59
31 1 35
31 3 30
31 6 47
31 8 10
31 9 22
31 11 26
31 12 47
31 18 44
31 19 27
31 20 45
31 23 31
31 24 4
31 25 16
31 27 44
31 29 49
32 1 22
32 3 51
32 5 1
32 7 48
32 10 19
32 12 30
32 13 43
32 14 7
32 15 57
32 19 55
32 20 21
32 21 36
32 22 19
32 23 47
32 24 49
32 25 44
32 28 17
32 29 13
33 0 42
33 3 49
33 4 34
33 6 59
33 9 43
33 10 19
33 11 10
33 12 16
33 13 58
33 17 2
33 18 46
33 20 38
33 21 56
33 22 2
33 24 23
33 25 54
33 27 31
33 29 16
33 30 29
33 31 51
33 32 22
34 0 50
34 4 52
34 5 26
34 6 59
34 7 13
34 8 17
34 13 48
34 14 4
34 16 51
34 19 16
34 20 32
34 21 17
34 24 53
34 25 42
34 28 24
34 29 16
34 30 52
34 32 31
35 1 38
35 2 37
35 3 51
35 4 16
35 5 3
35 8 46
35 9 6
35 10 34
35 11 34
35 12 54
35 17 53
35 20 29
35 22 56
35 26 57
35 28 31
35 31 60
35 32 51
35 33 32
35 34 37
36 0 18
36 1 35
36 8 30
36 9 60
36 10 54
36 13 1
36 14 21
36 17 54
36 18 14
36 20 10
36 22 33
36 24 56
36 26 13
36 28 10
36 33 11
37 1 58
37 3 54
37 5 39
37 6 35
37 8 60
37 14 7
37 15 8
37 16 15
37 18 19
37 20 25
37 22 21
37 23 23
37 26 25
37 27 39
37 29 39
37 30 14
37 32 31
37 33 31
37 34 45
37 35 22
37 36 29
38 0 16
38 5 55
38 10 46
38 12 6
38 14 24
38 15 47
38 16 51
38 22 36
38 23 4
38 26 35
38 27 28
38 29 40
38 30 37
38 34 51
39 2 24
39 6 22
39 7 30
39 8 45
39 10 53
39 11 47
39 12 16
39 15 7
39 17 46
39 21 26
39 22 18
39 25 23
39 28 4
39 29 4
39 31 5
39 33 14
39 34 12
39 37 40
39 38 31
40 1 30
40 2 41
40 8 37
40 9 31
40 10 46
40 11 32
40 12 12
40 13 17
40 14 49
40 15 25
40 16 28
40 17 30
40 18 21
40 22 2
40 24 22
40 26 1
40 29 1
40 33 29
40 34 32
40 35 4
40 37 38
41 0 39
41 1 50
41 3 15
41 4 11
41 5 60
41 7 59
41 10 60
41 12 32
41 13 50
41 16 50
41 17 53
41 18 28
41 19 34
41 21 60
41 22 35
41 23 40
41 27 17
41 28 17
41 29 51
41 30 59
41 31 49
41 32 56
41 33 14
41 35 39
41 36 10
41 39 20
41 40 54
42 1 40
42 2 49
42 4 12
42 5 9
42 7 36
42 11 54
42 14 13
42 15 36
42 17 19
42 20 14
42 22 15
42 24 30
42 27 52
42 28 2
42 32 12
42 33 18
42 34 26
42 37 59
42 39 44
42 40 34
43 0 46
43 1 3
43 6 26
43 8 17
43 12 46
43 13 14
43 16 1
43 20 6
43 21 35
43 22 47
43 23 41
43 24 58
43 26 45
43 28 53
43 33 13
43 34 26
43 35 29
43 38 16
43 40 5
43 41 19
44 1 54
44 4 16
44 5 42
44 6 11
44 7 7
44 11 17
44 12 5
44 13 25
44 19 34
44 21 27
44 22 27
44 23 36
44 26 52
44 28 31
44 29 26
44 31 20
44 36 58
44 39 44
44 40 5
44 43 12
45 0 39
45 1 11
45 5 27
45 6 54
45 7 53
45 12 40
45 17 14
45 19 37
45 25 55
45 26 14
45 28 43
45 29 13
45 30 4
45 31 52
45 36 14
45 37 31
45 39 59
45 43 47
45 44 29
46 4 12
46 5 9
46 6 44
46 9 26
46 11 42
46 12 9
46 17 49
46 18 52
46 22 48
46 26 50
46 29 17
46 30 55
46 31 11
46 34 42
46 35 46
46 36 17
46 39 19
46 41 29
46 42 51
46 43 10
46 45 49
47 2 35
47 4 59
47 5 25
47 6 20
47 7 8
47 10 35
47 11 37
47 12 50
47 13 44
47 14 48
47 16 31
47 17 38
47 19 25
47 20 29
47 22 35
47 23 2
47 25 54
47 27 25
47 28 49
47 30 16
47 31 12
47 33 52
47 38 49
47 39 15
47 40 45
47 41 17
47 42 51
47 43 32
47 45 7
47 46 15
48 0 14
48 4 56
48 5 52
48 7 32
48 8 14
48 10 50
48 13 42
48 14 8
48 15 3
48 18 49
48 19 53
48 22 12
48 23 23
48 24 20
48 28 20
48 30 38
48 31 37
48 37 52
48 40 55
48 41 21
48 42 51
48 44 58
49 0 49
49 1 27
49 2 47
49 5 47
49 6 14
49 7 3
49 8 6
49 9 46
49 11 16
49 12 13
49 13 37
49 14 29
49 16 40
49 17 39
49 18 57
49 20 34
49 24 51
49 25 12
49 26 35
49 29 28
49 30 26
49 31 18
49 32 6
49 34 1
49 35 18
49 36 57
49 41 52
49 42 35
49 43 23
49 44 51
49 45 55
49 46 25
49 48 19
50 2 1
50 7 39
50 9 49
50 10 16
50 12 59
50 13 21
50 14 24
50 15 6
50 16 15
50 21 41
50 22 28
50 25 15
50 26 27
50 31 37
50 34 28
50 37 56
50 40 36
50 41 13
50 42 7
50 43 12
50 49 28
51 0 24
51 1 33
51 4 27
51 5 44
51 7 8
51 8 57
51 10 36
51 13 27
51 14 2
51 15 18
51 17 54
51 20 47
51 21 25
51 24 51
51 25 3
51 26 52
51 27 44
51 29 23
51 30 33
51 32 15
51 35 35
51 36 1
51 37 44
51 40 59
51 42 41
51 43 27
51 45 29
51 46 17
52 0 20
52 2 54
52 3 43
52 4 8
52 6 40
52 10 7
52 11 52
52 13 24
52 14 52
52 15 13
52 16 52
52 17 29
52 22 19
52 24 42
52 25 19
52 26 20
52 27 22
52 28 5
52 30 51
52 34 15
52 36 52
52 38 12
52 39 54
52 40 22
52 42 12
52 44 60
52 45 28
52 46 27
52 47 22
52 48 49
52 49 5
53 0 25
53 3 42
53 4 8
53 5 9
53 6 5
53 7 4
53 8 50
53 9 42
53 10 32
53 11 48
53 12 46
53 14 32
53 16 43
53 17 30
53 22 47
53 27 22
53 30 8
53 32 21
53 33 38
53 34 24
53 36 44
53 38 23
53 40 14
53 41 24
53 44 33
53 46 9
53 47 10
53 49 52
53 51 17
54 0 26
54 3 40
54 4 8
54 5 60
54 6 43
54 7 39
54 13 10
54 16 56
54 17 58
54 19 18
54 20 20
54 22 39
54 23 33
54 25 36
54 27 20
54 28 3
54 29 14
54 31 10
54 36 1
54 37 48
54 38 52
54 39 56
54 42 18
54 44 54
54 45 25
54 47 48
54 48 42
54 49 23
54 51 56
54 53 31
55 1 59
55 4 29
55 5 39
55 6 51
55 7 6
55 8 20
55 10 38
55 12 9
55 15 15
55 19 22
55 21 57
55 22 13
55 25 57
55 26 50
55 29 2
55 30 60
55 32 19
55 34 29
55 36 16
55 38 29
55 41 13
55 42 24
55 43 2
55 46 15
55 47 50
55 48 53
55 51 55
55 52 38
55 54 1
56 0 37
56 2 14
56 3 40
56 5 34
56 7 39
56 10 16
56 15 45
56 16 30
56 19 45
56 21 57
56 23 57
56 26 14
56 27 29
56 30 28
56 32 43
56 34 58
56 36 27
56 37 4
56 39 6
56 42 11
56 43 35
56 44 14
56 45 39
56 48 12
56 54 18
56 55 28
57 5 14
57 6 43
57 7 35
57 11 42
57 15 8
57 16 10
57 19 37
57 20 53
57 21 44
57 25 30
57 27 38
57 29 60
57 30 19
57 32 13
57 35 11
57 39 13
57 40 60
57 41 13
57 44 60
57 45 10
57 50 9
57 51 28
57 52 1
57 55 26
58 1 45
58 2 47
58 3 59
58 5 50
58 7 25
58 11 41
58 12 21
58 14 39
58 15 57
58 16 33
58 22 38
58 25 31
58 26 23
58 27 56
58 29 54
58 39 3
58 40 39
58 41 10
58 44 13
58 45 9
58 47 45
58 48 21
58 49 55
58 50 22
58 53 40
58 55 17
58 56 44
59 0 49
59 2 37
59 5 34
59 6 35
59 10 22
59 11 27
59 13 32
59 14 8
59 15 16
59 18 9
59 20 27
59 22 27
59 23 50
59 25 57
59 26 36
59 27 17
59 28 58
59 29 40
59 30 17
59 36 14
59 38 23
59 41 52
59 43 57
59 46 57
59 47 16
59 49 22
59 54 23
59 55 58
59 58 33
60 1 50
60 4 7
60 8 39
60 9 37
60 10 52
60 11 14
60 12 56
60 13 49
60 16 53
60 17 19
60 20 18
60 23 46
60 24 10
60 25 60
60 27 39
60 32 6
60 33 49
60 37 35
60 40 26
60 41 23
60 42 17
60 45 13
60 51 48
60 52 36
60 53 44
60 55 7
60 58 52
61 6 36
61 7 51
61 11 8
61 18 58
61 19 51
61 20 45
61 22 46
61 23 36
61 24 19
61 25 50
61 26 24
61 32 28
61 34 24
61 35 39
61 36 26
61 37 44
61 38 41
61 40 12
61 41 60
61 42 44
61 43 32
61 45 48
61 48 14
61 49 42
61 50 47
61 51 30
61 52 46
61 53 9
61 55 29
61 59 7
62 0 11
62 2 26
62 3 14
62 4 57
62 6 34
62 7 6
62 8 10
62 10 29
62 14 34
62 19 37
62 20 27
62 22 39
62 23 10
62 26 16
62 27 53
62 29 32
62 30 23
62 31 36
62 32 60
62 37 31
62 38 20
62 41 29
62 42 58
62 44 53
62 46 11
62 48 40
62 52 4
62 53 42
62 54 44
62 57 59
62 61 25
63 0 57
63 2 42
63 3 46
63 12 25
63 21 40
63 26 40
63 30 11
63 33 36
63 34 57
63 37 6
63 38 35
63 41 58
63 42 34
63 43 41
63 44 8
63 46 20
63 47 56
63 48 15
63 49 38
63 51 31
63 52 48
63 53 11
63 54 20
63 55 50
63 57 58
63 58 31
63 60 56
63 62 4
64 0 21
64 1 17
64 2 37
64 4 54
64 6 34
64 7 43
64 11 57
64 13 37
64 14 58
64 15 6
64 18 15
64 19 35
64 20 44
64 21 49
64 22 53
64 23 13
64 24 31
64 25 48
64 33 4
64 34 31
64 36 16
64 37 20
64 40 59
64 43 52
64 45 55
64 48 35
64 52 7
64 58 54
64 59 42
64 60 42
64 61 4
65 0 1
65 6 26
65 7 25
65 9 40
65 12 32
65 14 23
65 17 41
65 18 12
65 20 3
65 22 36
65 24 29
65 25 52
65 26 10
65 29 26
65 30 17
65 32 58
65 35 11
65 36 39
65 38 43
65 40 28
65 42 56
65 46 35
65 48 53
65 49 20
65 50 14
65 51 6
65 55 40
65 57 13
65 58 3
65 59 11
65 60 22
65 61 41
65 62 6
65 63 56
66 0 10
66 1 42
66 2 30
66 3 47
66 6 17
66 11 52
66 12 38
66 13 11
66 15 1
66 16 18
66 22 20
66 24 15
66 25 23
66 26 1
66 27 55
66 29 5
66 31 22
66 32 50
66 33 2
66 35 4
66 36 58
66 37 18
66 38 7
66 40 48
66 41 16
66 42 22
66 47 9
66 48 49
66 52 46
66 53 10
66 55 41
66 56 53
66 59 24
66 60 17
66 61 29
66 62 8
66 63 11
66 64 12
67 0 15
67 1 4
67 2 41
67 4 21
67 5 5
67 9 25
67 10 59
67 11 15
67 12 12
67 13 18
67 19 45
67 21 47
67 22 56
67 23 17
67 25 29
67 26 8
67 27 3
67 29 25
67 32 24
67 35 47
67 36 38
67 38 18
67 49 24
67 56 16
67 57 2
67 59 41
67 61 37
67 62 1
68 0 1
68 1 55
68 3 38
68 7 57
68 8 11
68 15 5
68 17 32
68 18 26
68 26 22
68 28 39
68 31 8
68 33 57
68 36 10
68 39 59
68 40 10
68 41 52
68 43 7
68 44 58
68 46 22
68 48 47
68 50 59
68 51 9
68 53 29
68 55 30
68 58 12
68 59 7
68 60 7
68 61 17
68 63 56
68 64 14
68 66 38
69 1 59
69 7 33
69 9 14
69 12 2
69 27 27
69 30 42
69 31 12
69 37 34
69 38 4
69 41 54
69 42 37
69 44 16
69 46 17
69 51 16
69 52 17
69 53 15
69 54 49
69 55 36
69 58 15
69 62 47
69 63 48
