60
1 0 72
2 0 100
2 1 22
3 2 73
4 0 60
4 1 7
4 3 38
5 1 10
5 2 42
5 3 98
6 0 41
6 1 6
6 2 91
6 3 45
6 4 89
6 5 48
7 0 15
7 3 39
7 5 72
7 6 90
8 0 28
8 1 87
8 2 41
8 3 5
8 4 82
9 0 43
9 1 4
9 3 41
9 4 17
9 6 61
9 7 38
10 0 66
10 1 25
10 2 49
10 3 11
10 5 54
10 6 25
10 9 69
11 1 31
11 2 90
11 4 29
11 6 38
11 7 25
11 8 35
12 1 89
12 2 63
12 3 25
12 4 14
12 5 24
12 9 66
12 10 20
12 11 33
13 2 63
13 3 89
13 4 28
13 9 97
13 10 97
13 11 27
13 12 77
14 0 19
14 1 43
14 3 39
14 4 75
14 5 75
14 6 2
14 7 49
14 9 24
14 10 58
14 11 62
14 13 82
15 0 33
15 1 6
15 2 46
15 5 42
15 7 48
15 9 38
15 10 42
15 11 14
15 13 98
16 0 30
16 1 86
16 4 96
16 9 19
16 12 100
16 13 19
17 1 75
17 3 9
17 6 16
17 10 70
17 13 10
17 14 20
18 1 17
18 6 88
18 11 73
18 13 30
18 14 99
18 15 42
18 17 88
19 6 71
19 7 78
19 8 6
19 9 12
19 10 12
19 11 41
19 15 50
19 16 98
19 17 41
19 18 79
20 1 15
20 2 12
20 3 61
20 5 67
20 7 38
20 11 91
20 12 38
20 15 64
20 16 14
20 18 77
20 19 76
21 0 55
21 3 93
21 8 46
21 10 22
21 11 13
21 13 52
21 14 96
21 17 14
22 1 30
22 3 89
22 4 73
22 5 76
22 6 27
22 7 44
22 8 43
22 9 11
22 10 34
22 11 18
22 12 68
22 14 55
22 15 10
22 16 45
22 17 14
22 19 95
23 0 59
23 2 36
23 3 73
23 5 67
23 9 50
23 10 54
23 14 67
23 16 4
23 17 32
23 18 68
23 20 3
23 22 51
24 1 21
24 4 100
24 5 2
24 6 81
24 7 4
24 11 93
24 12 96
24 13 75
24 16 53
24 19 53
24 21 47
25 0 98
25 1 55
25 2 70
25 3 74
25 5 50
25 8 97
25 9 23
25 13 27
25 14 57
25 15 36
25 16 59
25 17 96
25 21 51
25 23 40
25 24 72
26 2 61
26 4 35
26 5 100
26 7 32
26 10 66
26 11 47
26 12 67
26 14 20
26 15 16
26 16 12
26 19 1
26 20 78
27 1 33
27 5 78
27 10 30
27 12 54
27 13 8
27 14 69
27 15 57
27 17 82
27 18 23
27 20 27
27 21 33
27 25 29
27 26 77
28 1 96
28 5 3
28 9 69
28 11 66
28 12 1
28 14 85
28 18 79
28 19 89
28 21 93
28 23 13
28 24 76
28 25 16
28 26 38
28 27 60
29 0 1
29 4 42
29 7 44
29 10 40
29 12 94
29 13 66
29 14 59
29 16 57
29 17 17
29 20 29
29 21 65
29 22 74
29 23 46
29 25 11
29 28 56
30 2 55
30 3 28
30 4 68
30 6 28
30 8 70
30 9 54
30 12 97
30 13 99
30 14 91
30 15 14
30 17 59
30 18 81
30 19 78
30 20 53
30 21 49
30 23 62
30 24 20
30 27 25
30 28 83
30 29 91
31 2 53
31 4 55
31 7 42
31 8 13
31 9 47
31 10 73
31 12 47
31 14 83
31 17 54
31 19 11
31 20 54
31 21 11
31 22 49
31 23 2
31 24 7
31 25 42
31 26 2
31 27 94
31 29 53
31 30 1
32 2 76
32 3 23
32 6 46
32 7 36
32 11 96
32 12 64
32 13 69
32 15 83
32 17 8
32 19 67
32 21 35
32 23 41
32 25 95
32 27 99
32 31 79
33 1 76
33 2 43
33 3 94
33 8 41
33 9 45
33 10 20
33 11 81
33 12 19
33 13 4
33 20 72
33 24 69
33 26 65
33 27 14
33 28 15
33 29 59
33 31 3
34 0 86
34 2 24
34 4 67
34 6 99
34 7 81
34 8 43
34 9 79
34 12 70
34 15 90
34 16 10
34 21 19
34 25 58
34 26 29
34 27 39
34 29 10
34 30 5
34 31 67
35 1 3
35 4 53
35 7 29
35 10 1
35 11 79
35 16 36
35 17 48
35 18 38
35 21 19
35 22 100
35 26 41
35 28 12
35 31 36
35 34 98
36 0 99
36 3 1
36 4 100
36 6 34
36 7 1
36 10 85
36 13 89
36 19 60
36 20 45
36 21 51
36 22 61
36 24 69
36 25 26
36 26 39
36 27 79
36 32 62
36 34 69
36 35 40
37 1 57
37 2 80
37 3 19
37 5 95
37 8 24
37 10 6
37 12 72
37 14 13
37 15 20
37 16 52
37 18 54
37 19 31
37 21 23
37 22 43
37 30 14
37 32 55
37 33 41
37 34 74
38 0 77
38 2 89
38 3 27
38 5 36
38 11 88
38 16 45
38 17 52
38 18 89
38 22 45
38 24 65
38 29 96
38 30 81
38 32 19
38 34 27
38 36 11
38 37 63
39 0 90
39 1 25
39 3 67
39 4 69
39 9 90
39 10 42
39 14 83
39 17 60
39 18 44
39 23 53
39 24 84
39 28 84
39 30 28
39 31 87
39 32 5
39 33 9
39 34 100
39 35 97
39 36 65
39 37 16
40 0 57
40 5 38
40 7 59
40 12 38
40 14 55
40 15 89
40 16 47
40 19 27
40 20 100
40 22 85
40 25 30
40 27 1
40 28 55
40 29 42
40 30 65
40 33 13
40 34 65
40 37 65
40 39 70
41 1 38
41 2 11
41 9 85
41 10 27
41 11 33
41 13 22
41 16 54
41 17 19
41 18 78
41 19 7
41 20 85
41 23 21
41 27 15
41 32 49
41 34 18
41 35 14
41 37 69
42 1 45
42 3 69
42 5 52
42 8 1
42 9 2
42 10 99
42 13 62
42 14 51
42 15 30
42 16 61
42 19 23
42 21 82
42 26 9
42 27 47
42 28 84
42 29 46
42 30 2
42 32 71
42 33 34
42 34 27
42 35 97
42 36 66
42 39 83
42 40 99
43 4 93
43 6 81
43 9 22
43 13 14
43 17 71
43 19 27
43 20 3
43 21 1
43 22 96
43 23 16
43 25 30
43 32 92
43 33 99
43 34 75
43 35 55
43 36 30
43 37 4
43 38 65
43 39 97
44 1 72
44 3 10
44 7 32
44 9 65
44 12 15
44 13 66
44 15 48
44 16 57
44 17 61
44 18 70
44 19 69
44 21 53
44 24 68
44 25 7
44 27 68
44 29 26
44 30 99
44 31 77
44 32 39
44 33 58
44 34 22
44 38 17
44 39 14
44 41 35
45 0 4
45 4 27
45 5 62
45 6 99
45 8 11
45 9 16
45 11 65
45 13 53
45 15 50
45 17 77
45 18 83
45 19 73
45 20 87
45 21 30
45 26 37
45 27 93
45 30 62
45 31 88
45 33 19
45 34 53
45 35 68
45 37 79
45 38 3
45 39 95
45 40 61
45 41 36
45 44 30
46 0 87
46 3 56
46 4 3
46 6 3
46 8 68
46 10 45
46 13 33
46 14 83
46 15 77
46 18 84
46 20 94
46 21 51
46 23 6
46 24 72
46 30 70
46 31 53
46 32 55
46 33 93
46 39 92
46 42 49
46 43 19
47 2 87
47 3 53
47 5 43
47 7 27
47 8 79
47 12 77
47 18 37
47 21 45
47 23 20
47 24 8
47 25 88
47 26 97
47 27 21
47 28 41
47 31 30
47 32 14
47 34 17
47 35 2
47 36 81
47 38 94
47 39 64
47 40 97
47 41 39
47 42 48
47 44 66
47 45 73
47 46 83
48 0 21
48 3 60
48 4 87
48 5 47
48 8 90
48 12 34
48 13 99
48 15 45
48 16 61
48 20 91
48 21 8
48 26 27
48 28 11
48 31 23
48 32 15
48 37 51
48 38 71
48 39 75
48 41 60
48 43 6
48 44 65
49 1 93
49 3 68
49 6 94
49 8 60
49 11 96
49 12 92
49 13 48
49 14 36
49 15 25
49 16 43
49 17 65
49 19 39
49 20 44
49 24 30
49 25 34
49 27 3
49 28 68
49 29 96
49 31 51
49 32 32
49 33 61
49 35 13
49 36 77
49 37 65
49 38 69
49 39 41
49 41 57
49 42 86
49 43 76
49 44 29
49 47 31
50 2 69
50 6 95
50 7 48
50 10 57
50 11 86
50 13 67
50 16 20
50 18 36
50 20 97
50 21 71
50 22 46
50 27 64
50 28 27
50 29 21
50 30 98
50 33 62
50 34 34
50 36 46
50 38 51
50 40 85
50 43 27
50 44 15
50 46 81
50 47 5
50 48 15
50 49 50
51 0 69
51 1 18
51 5 54
51 6 23
51 11 1
51 13 87
51 14 31
51 18 61
51 19 43
51 20 100
51 23 44
51 28 96
51 31 55
51 36 86
51 37 29
51 38 5
51 39 88
51 42 25
51 44 8
51 46 72
51 48 45
51 50 45
52 0 69
52 3 64
52 4 46
52 5 2
52 7 49
52 8 42
52 15 41
52 16 9
52 18 97
52 22 86
52 23 80
52 24 28
52 26 49
52 27 72
52 28 83
52 30 93
52 33 80
52 34 30
52 35 59
52 36 6
52 38 33
52 40 16
52 42 33
52 43 23
52 47 57
53 0 45
53 4 4
53 5 45
53 6 79
53 9 10
53 12 47
53 13 76
53 15 31
53 16 98
53 17 40
53 18 50
53 20 22
53 23 11
53 24 61
53 26 95
53 27 45
53 30 84
53 31 58
53 33 87
53 35 96
53 37 83
53 38 90
53 39 79
53 40 5
53 41 48
53 43 8
53 44 14
53 47 39
53 49 46
53 51 81
54 0 67
54 2 12
54 3 13
54 5 67
54 6 30
54 7 80
54 8 68
54 9 10
54 10 70
54 14 44
54 20 71
54 21 71
54 22 41
54 25 87
54 30 39
54 34 78
54 35 100
54 36 65
54 39 87
54 40 87
54 41 66
54 44 95
54 47 99
54 51 52
54 52 3
54 53 69
55 0 9
55 3 75
55 7 21
55 8 33
55 14 78
55 15 59
55 16 85
55 17 77
55 18 43
55 26 44
55 31 51
55 33 93
55 35 41
55 36 16
55 39 5
55 40 16
55 41 17
55 43 58
55 44 30
55 46 74
55 50 64
55 53 38
55 54 20
56 0 61
56 2 53
56 3 33
56 4 7
56 6 83
56 9 50
56 10 37
56 13 46
56 15 23
56 17 76
56 18 41
56 19 48
56 21 86
56 22 99
56 23 90
56 24 95
56 27 73
56 28 86
56 31 40
56 32 76
56 33 41
56 34 94
56 35 69
56 36 34
56 37 44
56 38 40
56 41 10
56 42 83
56 44 92
56 48 7
56 51 73
56 52 70
56 53 25
56 54 25
57 2 98
57 3 88
57 4 50
57 5 75
57 6 90
57 8 67
57 9 81
57 13 50
57 14 34
57 16 25
57 18 82
57 19 24
57 20 26
57 21 24
57 22 30
57 25 69
57 29 65
57 30 42
57 31 20
57 33 48
57 35 39
57 39 23
57 42 73
57 44 15
57 45 81
57 46 3
57 47 34
57 48 55
57 52 59
57 53 74
57 54 5
57 55 57
58 2 95
58 3 81
58 4 73
58 7 85
58 9 84
58 10 16
58 14 91
58 15 64
58 16 44
58 17 21
58 25 39
58 28 78
58 29 40
58 30 79
58 34 18
58 37 1
58 44 57
58 47 12
58 49 29
58 51 40
58 53 59
58 54 82
59 0 2
59 3 84
59 4 52
59 5 9
59 6 49
59 8 60
59 9 9
59 10 7
59 13 27
59 15 53
59 16 22
59 19 96
59 20 59
59 21 49
59 22 58
59 23 31
59 26 83
59 28 78
59 29 94
59 31 84
59 33 59
59 35 69
59 37 58
59 40 33
59 43 63
59 44 5
59 45 36
59 47 55
59 48 70
59 50 55
59 51 36
59 53 67
59 54 83
59 55 58
59 57 12
