70
1 0 15
2 0 17
2 1 3
3 1 19
3 2 6
4 3 17
5 0 18
6 1 6
6 2 11
6 3 15
6 4 11
7 0 17
7 4 18
8 0 10
8 5 18
8 7 6
9 1 4
9 6 18
10 2 4
10 3 15
10 5 3
10 9 7
11 0 4
11 1 1
11 2 12
11 3 8
11 4 12
11 5 11
11 6 12
11 9 5
12 2 19
12 5 20
12 6 7
12 7 17
12 8 7
12 11 9
13 2 12
13 3 9
13 4 3
13 8 19
13 9 16
13 10 1
14 0 18
14 1 2
14 2 18
14 7 4
14 8 3
14 9 7
14 10 8
14 11 9
15 3 6
15 5 18
15 7 9
15 9 7
15 10 20
15 12 16
15 13 10
15 14 3
16 2 8
16 3 17
16 4 9
16 5 2
16 6 3
16 8 10
16 9 17
16 10 15
16 11 13
16 13 5
16 14 8
17 3 4
17 4 14
17 5 15
17 6 1
17 12 14
17 14 12
17 16 12
18 0 16
18 1 6
18 3 5
18 4 5
18 5 20
18 8 12
18 9 7
18 11 6
18 12 19
18 15 3
18 17 4
19 0 20
19 3 18
19 6 18
19 7 18
19 14 3
19 17 5
20 0 6
20 1 1
20 4 14
20 6 9
20 7 20
20 9 1
20 10 1
20 12 15
20 13 20
20 14 18
20 17 5
20 18 8
20 19 6
21 3 2
21 4 10
21 7 11
21 9 17
21 10 15
21 11 20
21 12 19
21 13 5
21 15 13
21 17 19
21 18 14
21 20 11
22 1 8
22 6 10
22 7 13
22 8 14
22 10 7
22 12 11
22 13 5
22 14 7
22 15 20
22 16 16
22 17 19
22 18 10
22 19 4
22 21 7
23 1 12
23 8 15
23 10 14
23 11 9
23 12 9
23 14 16
23 18 4
23 20 2
24 7 10
24 8 19
24 10 3
24 11 4
24 12 6
24 14 16
24 16 10
24 17 16
24 18 15
24 19 19
24 20 6
24 22 12
25 4 16
25 5 13
25 6 8
25 8 8
25 10 11
25 11 18
25 12 7
25 13 7
25 16 5
25 17 15
25 18 17
25 19 17
25 20 16
25 24 10
26 1 16
26 2 5
26 4 3
26 5 11
26 8 11
26 10 18
26 12 20
26 15 13
26 16 7
26 19 19
26 20 1
26 24 3
26 25 11
27 5 10
27 6 18
27 9 1
27 11 13
27 18 11
27 20 19
27 23 8
28 1 17
28 4 7
28 6 19
28 10 15
28 11 8
28 12 5
28 14 2
28 15 17
28 16 2
28 18 20
28 22 4
28 24 4
28 26 2
29 0 12
29 2 2
29 3 11
29 5 9
29 6 16
29 9 14
29 13 3
29 14 1
29 17 11
29 18 17
29 20 14
29 24 18
29 26 6
29 28 10
30 1 3
30 2 10
30 3 10
30 4 16
30 5 4
30 7 7
30 8 1
30 9 7
30 10 18
30 13 13
30 14 18
30 15 7
30 18 5
30 20 4
30 21 19
30 24 13
30 25 13
30 26 11
31 0 1
31 1 3
31 2 3
31 3 19
31 7 15
31 8 2
31 9 12
31 12 7
31 16 16
31 21 15
31 23 7
31 24 8
31 25 15
31 26 16
31 28 15
32 0 13
32 1 17
32 2 9
32 3 7
32 5 15
32 7 18
32 14 9
32 15 20
32 17 4
32 19 7
32 26 20
32 29 13
33 0 14
33 2 8
33 3 13
33 4 7
33 5 16
33 6 20
33 7 9
33 9 16
33 10 9
33 17 17
33 21 14
33 24 7
33 26 3
33 27 18
33 29 6
33 30 14
34 1 20
34 3 5
34 5 19
34 6 12
34 7 6
34 8 19
34 9 11
34 13 12
34 14 5
34 17 5
34 19 5
34 20 4
34 21 14
34 22 5
34 23 15
34 24 7
34 25 20
34 28 17
34 29 11
34 30 15
34 31 7
34 32 19
35 0 2
35 3 20
35 7 6
35 8 19
35 9 11
35 10 16
35 11 17
35 12 8
35 16 2
35 17 3
35 21 4
35 23 17
35 24 2
35 26 11
35 30 4
35 34 16
36 1 8
36 2 12
36 4 18
36 5 20
36 6 4
36 7 3
36 9 15
36 11 1
36 14 14
36 16 6
36 18 13
36 20 3
36 21 19
36 22 1
36 24 7
36 26 18
36 28 15
36 31 16
36 32 6
36 34 3
36 35 5
37 0 15
37 2 9
37 3 14
37 4 19
37 5 17
37 7 10
37 8 1
37 10 2
37 13 13
37 15 6
37 16 8
37 17 5
37 19 2
37 20 9
37 21 6
37 22 20
37 28 8
37 30 5
37 31 8
37 32 18
37 33 14
37 34 7
37 36 8
38 1 12
38 2 8
38 5 10
38 6 14
38 7 18
38 9 14
38 12 18
38 13 12
38 14 9
38 15 4
38 18 19
38 19 19
38 21 14
38 25 11
38 26 15
38 27 11
38 29 10
38 33 9
38 36 11
38 37 10
39 0 19
39 3 2
39 6 15
39 7 16
39 11 10
39 13 4
39 14 3
39 15 13
39 17 19
39 18 17
39 19 2
39 20 1
39 21 7
39 22 8
39 26 3
39 27 3
39 28 3
39 37 9
39 38 19
40 3 18
40 4 10
40 7 14
40 8 1
40 10 3
40 13 13
40 14 17
40 17 3
40 18 16
40 20 4
40 22 2
40 24 4
40 26 3
40 28 12
40 29 10
40 30 19
40 33 17
40 38 8
41 1 8
41 5 3
41 6 20
41 7 14
41 10 9
41 11 11
41 16 11
41 17 10
41 21 14
41 22 16
41 23 8
41 25 5
41 26 17
41 28 15
41 30 13
41 32 3
41 34 5
41 35 16
41 36 8
41 37 12
41 38 5
41 40 19
42 5 12
42 7 8
42 10 14
42 13 13
42 15 15
42 17 18
42 19 18
42 20 8
42 21 20
42 22 18
42 24 2
42 25 18
42 26 15
42 27 3
42 30 9
42 31 14
42 33 17
42 34 7
42 36 6
42 38 17
42 39 4
42 41 2
43 2 10
43 10 14
43 11 11
43 13 8
43 14 3
43 18 7
43 20 11
43 21 19
43 23 9
43 28 9
43 29 19
43 31 6
43 33 14
43 34 6
43 35 11
43 40 7
43 42 20
44 0 7
44 3 6
44 4 8
44 5 2
44 7 12
44 8 13
44 9 7
44 10 12
44 12 11
44 13 8
44 14 5
44 15 8
44 16 8
44 17 7
44 21 17
44 22 17
44 23 13
44 24 13
44 26 10
44 27 8
44 28 19
44 29 9
44 30 20
44 32 12
44 35 9
44 36 10
44 42 6
44 43 16
45 0 6
45 1 9
45 7 7
45 10 1
45 14 17
45 16 8
45 22 11
45 23 11
45 24 16
45 26 9
45 27 4
45 28 9
45 29 15
45 32 19
45 33 7
45 34 19
45 39 18
45 41 14
45 43 10
45 44 7
46 3 1
46 4 18
46 7 9
46 10 15
46 11 20
46 12 7
46 18 3
46 21 11
46 23 14
46 24 20
46 28 3
46 30 18
46 31 1
46 34 18
46 39 14
46 40 1
46 41 9
46 44 14
46 45 1
47 2 17
47 3 7
47 6 8
47 7 9
47 9 16
47 10 20
47 11 17
47 18 19
47 22 2
47 24 3
47 27 4
47 28 15
47 32 18
47 34 15
47 35 10
47 36 8
47 37 14
47 38 10
47 39 12
47 40 20
47 44 4
47 45 4
48 0 19
48 2 6
48 3 1
48 4 20
48 5 11
48 9 11
48 10 11
48 11 19
48 14 19
48 15 10
48 18 11
48 22 9
48 23 13
48 25 11
48 28 7
48 29 12
48 30 8
48 37 19
48 38 3
48 41 8
48 44 12
48 45 3
49 2 18
49 3 19
49 5 1
49 7 1
49 9 4
49 10 9
49 11 16
49 12 4
49 13 17
49 15 18
49 16 12
49 20 2
49 22 20
49 23 17
49 27 13
49 28 14
49 30 8
49 31 18
49 34 20
49 38 2
49 40 6
49 42 10
49 43 12
49 44 6
49 48 3
50 0 12
50 2 6
50 3 2
50 6 10
50 8 17
50 13 11
50 16 9
50 17 8
50 19 13
50 20 3
50 21 14
50 26 17
50 27 6
50 28 7
50 29 4
50 30 9
50 31 14
50 35 15
50 37 18
50 39 15
50 40 15
50 41 4
50 43 5
50 44 3
50 45 13
51 1 3
51 3 8
51 4 4
51 6 10
51 8 3
51 11 13
51 14 16
51 16 18
51 18 5
51 24 12
51 26 13
51 31 10
51 34 18
51 37 17
51 38 20
51 46 19
51 47 5
51 49 11
52 0 11
52 2 3
52 3 13
52 4 14
52 5 10
52 6 18
52 8 14
52 9 8
52 13 12
52 14 20
52 18 7
52 20 7
52 24 16
52 27 8
52 28 12
52 30 19
52 32 7
52 33 4
52 34 14
52 35 15
52 37 5
52 40 1
52 43 10
52 44 13
52 46 3
52 48 4
52 49 4
52 50 9
52 51 12
53 0 3
53 1 16
53 2 3
53 4 11
53 6 6
53 8 11
53 9 20
53 10 14
53 16 4
53 18 7
53 19 20
53 20 9
53 22 16
53 23 7
53 24 9
53 25 3
53 26 16
53 27 17
53 30 3
53 31 2
53 33 12
53 39 17
53 41 5
53 42 6
53 43 3
53 44 8
53 45 10
53 48 13
53 49 3
53 50 1
53 52 12
54 1 16
54 2 2
54 3 1
54 7 5
54 9 8
54 10 18
54 13 3
54 14 3
54 15 12
54 17 14
54 19 18
54 23 5
54 25 5
54 26 3
54 32 3
54 34 9
54 37 11
54 40 7
54 42 12
54 43 7
54 44 13
54 47 4
54 52 14
55 4 2
55 5 8
55 8 3
55 11 6
55 16 14
55 17 16
55 19 15
55 21 19
55 22 13
55 27 2
55 29 7
55 30 9
55 31 10
55 34 16
55 35 12
55 36 5
55 37 12
55 40 2
55 42 16
55 43 15
55 44 4
55 46 1
55 47 4
55 48 13
55 51 2
55 52 5
56 2 11
56 5 9
56 10 16
56 11 2
56 13 5
56 15 3
56 16 3
56 20 1
56 24 13
56 28 5
56 29 12
56 30 5
56 31 6
56 34 5
56 35 1
56 37 17
56 38 11
56 39 13
56 40 15
56 43 17
56 44 12
56 45 20
56 46 7
56 48 10
56 50 13
56 53 18
57 2 1
57 7 1
57 8 13
57 13 1
57 14 19
57 16 2
57 19 6
57 20 4
57 24 15
57 25 1
57 28 15
57 30 4
57 31 16
57 32 3
57 34 17
57 35 9
57 36 17
57 37 10
57 39 17
57 43 10
57 44 2
57 47 2
57 49 17
57 50 5
57 51 4
57 52 20
57 54 14
57 55 12
58 0 1
58 2 2
58 7 5
58 8 5
58 9 5
58 12 9
58 18 11
58 19 4
58 22 14
58 25 6
58 27 7
58 30 16
58 32 18
58 33 18
58 34 19
58 37 6
58 39 15
58 42 2
58 43 3
58 47 17
58 50 6
58 51 11
58 52 3
58 54 9
59 3 18
59 4 2
59 5 1
59 7 3
59 8 16
59 9 14
59 11 9
59 12 7
59 14 3
59 15 1
59 18 1
59 20 14
59 21 16
59 23 17
59 28 11
59 30 7
59 32 14
59 37 17
59 38 11
59 40 11
59 43 16
59 44 11
59 45 8
59 46 15
59 47 20
59 50 18
59 51 12
59 53 4
60 3 10
60 4 13
60 5 16
60 9 6
60 11 7
60 13 20
60 14 6
60 15 11
60 16 14
60 17 2
60 25 14
60 26 7
60 27 9
60 28 13
60 29 13
60 30 3
60 31 6
60 32 4
60 34 12
60 36 1
60 43 18
60 44 3
60 45 15
60 47 17
60 49 6
60 56 20
60 57 19
60 58 11
61 0 19
61 1 3
61 3 16
61 5 15
61 6 6
61 8 20
61 11 13
61 13 16
61 14 2
61 20 16
61 22 1
61 26 5
61 30 12
61 33 20
61 34 6
61 36 17
61 40 13
61 41 5
61 48 9
61 49 17
61 52 7
61 54 5
61 56 14
61 57 20
61 59 14
62 0 12
62 1 4
62 6 15
62 8 1
62 9 9
62 10 11
62 11 9
62 12 11
62 13 13
62 15 13
62 16 6
62 19 8
62 21 5
62 23 7
62 25 16
62 26 16
62 27 13
62 29 5
62 33 13
62 34 6
62 35 15
62 38 19
62 39 1
62 40 14
62 43 7
62 46 14
62 47 2
62 48 10
62 50 18
62 52 6
62 53 1
62 56 11
62 58 16
62 59 13
62 60 13
62 61 10
63 2 7
63 3 3
63 8 8
63 10 7
63 12 15
63 14 9
63 15 6
63 17 12
63 18 17
63 19 6
63 22 9
63 23 10
63 24 7
63 25 4
63 27 16
63 28 18
63 30 9
63 31 19
63 37 10
63 38 13
63 46 12
63 47 1
63 48 3
63 50 4
63 51 19
63 52 1
63 53 2
63 54 16
63 55 11
63 56 17
63 59 1
63 60 17
63 62 1
64 1 2
64 3 11
64 4 5
64 5 11
64 6 5
64 7 2
64 8 10
64 10 14
64 11 16
64 12 11
64 13 19
64 15 4
64 19 17
64 21 18
64 23 17
64 26 11
64 27 10
64 31 19
64 32 18
64 33 18
64 35 8
64 40 19
64 41 7
64 44 5
64 46 3
64 49 10
64 51 6
64 52 16
64 56 14
64 59 5
64 60 4
64 61 16
64 63 11
65 0 3
65 2 7
65 3 20
65 5 6
65 8 8
65 9 1
65 11 19
65 12 10
65 13 8
65 16 4
65 18 18
65 21 19
65 22 4
65 27 3
65 30 7
65 33 19
65 34 4
65 35 14
65 36 6
65 37 18
65 38 3
65 40 20
65 41 13
65 43 4
65 44 2
65 45 16
65 46 7
65 48 14
65 51 11
65 53 17
65 55 8
65 56 17
65 58 20
65 61 11
65 62 6
65 63 14
66 1 11
66 3 12
66 6 10
66 14 17
66 15 17
66 16 8
66 17 19
66 22 11
66 24 7
66 26 6
66 28 12
66 31 12
66 34 17
66 37 1
66 38 12
66 41 9
66 42 16
66 43 7
66 44 6
66 46 3
66 47 2
66 49 4
66 51 1
66 53 19
66 60 10
66 65 10
67 2 20
67 3 3
67 5 6
67 6 20
67 7 2
67 8 1
67 11 6
67 12 1
67 15 7
67 17 16
67 20 16
67 22 10
67 25 9
67 27 14
67 30 9
67 31 13
67 35 4
67 38 1
67 40 17
67 42 14
67 47 17
67 49 16
67 50 16
67 54 17
67 60 14
67 61 11
67 62 2
67 63 8
67 66 16
68 0 10
68 1 2
68 3 1
68 5 12
68 6 1
68 7 7
68 8 20
68 9 15
68 11 4
68 13 13
68 14 14
68 16 1
68 17 18
68 18 19
68 19 19
68 20 14
68 21 5
68 22 1
68 23 11
68 26 16
68 31 3
68 32 14
68 33 4
68 39 3
68 41 5
68 43 10
68 44 12
68 46 2
68 48 1
68 50 11
68 52 7
68 54 15
68 56 3
68 66 14
68 67 14
69 2 12
69 3 7
69 6 7
69 8 3
69 9 17
69 12 15
69 14 4
69 16 4
69 19 3
69 20 11
69 21 15
69 22 19
69 24 11
69 29 16
69 30 15
69 33 1
69 35 15
69 36 18
69 37 15
69 40 3
69 42 16
69 46 4
69 48 12
69 50 9
69 52 4
69 53 14
69 54 10
69 61 20
69 62 3
69 63 5
69 68 10
