20
2 1 87
3 0 63
3 1 25
3 2 37
4 2 78
4 3 71
5 0 26
5 1 83
5 4 96
6 0 17
6 1 36
6 2 8
6 4 47
7 0 68
7 1 67
7 4 90
8 0 35
8 1 73
8 4 6
8 5 13
8 6 81
8 7 92
9 0 58
9 5 98
10 3 80
10 5 4
10 8 84
11 4 25
11 8 58
11 10 25
12 2 2
12 3 68
12 4 44
12 5 38
12 6 39
12 9 45
12 10 37
13 3 98
13 4 7
13 9 74
13 11 26
14 1 10
14 2 6
14 4 5
14 5 36
14 8 54
14 10 62
14 11 22
14 13 78
15 1 100
15 2 10
15 10 79
15 11 45
15 14 43
16 0 20
16 2 60
16 3 98
16 8 63
16 10 8
16 13 63
16 14 99
16 15 97
17 0 96
17 3 54
17 4 69
17 6 19
17 7 4
17 10 33
17 11 31
17 12 41
17 13 46
17 14 62
18 3 34
18 4 72
18 7 23
18 9 97
18 17 10
19 1 88
19 2 6
19 3 33
19 4 90
19 7 55
19 9 15
19 11 40
19 14 93
19 18 61
