20
1 0 42
2 0 58
3 0 45
3 1 18
3 2 14
4 0 3
4 1 57
4 2 55
5 0 14
5 4 16
6 0 6
6 2 53
7 1 33
7 2 17
7 6 25
8 2 24
8 4 39
8 5 16
9 0 59
9 1 28
9 2 22
9 6 21
10 0 27
10 1 20
10 3 57
10 5 30
10 7 53
10 8 13
11 0 52
11 1 30
11 2 22
11 4 18
11 6 40
11 9 49
11 10 16
12 0 30
12 1 40
12 2 50
12 4 41
12 5 50
12 7 55
12 8 19
12 9 28
12 10 16
12 11 20
13 0 3
13 3 8
13 5 25
13 6 22
13 12 32
14 0 8
14 2 52
14 6 38
14 8 58
14 12 25
15 3 10
15 4 21
15 7 56
15 10 58
15 12 3
16 1 26
16 2 12
16 4 37
16 5 8
16 7 30
16 9 49
16 12 41
16 13 44
16 14 45
16 15 15
17 0 55
17 4 55
17 5 33
17 6 57
17 7 3
17 9 51
17 13 54
17 14 4
17 15 58
18 1 42
18 3 39
18 5 13
18 7 42
18 8 28
18 9 52
18 12 11
18 16 14
19 3 12
19 8 55
19 10 5
19 12 2
19 13 17
19 17 13
19 18 24
