60
1 0 5
2 0 34
3 0 15
4 0 9
4 3 40
5 1 11
5 2 26
6 0 8
6 1 16
7 1 10
7 3 7
7 4 24
7 6 4
8 1 16
8 4 2
8 6 2
9 0 4
9 2 17
9 3 21
9 4 9
9 7 37
10 0 4
10 1 4
10 3 7
10 4 25
10 6 33
10 7 19
10 8 22
11 1 1
11 2 28
11 3 20
11 5 9
11 10 37
12 0 37
12 1 38
12 3 4
12 6 28
12 8 33
12 10 5
12 11 19
13 4 37
13 8 2
13 11 35
13 12 31
14 1 7
14 2 3
14 5 4
14 9 38
14 10 7
14 11 31
14 12 26
15 1 2
15 2 11
15 4 37
15 5 35
15 8 1
15 12 31
15 13 23
15 14 37
16 3 27
16 4 37
16 5 21
16 7 15
16 8 21
16 10 3
16 12 20
16 13 2
17 4 29
17 5 34
17 6 37
17 9 33
17 12 8
17 14 18
17 15 3
17 16 25
18 0 6
18 2 9
18 3 23
18 8 31
18 9 7
18 12 5
18 13 30
18 16 8
18 17 25
19 1 37
19 2 11
19 3 36
19 4 30
19 5 16
19 6 29
19 7 16
19 8 8
19 9 27
19 10 8
19 12 7
19 15 12
19 16 3
19 17 35
20 0 31
20 1 29
20 7 18
20 8 32
20 10 21
20 13 5
20 15 20
20 17 10
20 18 1
20 19 35
21 1 40
21 3 32
21 4 8
21 9 39
21 15 4
21 18 40
21 19 36
21 20 39
22 0 18
22 2 23
22 3 2
22 4 8
22 5 40
22 8 9
22 9 32
22 13 17
22 15 34
22 16 34
22 18 9
22 19 2
22 20 10
23 3 12
23 4 22
23 6 18
23 9 37
23 10 1
23 12 13
23 14 4
23 15 35
23 16 12
23 18 3
23 20 28
23 21 3
24 2 3
24 6 16
24 7 34
24 10 5
24 11 18
24 12 5
24 13 15
24 15 13
24 16 31
24 18 27
24 19 22
24 21 34
24 23 2
25 0 36
25 1 28
25 2 31
25 6 16
25 7 16
25 10 25
25 11 19
25 12 20
25 16 14
25 17 21
25 18 2
25 19 39
25 20 32
26 0 20
26 1 40
26 2 8
26 3 1
26 6 33
26 7 34
26 8 13
26 9 10
26 11 40
26 12 38
26 13 12
26 21 13
26 23 3
26 25 12
27 0 33
27 1 9
27 2 22
27 3 29
27 4 38
27 5 28
27 6 32
27 8 27
27 9 5
27 10 15
27 13 36
27 15 3
27 16 5
27 17 11
27 19 36
27 20 33
27 24 22
27 25 14
28 0 19
28 3 13
28 11 2
28 12 19
28 14 30
28 16 29
28 17 39
28 21 30
28 22 10
28 23 18
28 25 23
29 0 26
29 1 20
29 3 28
29 4 37
29 6 40
29 8 17
29 11 8
29 13 23
29 14 8
29 15 29
29 16 28
29 17 5
29 18 14
29 19 19
29 25 40
29 26 32
29 28 29
30 0 34
30 4 1
30 8 9
30 10 31
30 14 27
30 17 37
30 19 34
30 21 9
30 24 39
30 26 5
30 27 8
30 28 38
30 29 35
31 0 20
31 1 37
31 3 30
31 4 34
31 5 1
31 6 20
31 7 16
31 8 22
31 10 25
31 12 24
31 14 29
31 16 36
31 18 6
31 22 19
31 24 18
31 26 11
31 29 6
32 1 27
32 5 7
32 8 31
32 14 2
32 15 20
32 17 16
32 19 20
32 22 29
32 23 35
32 24 34
32 26 9
32 27 6
32 29 2
32 30 6
33 3 22
33 8 10
33 12 30
33 16 15
33 17 15
33 18 14
33 21 18
33 22 9
33 23 19
33 24 40
33 25 32
33 26 12
33 27 15
33 28 9
33 32 10
34 0 14
34 1 2
34 6 15
34 12 15
34 13 30
34 14 36
34 15 21
34 22 4
34 23 40
34 24 17
34 25 12
34 26 9
34 27 11
34 30 19
34 33 28
35 1 37
35 2 4
35 4 20
35 7 5
35 8 19
35 9 15
35 12 33
35 13 38
35 15 24
35 16 32
35 18 19
35 19 28
35 20 29
35 21 17
35 22 25
35 23 26
35 25 3
35 27 14
35 29 29
35 30 23
35 31 2
35 33 20
35 34 8
36 1 4
36 3 24
36 4 38
36 8 26
36 9 15
36 11 32
36 12 25
36 13 40
36 18 39
36 20 26
36 21 7
36 22 15
36 23 18
36 24 1
36 26 6
36 30 38
36 33 18
36 34 31
36 35 26
37 0 13
37 1 27
37 2 11
37 3 24
37 4 14
37 5 28
37 6 34
37 8 33
37 10 38
37 11 31
37 12 11
37 19 31
37 20 12
37 21 10
37 25 35
37 26 28
37 27 8
37 28 5
37 30 33
37 31 21
37 33 15
37 36 30
38 0 9
38 2 36
38 5 4
38 9 21
38 10 3
38 12 25
38 15 12
38 17 12
38 19 26
38 20 32
38 24 14
38 25 26
38 26 1
38 27 3
38 28 17
38 34 31
38 35 35
38 36 27
39 0 18
39 1 9
39 3 1
39 6 38
39 10 8
39 12 22
39 13 6
39 14 19
39 15 9
39 16 16
39 18 35
39 19 19
39 20 10
39 21 3
39 24 24
39 25 21
39 28 1
39 29 34
39 30 20
39 31 6
39 32 30
39 35 36
39 38 25
40 2 9
40 5 3
40 6 8
40 9 24
40 13 24
40 16 35
40 18 16
40 28 16
40 30 36
40 31 9
40 32 26
40 33 15
40 35 34
40 36 15
40 38 17
41 0 7
41 1 16
41 2 2
41 4 5
41 11 4
41 13 29
41 14 7
41 15 15
41 17 31
41 18 25
41 21 15
41 22 12
41 26 30
41 28 22
41 31 32
41 32 33
41 33 16
41 38 22
41 40 4
42 0 19
42 1 1
42 5 25
42 7 2
42 8 26
42 9 11
42 10 8
42 11 36
42 15 5
42 21 1
42 23 36
42 25 8
42 26 1
42 31 18
42 33 35
42 36 5
42 37 34
42 38 7
42 41 27
43 0 9
43 4 22
43 7 5
43 9 31
43 10 32
43 12 19
43 14 4
43 15 14
43 16 39
43 17 19
43 22 34
43 23 32
43 24 19
43 25 22
43 26 1
43 28 36
43 29 22
43 30 40
43 32 19
43 34 30
43 38 17
43 39 35
43 41 34
44 1 14
44 2 24
44 5 39
44 7 29
44 12 28
44 14 40
44 18 28
44 20 24
44 23 10
44 24 11
44 25 27
44 27 16
44 28 16
44 31 26
44 33 26
44 36 34
44 37 11
44 38 24
44 41 15
45 0 19
45 3 8
45 4 21
45 5 20
45 8 6
45 10 4
45 13 17
45 18 36
45 21 14
45 22 21
45 23 33
45 26 28
45 32 5
45 39 2
45 40 30
45 41 26
45 42 1
46 2 9
46 3 20
46 4 11
46 5 8
46 6 19
46 8 17
46 9 39
46 11 26
46 12 9
46 13 20
46 14 2
46 16 3
46 17 30
46 18 11
46 22 32
46 23 1
46 26 2
46 28 36
46 29 25
46 31 27
46 32 18
46 34 26
46 35 3
46 36 9
46 38 33
46 40 35
46 42 12
46 43 16
47 2 28
47 4 19
47 5 3
47 7 7
47 8 17
47 10 37
47 12 22
47 14 14
47 16 5
47 17 16
47 18 37
47 19 28
47 22 33
47 23 9
47 24 2
47 25 12
47 26 28
47 27 17
47 28 28
47 35 14
47 38 9
47 39 38
47 41 16
47 42 16
47 43 36
47 44 6
47 45 21
48 0 23
48 3 9
48 4 32
48 6 20
48 8 23
48 9 34
48 12 37
48 15 31
48 22 37
48 24 38
48 25 15
48 26 35
48 28 30
48 30 19
48 32 12
48 34 16
48 36 27
48 40 12
48 41 28
48 42 9
48 45 21
48 47 24
49 0 34
49 3 29
49 4 18
49 5 9
49 6 4
49 7 31
49 12 6
49 13 27
49 15 16
49 16 10
49 17 6
49 18 28
49 19 22
49 23 13
49 24 17
49 25 10
49 26 28
49 28 22
49 29 35
49 36 21
49 37 28
49 41 9
49 42 18
49 43 3
49 45 25
49 46 1
49 47 19
50 0 5
50 3 17
50 8 17
50 9 1
50 10 10
50 12 28
50 13 11
50 14 7
50 15 10
50 17 13
50 18 23
50 19 21
50 20 4
50 21 34
50 24 20
50 26 7
50 27 17
50 29 5
50 31 35
50 33 19
50 34 28
50 35 20
50 37 22
50 40 17
50 42 39
50 43 34
50 44 17
50 45 20
50 46 9
50 48 36
50 49 14
51 0 24
51 2 8
51 3 8
51 5 7
51 8 1
51 10 13
51 11 19
51 12 15
51 13 3
51 14 25
51 15 8
51 16 29
51 17 3
51 19 15
51 20 10
51 30 26
51 31 8
51 32 37
51 33 5
51 34 7
51 43 20
51 44 18
51 46 11
51 47 40
51 50 39
52 2 32
52 3 31
52 6 19
52 7 32
52 9 8
52 10 25
52 12 30
52 13 6
52 15 19
52 16 22
52 18 34
52 22 39
52 23 2
52 24 28
52 27 24
52 28 34
52 30 12
52 31 34
52 32 22
52 33 25
52 34 10
52 37 4
52 38 34
52 39 6
52 41 6
52 42 34
52 46 40
52 49 1
53 0 17
53 1 26
53 6 26
53 8 6
53 9 37
53 10 18
53 12 32
53 15 28
53 16 38
53 20 17
53 21 21
53 24 25
53 25 12
53 26 31
53 27 15
53 30 1
53 35 31
53 40 30
53 42 5
53 44 40
53 46 33
53 49 11
54 0 38
54 1 32
54 2 18
54 3 25
54 4 22
54 5 39
54 6 25
54 9 2
54 12 17
54 13 1
54 15 31
54 17 40
54 18 14
54 26 36
54 27 14
54 28 37
54 29 2
54 30 14
54 31 12
54 33 14
54 34 31
54 36 14
54 37 31
54 39 30
54 41 32
54 43 1
54 44 9
54 46 36
54 47 12
54 49 13
54 51 9
54 52 25
54 53 39
55 1 21
55 2 22
55 7 16
55 8 36
55 9 29
55 10 21
55 11 1
55 12 4
55 13 34
55 14 23
55 15 29
55 16 40
55 18 40
55 19 7
55 20 4
55 23 13
55 24 5
55 25 4
55 26 6
55 27 34
55 28 35
55 30 18
55 31 26
55 32 2
55 33 22
55 34 9
55 35 30
55 36 22
55 39 34
55 40 10
55 41 2
55 42 20
55 44 24
55 45 30
55 48 11
55 49 10
55 51 33
55 52 11
55 53 39
55 54 16
56 0 32
56 2 11
56 3 3
56 4 15
56 5 5
56 6 38
56 7 38
56 9 10
56 10 33
56 12 24
56 14 14
56 16 5
56 19 27
56 20 8
56 21 20
56 22 26
56 23 6
56 24 6
56 25 29
56 27 33
56 28 30
56 31 39
56 32 29
56 33 14
56 35 3
56 36 33
56 37 36
56 40 8
56 41 7
56 42 37
56 44 8
56 46 26
56 47 19
56 48 32
56 51 2
56 52 1
56 54 37
57 1 12
57 2 39
57 3 12
57 8 25
57 9 12
57 10 30
57 11 30
57 12 19
57 13 12
57 14 29
57 16 28
57 17 8
57 18 16
57 20 9
57 21 15
57 22 36
57 24 13
57 25 20
57 28 4
57 31 6
57 33 30
57 34 12
57 35 36
57 36 26
57 37 4
57 38 15
57 41 23
57 43 37
57 44 33
57 45 3
57 46 22
57 49 37
57 50 19
57 51 38
57 54 25
57 55 31
58 3 26
58 7 17
58 9 19
58 12 17
58 13 22
58 14 34
58 15 11
58 23 15
58 24 38
58 26 1
58 28 20
58 29 11
58 32 8
58 33 15
58 35 34
58 36 6
58 38 14
58 41 36
58 42 38
58 43 1
58 44 9
58 48 31
58 50 26
58 54 17
59 0 13
59 2 3
59 3 24
59 5 40
59 7 13
59 9 10
59 11 17
59 12 33
59 13 30
59 14 37
59 15 2
59 18 3
59 19 1
59 20 25
59 21 9
59 22 10
59 23 9
59 24 3
59 25 11
59 26 40
59 28 37
59 29 33
59 30 7
59 31 31
59 32 35
59 37 11
59 38 12
59 41 5
59 46 25
59 48 21
59 49 21
59 50 31
59 55 26
