60
3 0 1
3 2 4
4 0 19
4 1 5
4 2 7
6 0 7
6 3 17
6 4 3
6 5 20
7 0 16
7 1 10
7 4 14
7 5 14
8 2 18
8 3 20
8 4 14
8 7 10
9 2 20
9 4 15
9 5 9
9 6 2
9 7 2
9 8 6
10 0 5
10 1 8
10 2 8
10 4 8
10 5 18
10 6 15
10 7 14
10 9 18
11 0 9
11 2 16
11 6 14
11 8 15
11 9 3
11 10 9
12 0 19
12 1 5
12 2 2
12 5 18
12 6 14
12 7 8
12 9 19
13 0 19
13 3 1
13 4 14
13 5 19
13 6 12
13 10 12
13 11 2
14 0 14
14 2 18
14 3 9
14 9 7
14 10 1
15 0 9
15 2 14
15 4 2
15 5 18
15 9 1
15 10 5
15 13 17
15 14 12
16 9 9
16 10 10
16 11 7
16 12 10
16 13 1
16 14 9
17 2 15
17 3 2
17 4 13
17 5 16
17 6 13
17 7 11
17 11 9
17 12 19
17 13 2
18 0 11
18 3 6
18 6 15
18 7 8
18 8 7
18 9 12
18 10 16
18 11 17
18 12 7
19 0 19
19 3 20
19 4 13
19 5 17
19 6 11
19 7 10
19 15 19
19 17 13
20 1 20
20 4 13
20 5 12
20 6 9
20 7 16
20 8 3
20 10 14
20 11 20
20 12 19
20 13 20
20 16 11
20 17 16
20 18 5
20 19 7
21 0 9
21 1 18
21 2 18
21 3 12
21 9 3
21 10 1
21 12 17
21 14 16
21 16 14
21 18 18
21 19 10
21 20 8
22 1 18
22 2 2
22 5 5
22 7 20
22 9 4
22 11 11
22 12 7
22 14 13
22 16 17
22 17 16
22 18 4
22 21 18
23 2 16
23 4 13
23 7 11
23 8 16
23 9 8
23 10 2
23 12 9
23 16 15
23 17 20
23 18 9
23 19 17
24 1 5
24 2 18
24 4 8
24 6 19
24 7 12
24 8 8
24 10 4
24 11 9
24 13 18
24 14 14
24 15 12
24 17 5
24 18 20
24 20 14
24 22 13
25 5 2
25 10 10
25 14 7
25 16 19
25 18 17
25 19 7
25 22 17
26 1 14
26 6 2
26 7 10
26 8 17
26 10 3
26 13 7
26 14 4
26 15 11
26 16 17
26 18 1
26 21 16
26 22 1
26 24 19
26 25 8
27 2 14
27 4 12
27 6 1
27 7 17
27 9 15
27 11 4
27 16 6
27 18 1
27 21 3
27 23 9
28 1 11
28 2 9
28 5 2
28 6 7
28 7 20
28 8 18
28 9 11
28 15 7
28 17 14
28 19 14
28 22 9
28 24 20
28 25 4
28 26 17
29 0 1
29 1 18
29 2 12
29 5 20
29 6 17
29 8 14
29 9 14
29 10 9
29 11 1
29 12 4
29 13 7
29 16 11
29 18 8
29 21 13
29 22 19
29 24 12
29 28 8
30 1 5
30 4 10
30 7 9
30 10 20
30 14 14
30 15 6
30 18 7
30 19 15
30 23 8
30 25 5
30 26 16
30 28 15
30 29 11
31 1 18
31 4 3
31 5 8
31 6 17
31 7 5
31 12 10
31 15 12
31 17 2
31 18 4
31 20 11
31 22 8
31 23 13
31 24 12
31 27 12
32 1 9
32 8 1
32 10 6
32 11 17
32 12 13
32 14 11
32 15 7
32 16 6
32 20 13
32 21 7
32 22 16
32 23 8
32 24 19
32 25 1
32 27 17
33 0 7
33 3 18
33 5 20
33 6 18
33 7 2
33 8 11
33 9 18
33 10 2
33 11 9
33 12 5
33 16 8
33 17 5
33 18 7
33 19 1
33 20 5
33 21 9
33 22 2
33 25 13
33 26 10
33 27 2
33 30 7
33 31 4
34 2 4
34 9 15
34 10 19
34 17 6
34 21 9
34 22 2
34 23 20
34 26 9
34 27 4
34 28 20
34 30 4
34 31 12
34 32 14
34 33 3
35 1 3
35 4 9
35 11 12
35 15 11
35 17 15
35 19 9
35 20 20
35 21 10
35 23 20
35 24 14
35 25 20
35 28 18
35 29 14
35 32 16
36 3 8
36 6 13
36 7 7
36 8 9
36 11 18
36 13 2
36 15 1
36 18 16
36 19 17
36 23 9
36 26 13
36 27 3
36 28 13
36 32 17
36 33 14
36 34 2
37 2 20
37 3 18
37 5 19
37 10 12
37 13 17
37 14 5
37 17 7
37 19 15
37 23 16
37 28 12
37 30 20
37 33 17
37 35 13
38 0 20
38 6 4
38 9 13
38 10 9
38 11 9
38 12 18
38 14 8
38 15 18
38 16 7
38 22 13
38 27 15
38 28 1
38 29 14
38 32 10
38 34 15
38 35 16
38 36 16
39 0 13
39 1 12
39 5 14
39 6 14
39 8 13
39 11 3
39 13 11
39 15 2
39 17 10
39 18 12
39 19 12
39 22 18
39 26 9
39 28 19
39 32 2
39 34 2
39 36 6
39 37 14
39 38 13
40 0 9
40 1 8
40 7 12
40 9 5
40 10 15
40 11 9
40 13 15
40 15 3
40 20 15
40 25 16
40 26 10
40 27 1
40 28 12
40 29 7
40 36 5
40 37 17
40 38 7
40 39 4
41 2 20
41 3 11
41 4 8
41 5 19
41 7 8
41 9 16
41 11 17
41 13 5
41 14 16
41 17 18
41 18 18
41 19 15
41 21 18
41 23 19
41 24 5
41 26 13
41 27 4
41 30 19
41 31 10
41 32 16
41 34 16
41 35 15
41 39 8
41 40 11
42 0 10
42 3 8
42 7 11
42 8 20
42 9 7
42 10 4
42 11 3
42 12 19
42 15 17
42 16 12
42 17 16
42 20 14
42 21 20
42 24 7
42 29 11
42 31 13
42 34 6
42 35 9
42 37 15
42 38 4
42 39 15
42 41 6
43 1 13
43 2 18
43 3 20
43 5 14
43 6 11
43 8 20
43 9 9
43 14 1
43 15 4
43 17 13
43 20 1
43 24 5
43 25 18
43 27 8
43 29 11
43 30 12
43 31 17
43 33 16
43 38 19
43 41 12
44 1 7
44 3 18
44 6 1
44 8 14
44 9 10
44 10 12
44 11 20
44 12 3
44 14 14
44 18 13
44 19 6
44 25 1
44 26 15
44 30 16
44 31 15
44 32 16
44 34 7
44 36 16
44 39 3
44 40 4
44 43 1
45 0 7
45 1 10
45 4 4
45 9 12
45 10 6
45 13 7
45 14 2
45 17 8
45 19 9
45 20 17
45 21 18
45 26 3
45 27 12
45 35 7
45 39 3
45 43 2
46 1 5
46 2 5
46 5 4
46 6 8
46 7 17
46 8 15
46 10 8
46 12 9
46 13 8
46 15 15
46 16 7
46 19 4
46 21 7
46 25 1
46 26 17
46 35 15
46 36 8
46 37 3
46 38 4
46 40 12
46 41 19
46 45 4
47 0 2
47 1 12
47 2 7
47 4 11
47 6 18
47 7 1
47 8 8
47 12 6
47 13 6
47 20 7
47 22 20
47 23 9
47 25 19
47 30 12
47 34 3
47 36 5
47 37 12
47 38 13
47 40 19
47 41 8
47 45 19
47 46 15
48 0 16
48 1 19
48 2 10
48 4 2
48 5 13
48 6 20
48 7 18
48 8 3
48 9 4
48 10 4
48 12 2
48 13 10
48 15 2
48 16 17
48 20 1
48 22 10
48 26 10
48 31 1
48 32 11
48 34 1
48 35 19
48 38 8
48 39 12
48 41 14
48 43 8
48 44 19
48 45 13
48 46 18
48 47 5
49 0 2
49 2 2
49 4 20
49 6 14
49 7 5
49 8 11
49 11 17
49 12 8
49 15 3
49 16 16
49 20 6
49 21 18
49 25 3
49 26 1
49 27 20
49 28 18
49 29 16
49 30 10
49 32 18
49 34 1
49 38 10
49 39 4
49 41 8
49 44 12
49 45 9
49 46 12
50 0 18
50 1 18
50 4 14
50 10 15
50 11 14
50 12 8
50 13 15
50 14 10
50 16 14
50 18 14
50 20 11
50 23 8
50 26 14
50 28 15
50 29 9
50 30 2
50 31 17
50 32 20
50 35 9
50 39 15
50 42 20
50 45 16
50 46 9
50 47 4
50 48 12
50 49 16
51 0 20
51 1 17
51 3 4
51 4 14
51 5 12
51 7 19
51 9 17
51 10 2
51 11 5
51 15 13
51 16 11
51 18 3
51 19 12
51 20 16
51 24 16
51 25 3
51 27 12
51 30 1
51 33 19
51 34 5
51 36 9
51 37 15
51 40 12
51 41 11
51 43 17
51 44 8
51 46 15
51 48 14
51 50 3
52 2 5
52 3 1
52 6 17
52 9 8
52 11 15
52 15 6
52 16 9
52 19 15
52 21 11
52 22 15
52 23 20
52 24 6
52 26 13
52 27 1
52 28 4
52 31 3
52 32 6
52 33 3
52 35 14
52 36 1
52 39 14
52 41 17
52 43 5
52 45 8
52 47 8
52 49 6
52 51 14
53 0 19
53 1 5
53 7 6
53 8 4
53 9 17
53 10 12
53 11 11
53 13 8
53 14 3
53 15 2
53 17 14
53 19 3
53 21 14
53 25 10
53 27 3
53 28 8
53 30 15
53 31 1
53 32 15
53 33 6
53 36 9
53 37 4
53 38 18
53 40 6
53 42 12
53 44 19
53 45 6
53 46 4
53 47 17
53 48 12
53 50 7
53 52 14
54 0 9
54 2 14
54 3 1
54 5 8
54 6 13
54 11 18
54 14 20
54 17 19
54 19 11
54 20 13
54 21 12
54 24 16
54 27 3
54 29 6
54 32 20
54 33 16
54 34 14
54 35 2
54 36 16
54 41 15
54 42 4
54 43 4
54 44 18
54 46 19
54 47 20
54 51 18
54 52 11
55 4 14
55 5 4
55 6 5
55 7 5
55 8 9
55 10 1
55 14 10
55 15 1
55 17 13
55 21 19
55 22 5
55 23 9
55 25 9
55 26 20
55 28 1
55 29 14
55 30 4
55 31 11
55 32 7
55 33 13
55 35 9
55 36 15
55 38 2
55 39 17
55 43 2
55 44 5
55 45 13
55 46 19
55 49 7
55 54 17
56 1 10
56 2 13
56 5 16
56 6 19
56 11 12
56 13 13
56 19 12
56 20 20
56 21 20
56 22 18
56 24 1
56 27 7
56 29 17
56 31 11
56 32 10
56 33 1
56 34 4
56 35 17
56 40 4
56 44 11
56 45 16
56 47 19
56 48 10
56 55 2
57 0 3
57 1 18
57 5 11
57 7 16
57 12 6
57 13 4
57 15 18
57 19 20
57 20 17
57 22 7
57 24 18
57 27 10
57 28 18
57 31 3
57 33 14
57 50 14
57 52 5
57 55 20
58 0 12
58 3 4
58 4 3
58 5 15
58 8 11
58 9 7
58 10 20
58 12 6
58 14 8
58 16 15
58 17 18
58 19 15
58 23 17
58 26 6
58 29 13
58 36 17
58 37 2
58 42 15
58 43 5
58 44 4
58 45 12
58 48 16
58 50 16
58 55 8
58 57 9
59 0 10
59 2 9
59 8 17
59 10 14
59 11 19
59 12 14
59 13 2
59 17 4
59 19 15
59 23 1
59 25 4
59 26 6
59 27 7
59 33 18
59 34 11
59 35 4
59 37 6
59 38 17
59 41 17
59 42 11
59 44 13
59 45 5
59 47 19
59 48 16
59 52 17
59 55 16
59 56 12
59 57 10
