70
1 0 78
2 1 112
3 0 111
4 0 21
4 2 53
4 3 107
5 1 43
5 2 11
5 3 32
6 0 119
6 2 100
6 4 109
6 5 21
7 0 45
7 1 32
7 5 39
7 6 40
8 1 50
8 3 19
8 4 38
8 5 9
8 6 8
8 7 53
9 1 120
9 2 107
9 4 115
9 5 83
9 6 111
9 7 35
9 8 89
10 1 21
10 3 40
10 4 97
10 6 72
10 8 79
10 9 39
11 2 77
11 3 103
11 4 65
11 6 94
11 9 64
11 10 97
12 1 98
12 4 18
12 5 74
12 6 58
12 7 116
12 10 1
12 11 99
13 0 23
13 1 43
13 2 77
13 3 23
13 4 79
13 5 57
13 7 2
13 8 6
13 11 93
14 1 57
14 3 11
14 7 52
14 10 36
14 12 10
14 13 87
15 1 14
15 4 51
15 8 101
15 10 110
15 12 33
15 13 73
15 14 40
16 0 111
16 1 26
16 3 38
16 4 94
16 6 68
16 7 7
16 8 41
16 11 39
16 13 36
16 14 31
16 15 59
17 0 12
17 2 95
17 3 63
17 4 12
17 7 6
17 9 26
17 12 79
17 16 16
18 3 43
18 4 43
18 5 60
18 8 91
18 10 24
18 12 43
18 13 3
18 14 33
18 15 28
18 16 18
19 2 118
19 5 59
19 8 36
19 9 5
19 13 35
19 14 91
19 16 40
19 17 74
19 18 79
20 2 56
20 6 107
20 7 3
20 8 104
20 10 57
20 12 49
20 16 65
21 2 104
21 4 26
21 5 21
21 6 37
21 8 64
21 9 6
21 11 41
21 12 95
21 18 14
21 19 45
21 20 1
22 1 105
22 2 68
22 3 95
22 5 69
22 6 50
22 7 14
22 11 67
22 12 14
22 13 12
22 16 50
22 19 24
22 20 10
23 0 103
23 2 43
23 3 98
23 4 107
23 5 33
23 7 6
23 8 116
23 10 21
23 12 3
23 14 110
23 17 14
23 20 10
24 1 36
24 2 113
24 3 71
24 4 48
24 5 98
24 6 60
24 8 1
24 9 7
24 10 103
24 12 6
24 13 69
24 14 39
24 15 112
24 16 106
24 18 52
24 19 113
24 22 109
24 23 114
25 0 98
25 2 90
25 5 111
25 7 58
25 8 103
25 9 30
25 11 106
25 14 105
25 15 23
25 17 103
25 18 15
25 19 21
25 20 91
25 24 1
26 0 99
26 2 97
26 3 41
26 7 45
26 10 101
26 15 81
26 19 73
26 20 12
26 22 81
26 25 4
27 2 18
27 3 91
27 4 84
27 6 56
27 7 50
27 8 105
27 9 43
27 10 20
27 11 32
27 14 58
27 19 74
27 20 97
27 22 74
27 25 68
27 26 48
28 2 62
28 3 55
28 13 19
28 16 90
28 17 37
28 18 84
28 19 1
28 21 57
28 23 66
29 0 116
29 1 61
29 2 10
29 4 102
29 5 85
29 6 87
29 9 71
29 11 80
29 12 35
29 13 2
29 14 105
29 15 57
29 17 12
29 18 90
29 23 118
29 26 39
30 0 7
30 7 35
30 8 48
30 9 59
30 11 61
30 12 16
30 13 35
30 16 3
30 17 10
30 18 118
30 19 42
30 21 76
30 22 26
30 23 69
30 24 38
30 25 3
30 26 31
30 27 42
30 28 95
30 29 42
31 0 23
31 1 24
31 4 7
31 8 61
31 10 38
31 11 5
31 12 100
31 13 61
31 14 71
31 15 47
31 18 15
31 19 71
31 20 78
31 23 97
31 26 64
31 28 47
31 29 113
32 1 8
32 3 37
32 4 89
32 5 81
32 8 51
32 10 80
32 12 86
32 15 65
32 17 62
32 18 113
32 20 42
32 21 73
32 22 34
32 24 72
32 27 23
32 29 106
32 30 28
33 0 108
33 2 90
33 6 74
33 7 59
33 9 44
33 13 84
33 15 21
33 16 1
33 17 69
33 18 71
33 20 43
33 21 51
33 22 12
33 23 48
33 24 3
33 26 71
33 31 53
33 32 87
34 1 31
34 2 64
34 3 29
34 7 86
34 10 98
34 11 14
34 14 47
34 15 21
34 19 45
34 21 113
34 23 68
34 24 12
34 27 29
34 28 84
34 30 95
34 32 14
35 0 117
35 6 104
35 7 19
35 8 84
35 13 85
35 14 39
35 15 11
35 16 25
35 17 43
35 19 34
35 22 77
35 26 77
35 32 63
36 0 26
36 5 50
36 7 112
36 8 96
36 9 58
36 12 9
36 13 56
36 15 18
36 16 71
36 18 8
36 19 117
36 22 92
36 24 73
36 25 56
36 27 77
36 32 17
36 34 116
37 0 71
37 2 85
37 3 67
37 6 43
37 9 109
37 11 102
37 12 93
37 13 20
37 15 12
37 16 60
37 18 72
37 19 113
37 23 35
37 24 58
37 26 21
37 28 67
37 30 103
37 33 66
37 36 58
38 0 82
38 1 62
38 2 52
38 4 86
38 5 117
38 7 34
38 9 35
38 12 8
38 13 69
38 16 43
38 17 51
38 18 25
38 19 58
38 20 92
38 21 75
38 23 114
38 24 44
38 25 54
38 26 54
38 28 111
38 29 71
38 31 78
38 33 58
38 37 113
39 4 111
39 5 46
39 7 49
39 8 33
39 9 104
39 10 35
39 11 9
39 12 81
39 13 81
39 14 95
39 16 90
39 18 100
39 20 34
39 22 62
39 24 64
39 27 71
39 30 51
39 32 65
39 33 63
39 34 55
39 35 105
39 36 2
39 37 47
39 38 2
40 0 84
40 1 109
40 3 8
40 7 59
40 9 42
40 10 32
40 12 7
40 14 96
40 15 92
40 16 114
40 17 105
40 18 4
40 19 119
40 20 71
40 24 85
40 25 119
40 28 26
40 29 94
40 31 29
40 33 54
40 34 53
40 35 20
40 36 81
40 37 24
41 1 26
41 3 86
41 4 94
41 5 87
41 6 35
41 7 48
41 9 64
41 11 97
41 13 119
41 17 26
41 18 15
41 22 106
41 25 105
41 26 69
41 27 31
41 29 59
41 31 32
41 33 28
41 35 58
41 37 90
41 38 52
42 0 98
42 3 85
42 9 4
42 11 92
42 14 113
42 16 47
42 17 17
42 23 21
42 24 75
42 25 51
42 28 120
42 33 98
42 34 84
42 36 67
42 38 22
42 39 82
42 40 96
42 41 114
43 0 69
43 1 25
43 3 117
43 4 52
43 5 11
43 7 111
43 8 34
43 10 115
43 15 6
43 17 116
43 18 30
43 19 84
43 20 33
43 21 115
43 22 35
43 23 71
43 25 23
43 26 101
43 27 4
43 30 42
43 31 21
43 32 28
43 35 96
43 37 22
43 40 43
44 0 68
44 1 47
44 4 1
44 6 106
44 8 107
44 9 103
44 14 62
44 16 83
44 19 74
44 21 52
44 23 109
44 24 41
44 25 37
44 26 49
44 27 103
44 29 12
44 31 54
44 33 29
44 34 58
44 35 51
44 40 83
44 41 11
45 0 108
45 2 77
45 3 28
45 6 98
45 7 18
45 10 63
45 14 76
45 15 74
45 18 83
45 19 21
45 20 17
45 21 29
45 22 53
45 23 14
45 25 78
45 26 50
45 27 41
45 29 21
45 30 84
45 31 37
45 33 16
45 37 91
45 42 24
45 44 60
46 4 80
46 5 85
46 8 81
46 13 115
46 17 69
46 21 119
46 24 10
46 25 119
46 26 47
46 28 23
46 30 97
46 31 15
46 33 102
46 34 72
46 37 62
46 38 83
46 40 62
46 45 18
47 2 47
47 4 94
47 5 41
47 6 113
47 7 105
47 8 94
47 10 69
47 11 88
47 13 114
47 15 102
47 16 54
47 20 59
47 21 110
47 24 74
47 27 39
47 30 31
47 31 47
47 33 114
47 34 33
47 35 102
47 37 115
47 38 6
47 39 16
47 45 35
48 7 17
48 9 23
48 10 31
48 12 20
48 16 64
48 19 36
48 21 21
48 23 41
48 25 21
48 27 105
48 28 29
48 32 96
48 33 114
48 34 118
48 35 82
48 39 22
48 42 51
48 44 79
49 2 72
49 7 118
49 8 22
49 9 108
49 11 29
49 12 79
49 14 80
49 15 10
49 18 44
49 19 110
49 20 76
49 21 81
49 23 41
49 25 9
49 27 113
49 28 108
49 30 46
49 31 69
49 33 2
49 35 111
49 39 32
49 40 27
50 2 83
50 3 94
50 5 73
50 6 31
50 7 57
50 8 18
50 9 102
50 13 40
50 14 102
50 15 55
50 17 26
50 18 58
50 21 111
50 24 74
50 25 48
50 26 38
50 28 97
50 29 104
50 30 10
50 32 106
50 33 24
50 35 8
50 36 60
50 38 6
50 43 78
50 44 94
50 45 34
50 48 113
51 2 87
51 3 28
51 4 120
51 7 32
51 11 98
51 13 89
51 14 91
51 18 48
51 19 16
51 20 77
51 21 63
51 22 28
51 24 28
51 26 115
51 27 102
51 30 9
51 31 75
51 35 29
51 36 36
51 37 77
51 39 63
51 41 74
51 43 91
51 45 20
51 46 45
51 47 38
51 48 117
52 1 23
52 2 73
52 4 119
52 5 15
52 12 69
52 13 48
52 14 25
52 15 75
52 17 109
52 18 94
52 20 27
52 22 91
52 23 50
52 24 63
52 25 109
52 26 30
52 33 96
52 34 96
52 35 107
52 36 14
52 37 110
52 39 25
52 40 1
52 41 13
52 43 99
52 45 53
52 49 115
52 51 95
53 4 98
53 6 75
53 7 43
53 8 86
53 9 80
53 18 89
53 24 45
53 26 116
53 32 83
53 33 50
53 34 56
53 36 40
53 37 101
53 39 1
53 40 23
53 43 83
53 46 7
53 49 68
53 51 93
53 52 106
54 5 70
54 8 116
54 12 31
54 13 37
54 16 24
54 18 56
54 19 68
54 20 52
54 21 100
54 22 52
54 23 58
54 24 69
54 27 32
54 30 52
54 31 10
54 34 108
54 35 40
54 38 69
54 41 100
54 42 67
54 43 95
54 44 117
54 45 40
54 47 102
54 48 118
54 50 65
54 51 91
54 53 42
55 0 72
55 3 117
55 4 36
55 5 56
55 7 48
55 9 58
55 11 8
55 12 53
55 13 53
55 15 81
55 17 72
55 19 47
55 20 16
55 23 44
55 24 5
55 25 13
55 29 75
55 30 63
55 32 47
55 35 64
55 36 37
55 37 57
55 38 85
55 40 24
55 41 86
55 42 102
55 44 58
55 45 69
55 46 16
55 48 74
55 50 30
55 53 13
55 54 73
56 7 80
56 8 1
56 9 118
56 11 61
56 14 26
56 16 113
56 18 80
56 19 9
56 21 27
56 26 95
56 28 38
56 32 118
56 33 58
56 35 66
56 38 32
56 43 57
56 44 72
56 45 106
56 46 44
56 47 22
56 48 16
56 50 64
56 54 103
57 2 111
57 4 58
57 7 117
57 11 97
57 14 111
57 15 11
57 17 30
57 19 12
57 21 56
57 22 35
57 27 4
57 31 50
57 32 81
57 34 74
57 35 101
57 40 43
57 43 30
57 45 10
57 46 6
57 50 77
57 51 86
57 53 17
57 54 50
57 55 26
58 0 2
58 1 74
58 2 14
58 3 8
58 6 99
58 9 72
58 10 67
58 11 120
58 12 64
58 13 17
58 14 117
58 15 64
58 19 98
58 22 93
58 23 96
58 24 97
58 25 88
58 26 63
58 27 93
58 28 70
58 30 101
58 31 50
58 33 14
58 34 93
58 38 77
58 39 70
58 43 24
58 44 107
58 45 37
58 47 120
58 48 67
58 50 116
58 51 94
58 53 57
58 56 61
58 57 46
59 0 71
59 1 11
59 4 2
59 7 7
59 8 69
59 11 103
59 12 105
59 15 27
59 20 97
59 21 84
59 22 113
59 27 76
59 28 102
59 29 28
59 30 6
59 35 4
59 37 96
59 42 21
59 44 51
59 50 33
59 51 40
59 52 61
59 56 15
59 58 105
60 0 15
60 2 59
60 3 45
60 4 10
60 6 25
60 7 84
60 8 46
60 10 28
60 17 53
60 18 29
60 19 1
60 21 48
60 23 119
60 25 52
60 26 61
60 28 13
60 29 70
60 31 25
60 37 102
60 41 2
60 43 52
60 44 120
60 49 68
60 55 90
60 56 99
60 57 94
60 58 101
61 0 84
61 2 66
61 6 77
61 7 74
61 9 10
61 10 116
61 11 108
61 17 97
61 18 51
61 19 94
61 21 28
61 22 10
61 24 43
61 25 112
61 28 26
61 30 104
61 31 119
61 32 96
61 36 90
61 38 57
61 39 103
61 40 27
61 41 39
61 43 14
61 46 10
61 47 91
61 48 5
61 49 114
61 51 58
61 54 62
61 55 103
61 59 98
61 60 68
62 1 95
62 5 78
62 6 81
62 7 18
62 10 84
62 12 73
62 15 95
62 17 60
62 19 22
62 21 9
62 22 120
62 27 14
62 29 40
62 30 112
62 33 38
62 35 82
62 38 21
62 41 19
62 42 47
62 44 103
62 51 37
62 54 56
62 60 43
62 61 43
63 0 2
63 3 108
63 4 79
63 5 10
63 6 35
63 9 80
63 10 9
63 11 109
63 12 96
63 13 26
63 14 12
63 16 70
63 17 19
63 19 110
63 21 43
63 22 78
63 23 69
63 24 36
63 25 20
63 29 17
63 31 73
63 34 26
63 39 5
63 42 65
63 44 68
63 45 64
63 46 10
63 48 56
63 49 106
63 50 13
63 52 38
63 53 91
63 57 77
63 58 69
63 59 117
64 1 58
64 2 107
64 3 56
64 4 6
64 10 86
64 11 4
64 12 53
64 13 39
64 17 54
64 19 101
64 20 119
64 24 115
64 26 38
64 27 86
64 28 75
64 32 103
64 33 4
64 34 9
64 37 21
64 39 106
64 41 101
64 43 118
64 44 97
64 45 119
64 48 71
64 51 67
64 53 55
64 55 107
64 56 104
64 58 61
64 59 68
64 60 51
64 61 74
64 63 69
65 0 60
65 1 53
65 2 78
65 3 66
65 4 114
65 12 45
65 13 7
65 14 72
65 15 6
65 16 114
65 19 104
65 21 109
65 24 71
65 33 1
65 34 117
65 35 38
65 36 78
65 37 77
65 39 117
65 44 102
65 45 86
65 47 91
65 48 104
65 53 58
65 54 101
65 55 66
65 56 27
65 57 52
65 58 65
65 61 75
65 63 70
66 0 54
66 1 89
66 3 115
66 6 80
66 8 41
66 9 19
66 10 10
66 12 99
66 13 41
66 16 56
66 18 112
66 19 75
66 21 39
66 24 30
66 25 117
66 27 80
66 29 101
66 32 12
66 34 71
66 35 29
66 37 119
66 38 83
66 40 63
66 45 34
66 46 29
66 51 117
66 52 109
66 54 6
66 55 62
66 56 45
66 57 18
66 59 87
66 60 108
66 63 91
67 3 67
67 5 105
67 7 82
67 10 113
67 12 14
67 13 78
67 15 113
67 16 36
67 18 15
67 19 7
67 20 3
67 21 69
67 22 95
67 23 57
67 25 30
67 26 35
67 33 51
67 34 74
67 39 26
67 42 80
67 47 17
67 48 58
67 52 31
67 53 31
67 54 81
67 55 25
67 56 45
67 58 114
67 62 23
67 63 39
67 64 70
68 0 54
68 2 38
68 4 74
68 7 42
68 11 74
68 12 55
68 13 111
68 14 71
68 16 95
68 18 56
68 19 116
68 24 54
68 31 5
68 32 42
68 33 84
68 35 87
68 36 35
68 38 119
68 39 36
68 45 31
68 49 65
68 50 119
68 51 20
68 52 75
68 54 53
68 55 31
68 62 52
68 63 8
68 64 29
68 65 74
68 67 22
69 0 95
69 1 79
69 3 29
69 7 4
69 11 7
69 12 6
69 14 89
69 15 69
69 18 88
69 19 111
69 27 9
69 29 76
69 31 8
69 32 87
69 33 4
69 34 59
69 35 38
69 36 91
69 49 89
69 50 113
69 53 92
69 54 15
69 57 85
69 59 119
69 62 105
69 65 105
69 66 23
69 67 88
69 68 98
