50
2 1 106
3 0 99
3 1 29
4 0 16
4 1 89
4 2 94
4 3 39
5 0 12
5 2 8
5 3 33
5 4 41
6 2 81
6 3 35
6 4 86
6 5 53
7 2 19
7 3 61
8 0 94
8 1 17
8 3 37
8 4 6
8 6 117
9 0 51
9 1 97
9 6 28
10 1 66
10 2 92
10 3 106
10 7 2
10 8 39
10 9 96
11 0 110
11 2 1
11 7 63
11 8 17
11 9 55
11 10 111
12 1 117
12 3 44
12 9 39
12 10 110
13 1 68
13 2 70
13 4 116
13 6 79
13 7 21
13 8 45
13 9 120
13 12 90
14 0 93
14 1 109
14 2 72
14 3 36
14 4 75
14 7 105
14 8 11
14 10 7
14 11 118
14 13 40
15 0 37
15 6 84
15 7 73
15 10 112
15 12 119
15 13 54
15 14 68
16 2 63
16 4 65
16 7 27
16 8 87
16 9 45
16 10 58
16 11 55
16 12 70
16 14 78
17 0 67
17 1 106
17 3 107
17 5 89
17 6 33
17 8 41
17 12 10
17 14 69
17 16 16
18 2 37
18 5 19
18 6 92
18 7 80
18 9 67
18 11 91
18 16 24
18 17 32
19 0 33
19 1 80
19 2 30
19 5 23
19 6 45
19 9 52
19 11 33
19 14 5
20 2 94
20 4 30
20 5 97
20 6 66
20 7 15
20 8 102
20 9 38
20 12 106
20 13 84
20 18 29
21 1 27
21 5 5
21 11 68
21 12 98
21 13 94
21 14 31
21 18 84
21 19 104
22 0 60
22 1 111
22 2 33
22 5 90
22 7 55
22 9 37
22 11 87
22 14 108
22 17 93
22 19 90
22 20 68
22 21 75
23 2 50
23 4 21
23 5 43
23 6 48
23 7 78
23 8 96
23 10 24
23 11 97
23 14 47
23 16 97
23 17 111
23 18 10
23 21 55
23 22 10
24 1 68
24 4 44
24 6 93
24 7 27
24 9 20
24 11 24
24 14 81
24 15 45
24 16 68
24 20 116
24 21 40
24 23 80
25 1 28
25 2 27
25 6 88
25 8 63
25 9 59
25 12 111
25 13 109
25 14 83
25 18 45
25 19 86
25 20 48
25 21 26
25 22 14
25 23 99
25 24 6
26 0 56
26 1 18
26 2 98
26 3 107
26 5 38
26 6 84
26 9 46
26 10 10
26 11 30
26 12 65
26 14 57
26 17 89
26 18 2
26 19 37
26 20 43
26 23 80
27 1 100
27 4 111
27 5 38
27 7 39
27 8 50
27 9 77
27 10 5
27 11 86
27 13 52
27 14 20
27 18 17
27 19 75
27 22 16
27 24 94
27 25 89
28 0 6
28 1 23
28 3 39
28 4 108
28 5 35
28 6 110
28 8 95
28 12 26
28 13 120
28 15 41
28 16 1
28 17 37
28 19 101
28 20 16
28 21 103
28 23 67
28 24 1
28 27 12
29 5 1
29 6 6
29 7 14
29 8 80
29 9 6
29 11 21
29 12 84
29 13 113
29 16 103
29 18 63
29 22 29
29 24 107
30 0 2
30 3 112
30 5 64
30 6 7
30 8 36
30 12 14
30 13 61
30 14 114
30 15 65
30 20 75
30 23 114
30 26 28
30 27 15
30 28 29
30 29 11
31 5 79
31 7 38
31 9 86
31 13 6
31 15 97
31 20 111
31 21 20
31 22 26
31 24 20
31 25 66
31 26 50
31 28 61
31 30 100
32 0 29
32 1 35
32 3 47
32 4 106
32 8 72
32 9 101
32 10 104
32 12 3
32 13 100
32 14 49
32 15 116
32 19 10
32 21 93
32 30 115
32 31 53
33 0 106
33 1 96
33 2 54
33 3 14
33 5 53
33 6 27
33 7 6
33 11 110
33 13 116
33 15 120
33 18 103
33 19 38
33 20 45
33 22 27
33 23 56
33 26 54
33 27 88
33 28 65
33 29 102
33 30 33
33 31 18
34 0 109
34 1 82
34 4 16
34 5 69
34 8 66
34 9 34
34 14 94
34 16 113
34 17 25
34 21 6
34 23 75
34 24 80
34 25 112
34 27 103
34 28 55
34 29 102
35 0 19
35 2 47
35 4 50
35 6 41
35 15 82
35 17 21
35 19 103
35 21 13
35 25 47
35 27 35
35 29 28
35 30 24
35 31 96
35 32 18
35 33 93
35 34 12
36 2 66
36 3 55
36 5 35
36 8 43
36 10 64
36 13 75
36 15 64
36 19 20
36 20 8
36 22 70
36 24 15
36 27 25
36 33 53
36 34 52
36 35 60
37 0 28
37 1 28
37 5 15
37 9 57
37 12 74
37 15 76
37 22 97
37 27 89
37 30 99
37 31 5
37 32 19
37 33 24
37 35 44
38 1 1
38 3 32
38 5 100
38 6 103
38 7 4
38 11 51
38 12 107
38 14 103
38 15 2
38 16 48
38 18 63
38 23 95
38 24 55
38 25 72
38 26 15
38 28 18
38 29 107
38 30 79
38 34 42
38 35 70
38 37 9
39 0 31
39 2 56
39 3 38
39 5 52
39 7 24
39 9 18
39 10 84
39 11 12
39 13 114
39 14 43
39 16 25
39 17 119
39 18 30
39 20 56
39 21 7
39 22 37
39 25 22
39 27 33
39 31 115
39 32 48
39 33 98
39 34 17
39 36 87
39 38 107
40 0 83
40 2 49
40 3 52
40 6 33
40 8 52
40 10 116
40 12 71
40 13 56
40 14 25
40 17 5
40 19 96
40 22 80
40 24 106
40 26 57
40 29 96
40 30 63
40 32 16
40 33 25
40 35 33
40 37 52
40 39 6
41 0 11
41 2 89
41 3 111
41 6 38
41 7 50
41 8 86
41 9 11
41 10 66
41 11 43
41 12 2
41 14 77
41 16 67
41 20 110
41 23 57
41 24 44
41 26 51
41 27 57
41 28 108
41 29 76
41 32 76
41 33 14
41 34 15
41 35 25
41 40 37
42 0 61
42 1 34
42 3 119
42 4 79
42 9 3
42 11 84
42 12 102
42 15 86
42 17 93
42 19 49
42 20 18
42 29 61
42 30 18
42 31 87
42 34 43
42 35 38
42 36 8
42 41 106
43 0 35
43 3 40
43 4 37
43 8 92
43 10 40
43 14 81
43 16 108
43 17 115
43 18 84
43 22 54
43 25 66
43 26 115
43 29 115
43 30 57
43 32 15
43 36 60
43 39 80
43 41 76
43 42 53
44 1 55
44 4 8
44 5 92
44 6 66
44 8 21
44 12 54
44 15 69
44 16 76
44 22 87
44 24 110
44 34 24
44 35 44
44 36 113
44 39 25
44 43 26
45 1 7
45 2 30
45 3 20
45 4 95
45 6 58
45 8 55
45 10 108
45 13 49
45 14 75
45 15 76
45 18 28
45 19 51
45 22 103
45 24 58
45 27 17
45 28 80
45 31 81
45 32 110
45 33 87
45 34 99
45 35 113
45 36 31
45 37 72
45 38 9
45 39 37
45 40 51
45 41 83
45 42 109
45 44 32
46 3 69
46 4 88
46 6 57
46 7 45
46 10 25
46 11 77
46 14 37
46 15 68
46 16 100
46 17 28
46 20 109
46 21 79
46 25 11
46 26 57
46 28 41
46 29 119
46 31 51
46 32 44
46 33 111
46 35 97
46 37 39
46 39 90
46 40 90
46 41 11
46 43 112
46 45 56
47 0 4
47 1 116
47 4 101
47 5 40
47 6 4
47 7 43
47 8 104
47 11 84
47 12 65
47 13 8
47 14 112
47 15 27
47 16 87
47 17 113
47 18 71
47 19 12
47 21 96
47 24 117
47 27 94
47 33 79
47 34 99
47 36 19
47 37 120
47 39 70
47 43 96
47 45 41
47 46 81
48 4 12
48 7 23
48 9 51
48 12 75
48 13 104
48 14 113
48 20 38
48 22 50
48 24 9
48 27 34
48 35 13
48 36 120
48 37 63
48 38 103
48 40 106
48 41 108
48 43 58
48 44 1
49 0 54
49 1 85
49 2 4
49 5 9
49 6 74
49 7 76
49 8 67
49 10 71
49 12 27
49 14 76
49 18 30
49 20 43
49 21 25
49 24 19
49 25 76
49 27 100
49 29 11
49 30 119
49 31 71
49 32 33
49 35 8
49 38 76
49 39 67
49 40 40
49 41 76
49 42 30
49 44 35
49 45 42
49 46 30
