50
1 0 26
2 0 26
2 1 79
3 2 70
4 1 7
4 2 51
4 3 32
5 0 20
5 1 8
5 2 48
6 0 31
6 1 18
6 3 11
7 0 50
7 2 34
7 3 71
7 4 78
8 0 6
8 1 3
8 3 75
8 4 8
8 6 66
9 0 13
9 2 28
9 3 76
9 4 31
9 5 63
9 8 53
10 1 74
10 2 10
10 5 26
10 7 4
10 8 14
11 0 10
11 1 51
11 2 1
11 3 2
11 4 24
11 6 26
11 8 32
11 10 67
12 0 8
12 1 57
12 2 1
12 3 73
12 5 80
12 9 17
13 0 19
13 6 57
13 7 53
13 10 39
14 6 21
14 7 31
14 9 79
14 11 64
15 0 7
15 5 21
15 6 9
15 7 25
15 8 43
15 9 19
15 10 57
15 13 16
16 1 31
16 2 72
16 3 45
16 4 58
16 5 77
16 7 47
16 8 39
16 10 67
16 11 48
16 12 44
16 13 67
16 14 45
16 15 79
17 1 60
17 2 1
17 4 58
17 7 18
17 9 5
17 12 41
17 15 70
17 16 24
18 2 64
18 10 42
18 11 32
18 12 4
18 13 13
18 15 56
18 17 1
19 1 65
19 2 67
19 4 10
19 5 60
19 7 77
19 8 27
19 10 53
19 11 55
19 14 34
19 16 45
19 17 36
19 18 46
20 0 14
20 4 21
20 5 49
20 9 6
20 10 41
20 11 22
20 12 38
20 13 49
20 15 73
20 16 20
20 17 21
20 19 16
21 0 5
21 2 60
21 4 63
21 5 46
21 6 39
21 7 73
21 9 3
21 12 62
21 13 43
21 14 21
21 15 78
21 16 1
21 18 55
21 19 1
21 20 20
22 0 15
22 3 77
22 4 40
22 6 70
22 7 74
22 12 63
22 14 50
22 16 58
22 19 16
22 21 41
23 1 29
23 2 21
23 3 12
23 6 41
23 10 58
23 11 74
23 14 8
23 16 41
23 19 31
23 20 7
23 22 78
24 0 58
24 3 12
24 4 25
24 7 30
24 9 44
24 10 79
24 11 35
24 12 71
24 14 18
24 15 45
24 18 38
24 19 25
24 22 14
24 23 10
25 0 18
25 3 60
25 5 70
25 6 64
25 12 28
25 14 36
25 15 29
25 16 73
25 18 24
25 19 46
25 21 41
26 5 15
26 6 2
26 8 39
26 10 68
26 12 45
26 14 26
26 17 2
26 18 60
26 22 10
26 25 67
27 0 9
27 2 20
27 4 30
27 5 16
27 6 69
27 10 23
27 11 7
27 13 76
27 15 69
27 16 76
27 19 46
27 21 43
27 25 62
28 6 67
28 10 59
28 11 63
28 14 44
28 16 2
28 18 8
28 20 2
28 22 73
28 24 46
28 25 8
28 27 14
29 0 66
29 1 19
29 5 54
29 10 63
29 12 73
29 13 61
29 15 76
29 17 71
29 18 69
29 19 6
29 20 63
29 21 7
29 22 35
29 23 36
29 26 77
30 1 17
30 4 33
30 6 80
30 7 80
30 8 58
30 12 15
30 13 49
30 14 65
30 15 25
30 16 27
30 18 29
30 20 62
30 21 52
30 22 53
30 25 39
30 26 52
30 27 32
30 28 36
30 29 70
31 1 27
31 2 42
31 4 31
31 6 59
31 7 20
31 10 29
31 11 42
31 15 9
31 17 27
31 19 62
31 22 30
31 23 26
31 26 62
31 27 25
31 29 69
31 30 15
32 0 69
32 1 27
32 2 28
32 5 32
32 8 68
32 9 16
32 10 13
32 11 23
32 12 45
32 14 11
32 16 80
32 18 28
32 21 14
32 27 27
32 30 76
32 31 16
33 0 16
33 1 47
33 2 39
33 4 17
33 6 22
33 7 13
33 8 27
33 11 71
33 12 51
33 13 25
33 14 67
33 16 15
33 18 26
33 19 59
33 21 57
33 24 73
33 27 23
33 29 43
33 30 29
33 31 22
33 32 26
34 0 56
34 2 53
34 4 34
34 6 68
34 8 63
34 9 8
34 11 54
34 12 5
34 14 15
34 15 13
34 22 10
34 24 4
34 25 54
34 28 9
34 30 22
34 31 40
34 32 71
34 33 40
35 0 29
35 1 70
35 2 56
35 3 74
35 6 29
35 8 80
35 9 48
35 10 63
35 22 71
35 23 12
35 25 40
35 29 46
35 32 57
35 34 74
36 2 7
36 3 62
36 7 41
36 9 33
36 15 1
36 16 75
36 18 67
36 19 40
36 23 15
36 24 74
36 27 17
36 29 48
36 30 8
36 33 55
36 35 37
37 0 63
37 1 63
37 5 63
37 6 29
37 8 50
37 9 60
37 10 71
37 11 27
37 14 12
37 16 23
37 17 72
37 18 61
37 22 29
37 23 23
37 24 27
37 27 75
37 29 34
37 30 54
37 31 30
37 33 35
37 34 55
38 0 60
38 1 28
38 2 21
38 3 78
38 4 41
38 9 12
38 12 67
38 17 10
38 18 71
38 19 28
38 20 36
38 23 64
38 24 19
38 25 32
38 27 30
38 30 23
38 32 4
38 35 16
38 36 9
38 37 2
39 0 23
39 1 40
39 2 69
39 3 8
39 5 12
39 8 78
39 9 22
39 11 27
39 15 77
39 16 40
39 18 59
39 19 18
39 20 67
39 22 27
39 24 41
39 25 78
39 27 58
39 28 48
39 31 43
39 32 79
39 34 63
39 35 55
39 36 49
39 38 22
40 1 31
40 2 65
40 3 68
40 4 50
40 5 7
40 6 54
40 7 9
40 10 23
40 11 57
40 12 79
40 13 76
40 15 67
40 16 18
40 17 35
40 19 21
40 20 14
40 22 3
40 25 47
40 28 61
40 31 41
40 37 31
41 3 60
41 4 44
41 6 44
41 8 31
41 12 43
41 15 7
41 16 67
41 17 32
41 19 11
41 22 9
41 24 62
41 25 79
41 32 16
41 37 27
41 38 46
41 39 42
42 0 11
42 1 70
42 4 36
42 5 2
42 6 19
42 7 54
42 9 11
42 11 39
42 12 31
42 14 9
42 16 62
42 17 21
42 20 16
42 21 16
42 22 58
42 23 29
42 26 63
42 27 38
42 31 26
42 37 39
42 41 32
43 0 66
43 1 21
43 4 4
43 6 9
43 8 34
43 11 77
43 12 39
43 13 64
43 16 25
43 19 31
43 24 5
43 29 48
43 34 50
43 40 75
43 41 21
44 6 17
44 7 44
44 12 24
44 16 12
44 18 34
44 20 69
44 21 51
44 22 30
44 27 25
44 29 56
44 30 49
44 32 10
44 35 3
44 38 23
44 40 29
44 41 10
44 42 75
45 1 77
45 5 28
45 7 69
45 8 75
45 9 14
45 10 9
45 11 79
45 12 52
45 13 16
45 14 5
45 15 72
45 16 27
45 17 64
45 18 33
45 19 6
45 20 37
45 21 35
45 22 48
45 23 72
45 25 32
45 26 64
45 29 9
45 39 80
45 40 69
45 41 24
45 42 49
45 44 54
46 1 24
46 3 19
46 5 51
46 6 2
46 8 60
46 11 23
46 15 53
46 17 36
46 21 67
46 24 54
46 26 41
46 29 11
46 30 9
46 32 56
46 34 80
46 35 43
46 37 8
46 38 18
46 44 1
47 0 64
47 2 67
47 3 51
47 5 33
47 7 42
47 8 38
47 12 77
47 14 7
47 15 9
47 17 6
47 21 56
47 23 27
47 24 70
47 25 66
47 26 35
47 28 34
47 34 21
47 40 2
47 42 55
47 44 51
47 45 30
48 4 14
48 5 21
48 7 16
48 9 71
48 10 47
48 11 75
48 12 42
48 14 70
48 16 79
48 18 57
48 19 65
48 21 22
48 22 29
48 24 53
48 26 8
48 27 60
48 32 45
48 33 26
48 34 64
48 35 59
48 37 33
48 38 78
48 40 32
48 41 13
48 42 67
48 43 31
48 45 80
48 46 16
49 1 5
49 4 29
49 5 70
49 7 19
49 8 18
49 11 62
49 14 50
49 16 60
49 18 35
49 20 39
49 21 34
49 22 34
49 23 47
49 25 27
49 27 1
49 29 10
49 34 45
49 35 78
49 36 30
49 39 33
49 40 3
49 41 26
49 43 45
49 45 58
49 46 5
49 48 25
