60
3 1 58
4 0 4
4 3 56
5 0 88
5 2 43
5 4 59
6 0 86
6 3 93
7 2 61
8 0 93
8 1 59
8 4 26
8 6 32
8 7 45
9 0 29
9 6 78
9 8 8
10 0 5
10 3 74
10 4 69
10 5 88
10 6 54
10 7 11
10 8 87
10 9 82
11 2 5
11 3 69
11 5 40
11 6 7
12 1 59
12 3 88
12 5 1
12 10 46
13 0 32
13 1 5
13 2 68
13 5 86
13 7 88
13 9 76
13 10 29
13 12 54
14 1 7
14 2 93
14 8 46
14 10 74
14 12 92
14 13 75
15 0 62
15 2 5
15 3 50
15 4 1
15 5 41
15 7 74
15 9 53
15 10 45
15 11 97
15 13 99
16 2 4
16 3 20
16 5 1
16 6 54
16 11 80
16 14 57
16 15 53
17 2 76
17 4 57
17 5 36
17 8 29
17 10 88
17 12 80
17 13 37
17 14 11
17 16 47
18 2 46
18 3 88
18 5 39
18 6 48
18 9 32
18 10 54
18 14 46
18 15 25
18 16 85
18 17 8
19 0 79
19 2 20
19 3 49
19 5 12
19 7 8
19 9 35
19 10 90
19 11 71
19 12 52
19 13 4
19 16 48
19 17 13
19 18 99
20 2 15
20 4 34
20 6 48
20 7 68
20 8 36
20 9 45
20 11 27
20 12 77
20 15 34
20 16 73
20 19 55
21 1 52
21 2 9
21 3 93
21 6 70
21 7 68
21 11 43
21 12 23
21 14 99
21 17 25
21 18 24
21 19 42
22 0 2
22 1 75
22 3 67
22 4 28
22 5 52
22 6 38
22 7 17
22 8 33
22 10 96
22 12 55
22 15 44
22 17 80
22 19 18
22 21 78
23 4 58
23 5 87
23 7 4
23 9 61
23 10 80
23 14 70
23 19 59
24 1 48
24 3 6
24 6 99
24 8 4
24 11 80
24 12 32
24 13 23
24 14 79
24 15 5
24 20 61
24 22 8
25 1 9
25 3 56
25 5 17
25 7 74
25 8 17
25 10 51
25 12 40
25 15 72
25 16 17
25 20 40
25 21 63
26 0 81
26 2 13
26 9 37
26 11 73
26 15 29
26 18 38
26 21 99
26 23 74
26 24 74
27 6 56
27 7 16
27 9 50
27 10 94
27 13 69
27 14 71
27 16 17
27 18 69
27 19 95
27 21 38
27 23 64
27 26 89
28 0 26
28 1 98
28 4 37
28 6 74
28 9 81
28 11 70
28 13 8
28 14 22
28 15 37
28 17 9
28 18 66
28 20 49
28 21 26
28 22 41
28 24 84
28 25 87
29 0 98
29 3 27
29 5 88
29 6 34
29 9 78
29 11 22
29 12 63
29 13 16
29 14 71
29 17 81
29 20 65
29 22 82
29 24 17
29 25 29
29 26 63
29 27 56
30 1 46
30 2 20
30 3 65
30 4 15
30 5 37
30 7 98
30 8 47
30 10 85
30 11 78
30 12 60
30 13 90
30 17 84
30 19 97
30 20 78
30 24 11
30 29 85
31 0 3
31 3 98
31 6 68
31 7 63
31 9 2
31 10 72
31 13 58
31 15 6
31 22 82
31 23 49
31 26 49
31 28 52
31 30 17
32 0 40
32 9 70
32 10 39
32 16 77
32 19 3
32 20 55
32 21 81
32 22 15
32 23 56
32 25 30
32 26 26
32 29 71
33 2 60
33 3 11
33 4 89
33 6 94
33 7 5
33 9 60
33 10 83
33 14 17
33 16 35
33 19 60
33 20 19
33 24 44
33 25 82
33 27 35
33 29 94
34 0 31
34 1 26
34 6 80
34 7 58
34 8 89
34 9 45
34 10 26
34 11 73
34 12 35
34 15 30
34 16 12
34 20 12
34 21 97
34 24 88
34 26 29
34 27 31
34 28 4
34 29 70
34 31 91
35 1 91
35 3 99
35 4 6
35 5 66
35 7 68
35 10 5
35 12 25
35 13 79
35 14 32
35 18 62
35 19 51
35 20 24
35 21 10
35 23 53
35 27 63
35 30 21
35 32 14
36 1 68
36 3 32
36 4 75
36 5 46
36 6 37
36 7 43
36 11 46
36 12 55
36 15 20
36 17 99
36 18 67
36 19 25
36 21 16
36 24 78
36 26 25
36 28 47
36 32 80
36 33 83
37 3 77
37 4 5
37 8 52
37 13 71
37 15 85
37 16 7
37 19 12
37 20 4
37 21 38
37 22 20
37 23 50
37 27 46
37 30 70
37 34 77
37 35 46
38 2 82
38 3 40
38 5 66
38 6 55
38 10 100
38 12 33
38 14 38
38 15 73
38 16 83
38 17 43
38 20 6
38 22 85
38 23 99
38 25 73
38 26 34
38 30 54
38 32 54
38 33 74
38 35 46
38 36 29
38 37 73
39 0 23
39 1 45
39 3 90
39 4 82
39 5 40
39 6 51
39 7 55
39 8 91
39 9 57
39 10 24
39 12 76
39 16 59
39 18 87
39 22 83
39 23 80
39 25 54
39 26 9
39 27 80
39 28 1
39 29 74
39 32 4
40 1 54
40 3 58
40 5 82
40 8 2
40 12 73
40 16 54
40 17 62
40 18 35
40 19 95
40 21 68
40 22 18
40 23 19
40 26 70
40 28 18
40 30 53
40 31 55
40 33 16
40 34 71
40 35 15
40 37 63
40 38 13
41 1 22
41 4 44
41 5 15
41 6 24
41 7 50
41 8 91
41 9 99
41 11 21
41 12 43
41 16 72
41 18 18
41 19 27
41 20 5
41 24 35
41 25 42
41 28 72
41 31 12
41 36 47
41 39 90
41 40 11
42 0 88
42 2 37
42 3 93
42 4 65
42 7 20
42 11 18
42 14 11
42 15 99
42 16 100
42 23 11
42 28 58
42 31 19
42 32 61
42 35 56
42 38 50
43 5 80
43 6 45
43 9 16
43 11 38
43 13 7
43 14 7
43 16 49
43 24 32
43 25 63
43 26 47
43 28 60
43 30 15
43 31 85
43 32 27
43 33 70
43 35 56
43 36 13
43 37 70
43 39 26
43 42 43
44 4 62
44 6 81
44 7 82
44 8 70
44 9 7
44 10 49
44 12 65
44 17 50
44 20 95
44 21 54
44 24 98
44 28 50
44 32 19
44 34 49
44 35 99
44 36 9
44 39 43
44 41 32
44 43 88
45 0 28
45 2 38
45 4 33
45 5 100
45 6 97
45 7 15
45 8 86
45 9 27
45 10 28
45 13 79
45 14 25
45 16 39
45 17 53
45 18 10
45 20 37
45 22 5
45 24 96
45 27 9
45 30 13
45 32 83
45 35 38
45 36 52
45 40 47
45 41 64
45 42 17
46 0 27
46 1 21
46 3 12
46 4 31
46 6 24
46 7 93
46 12 23
46 13 52
46 14 17
46 15 48
46 16 26
46 17 99
46 18 97
46 19 76
46 23 9
46 25 21
46 26 42
46 29 72
46 31 67
46 32 2
46 34 96
46 36 68
46 37 17
46 40 83
46 45 5
47 4 1
47 7 19
47 8 54
47 11 26
47 13 60
47 16 74
47 19 73
47 20 16
47 24 62
47 28 79
47 32 74
47 33 6
47 34 80
47 37 67
47 43 25
47 46 40
48 2 8
48 3 98
48 8 24
48 11 83
48 12 16
48 14 24
48 15 42
48 17 23
48 19 26
48 21 99
48 22 80
48 23 55
48 25 94
48 26 68
48 27 63
48 32 70
48 34 78
48 37 90
48 38 1
48 43 97
48 44 77
48 45 87
48 47 15
49 0 80
49 1 51
49 2 40
49 3 41
49 5 48
49 8 68
49 11 88
49 12 52
49 13 43
49 14 55
49 15 88
49 16 75
49 17 8
49 21 94
49 23 18
49 24 37
49 27 54
49 30 58
49 31 85
49 32 15
49 34 52
49 36 99
49 38 63
49 40 30
49 41 100
49 42 66
49 46 6
49 47 17
49 48 1
50 0 12
50 1 17
50 2 75
50 5 11
50 7 49
50 11 59
50 12 10
50 15 16
50 16 41
50 17 24
50 18 5
50 22 22
50 24 23
50 25 44
50 26 67
50 30 40
50 33 31
50 35 96
50 37 36
50 40 10
50 45 35
50 48 58
51 0 56
51 2 57
51 4 26
51 5 1
51 7 5
51 12 38
51 17 4
51 18 33
51 22 25
51 23 6
51 25 78
51 27 77
51 28 22
51 29 8
51 30 44
51 34 29
51 36 10
51 37 33
51 43 32
51 47 14
51 48 81
52 0 14
52 1 20
52 2 4
52 6 7
52 7 60
52 8 99
52 9 47
52 11 86
52 12 4
52 14 71
52 16 91
52 17 51
52 18 51
52 19 34
52 24 78
52 25 100
52 26 86
52 28 42
52 30 5
52 31 66
52 40 19
52 42 95
52 47 10
52 48 49
53 1 91
53 8 66
53 12 26
53 13 63
53 18 50
53 23 3
53 24 38
53 27 72
53 28 19
53 29 79
53 32 69
53 34 32
53 36 68
53 37 71
53 38 65
53 39 83
53 41 66
53 42 39
53 45 56
53 47 96
53 50 74
53 52 30
54 2 55
54 3 74
54 6 23
54 7 26
54 11 97
54 13 13
54 14 10
54 18 70
54 20 25
54 21 25
54 29 57
54 30 24
54 33 71
54 34 25
54 35 1
54 36 33
54 37 26
54 38 19
54 41 98
54 42 35
54 44 95
54 45 60
54 48 29
54 49 13
54 50 69
54 51 76
54 52 72
54 53 37
55 0 38
55 1 29
55 2 4
55 4 57
55 5 48
55 11 68
55 12 69
55 14 13
55 17 73
55 18 7
55 20 43
55 23 67
55 24 47
55 25 59
55 29 99
55 33 31
55 34 62
55 35 82
55 38 18
55 39 2
55 44 4
55 45 48
55 48 88
55 51 53
55 52 19
56 1 18
56 6 85
56 8 26
56 10 7
56 12 76
56 13 20
56 14 86
56 16 69
56 21 32
56 23 14
56 24 55
56 26 60
56 28 35
56 30 54
56 32 41
56 34 21
56 35 29
56 37 38
56 38 77
56 39 8
56 41 23
56 43 25
56 44 18
56 45 30
56 46 25
56 48 58
56 49 28
56 50 84
57 0 66
57 1 16
57 2 71
57 3 54
57 7 100
57 9 27
57 11 93
57 15 77
57 16 25
57 17 98
57 20 75
57 21 55
57 22 40
57 25 54
57 27 47
57 30 49
57 32 95
57 34 99
57 35 43
57 36 18
57 37 56
57 38 14
57 39 89
57 40 10
57 42 78
57 45 78
57 47 57
57 48 36
57 49 18
57 51 26
57 52 69
57 53 48
57 54 70
58 1 80
58 2 52
58 5 37
58 6 37
58 7 1
58 10 26
58 11 76
58 15 74
58 17 48
58 18 100
58 23 84
58 24 54
58 25 15
58 26 80
58 28 59
58 30 15
58 31 94
58 32 25
58 33 47
58 36 38
58 37 95
58 39 91
58 46 34
58 47 74
58 48 63
58 50 71
58 55 40
58 56 75
59 0 71
59 3 59
59 4 12
59 11 71
59 12 83
59 16 66
59 18 82
59 21 2
59 26 57
59 27 39
59 28 79
59 34 38
59 35 97
59 38 65
59 41 10
59 44 81
59 47 58
59 50 37
59 53 17
59 54 21
59 55 87
59 56 97
59 57 74
59 58 6
