50
2 1 5
3 2 3
4 0 3
4 1 12
5 3 10
5 4 13
6 0 11
6 4 7
7 2 12
7 3 19
7 4 15
7 5 17
8 1 8
8 3 12
8 4 17
8 5 17
9 0 15
9 1 5
9 2 4
9 6 11
9 7 2
10 0 10
10 3 18
11 1 17
11 2 3
11 3 10
11 4 7
11 6 8
11 8 7
11 10 10
12 0 15
12 1 15
12 7 3
12 8 4
12 9 5
12 11 10
13 0 17
13 1 18
13 3 11
13 4 20
13 5 14
13 6 6
13 7 11
13 10 13
13 11 11
13 12 19
14 1 6
14 4 14
14 6 16
14 7 12
14 8 19
14 9 14
14 10 10
14 12 12
14 13 8
15 0 4
15 3 10
15 5 13
15 6 15
15 10 19
15 11 18
16 2 10
16 5 20
16 6 4
16 8 10
16 9 10
16 11 13
16 12 6
16 13 19
16 15 5
17 1 12
17 2 17
17 4 5
17 5 16
17 6 5
17 7 6
17 8 4
17 9 20
17 12 1
17 13 2
17 15 17
17 16 7
18 0 1
18 4 6
18 6 7
18 7 20
18 10 12
18 12 1
18 15 4
18 16 4
18 17 15
19 1 12
19 2 16
19 3 5
19 4 7
19 5 12
19 6 2
19 9 13
19 11 12
19 12 13
19 13 16
19 15 9
19 16 15
19 17 7
19 18 2
20 0 12
20 3 13
20 5 12
20 6 20
20 7 14
20 10 19
20 11 19
20 13 5
20 14 17
20 18 16
20 19 11
21 0 7
21 2 11
21 4 1
21 6 6
21 7 16
21 8 6
21 10 12
21 12 6
21 14 2
21 16 6
21 19 18
21 20 9
22 0 20
22 1 11
22 2 13
22 4 10
22 9 8
22 10 17
22 11 16
22 12 18
22 13 15
22 15 2
22 20 15
22 21 17
23 1 17
23 3 6
23 4 13
23 8 2
23 9 3
23 11 8
23 12 5
23 16 2
23 17 15
23 18 12
23 20 17
23 22 5
24 2 2
24 3 15
24 4 6
24 8 9
24 10 9
24 11 11
24 13 13
24 15 19
24 16 3
24 17 13
24 18 17
24 19 1
24 20 13
24 22 20
25 2 18
25 3 18
25 4 15
25 7 14
25 9 10
25 13 16
25 19 1
25 21 19
25 22 18
26 4 1
26 5 19
26 6 19
26 8 16
26 10 3
26 13 10
26 20 5
26 21 1
26 22 7
26 23 2
26 25 3
27 0 9
27 3 18
27 5 10
27 6 1
27 8 16
27 9 2
27 12 5
27 13 20
27 14 6
27 15 16
27 16 20
27 17 11
27 24 4
27 26 1
28 1 3
28 4 19
28 5 20
28 8 10
28 16 17
28 17 16
28 18 9
28 19 19
28 20 20
28 22 4
28 25 16
28 26 9
29 0 8
29 3 7
29 5 9
29 6 7
29 8 20
29 12 9
29 13 15
29 14 2
29 15 4
29 19 4
29 20 12
29 21 5
29 25 9
29 27 16
29 28 9
30 3 8
30 8 13
30 11 19
30 12 18
30 15 15
30 16 13
30 18 5
30 21 20
30 22 20
30 25 16
30 28 7
30 29 18
31 2 14
31 3 7
31 5 11
31 6 15
31 8 17
31 9 12
31 10 17
31 11 3
31 19 10
31 20 8
31 23 9
31 27 16
31 28 13
31 30 7
32 0 19
32 1 15
32 2 10
32 5 9
32 6 5
32 7 5
32 11 20
32 15 4
32 18 17
32 19 3
32 20 17
32 21 8
32 22 20
32 23 2
32 28 18
32 31 7
33 1 14
33 4 18
33 5 9
33 7 18
33 11 14
33 13 15
33 14 13
33 15 15
33 16 1
33 18 17
33 22 15
33 25 20
33 26 1
33 28 19
33 29 14
34 3 15
34 4 11
34 5 7
34 6 20
34 10 8
34 12 15
34 13 17
34 14 16
34 17 14
34 20 20
34 25 2
34 26 3
34 28 17
34 30 11
34 31 5
34 33 19
35 1 8
35 2 15
35 3 17
35 4 9
35 6 11
35 7 11
35 11 15
35 13 14
35 16 1
35 21 13
35 23 3
35 25 3
35 28 9
35 30 6
35 32 13
35 34 13
36 0 8
36 1 8
36 3 17
36 4 3
36 6 1
36 7 12
36 8 1
36 9 1
36 11 10
36 14 6
36 15 10
36 16 3
36 19 12
36 23 11
36 26 8
36 27 1
36 28 11
36 30 9
36 31 15
36 34 2
37 1 5
37 4 11
37 6 13
37 9 16
37 11 13
37 14 9
37 16 17
37 21 1
37 22 6
37 25 2
37 29 6
37 30 7
37 31 14
37 32 5
37 33 17
37 34 10
38 0 13
38 1 2
38 5 9
38 8 18
38 10 8
38 11 14
38 15 8
38 19 16
38 21 2
38 23 18
38 24 16
38 27 5
38 28 14
38 31 7
38 32 10
38 33 7
39 3 12
39 5 5
39 6 15
39 7 14
39 9 18
39 11 17
39 12 14
39 13 18
39 17 8
39 19 11
39 20 4
39 23 18
39 24 3
39 25 10
39 26 14
39 28 17
39 32 4
39 33 4
39 34 19
39 37 16
39 38 8
40 1 15
40 2 6
40 3 1
40 5 19
40 6 9
40 10 15
40 11 11
40 12 1
40 13 17
40 16 19
40 17 17
40 18 9
40 20 17
40 22 1
40 24 18
40 25 9
40 26 16
40 27 20
40 29 15
40 33 5
40 36 14
40 38 20
40 39 11
41 0 11
41 1 15
41 2 6
41 3 7
41 4 6
41 5 13
41 6 19
41 9 9
41 11 12
41 12 20
41 14 12
41 16 4
41 20 12
41 21 3
41 22 4
41 23 5
41 24 13
41 25 3
41 27 14
41 29 2
41 32 3
41 33 13
41 38 20
42 2 7
42 3 7
42 6 10
42 9 20
42 10 15
42 12 2
42 13 12
42 14 7
42 18 4
42 19 14
42 23 2
42 24 20
42 27 19
42 29 9
42 30 3
42 31 1
42 33 11
42 35 12
42 36 11
42 37 10
42 38 8
42 39 19
42 40 5
42 41 15
43 0 7
43 1 3
43 4 17
43 5 17
43 6 16
43 7 14
43 14 17
43 15 1
43 17 5
43 21 3
43 22 14
43 24 17
43 25 18
43 26 4
43 27 3
43 30 8
43 31 12
43 33 6
43 37 20
43 39 7
43 40 15
43 41 15
44 1 3
44 2 13
44 3 3
44 8 7
44 10 15
44 16 12
44 22 6
44 25 17
44 27 20
44 28 4
44 29 11
44 33 6
44 34 17
44 35 17
44 37 11
44 38 15
44 40 18
44 41 14
44 42 1
44 43 11
45 0 4
45 2 3
45 3 15
45 8 7
45 12 10
45 13 12
45 19 9
45 22 14
45 25 9
45 29 7
45 30 11
45 31 10
45 32 3
45 33 11
45 34 3
45 36 14
45 37 14
45 39 3
45 40 1
45 42 7
45 44 14
46 0 2
46 1 18
46 2 13
46 3 5
46 4 8
46 5 7
46 13 8
46 14 20
46 16 16
46 17 14
46 19 4
46 22 6
46 25 8
46 27 19
46 28 4
46 29 15
46 32 3
46 34 18
46 35 1
46 38 15
46 43 10
46 44 7
46 45 8
47 0 9
47 2 9
47 4 5
47 7 20
47 9 18
47 11 7
47 16 1
47 17 3
47 19 11
47 20 10
47 25 11
47 26 6
47 27 5
47 28 16
47 32 5
47 33 20
47 38 19
47 40 2
47 41 3
47 42 6
47 43 18
47 44 17
47 45 8
47 46 17
48 0 19
48 1 11
48 3 5
48 6 10
48 8 18
48 9 19
48 10 9
48 12 10
48 14 5
48 18 14
48 22 17
48 26 13
48 28 15
48 29 5
48 30 9
48 31 13
48 32 17
48 33 2
48 35 9
48 36 1
48 39 13
48 40 16
48 41 10
48 43 8
48 44 15
48 45 1
48 46 13
49 0 9
49 1 2
49 3 14
49 4 17
49 5 12
49 7 6
49 8 1
49 9 10
49 11 10
49 12 10
49 13 3
49 16 12
49 18 14
49 21 6
49 26 18
49 28 20
49 29 17
49 30 1
49 33 2
49 36 18
49 39 6
49 42 1
49 47 6
