70
2 1 31
3 2 19
4 1 5
5 0 6
5 1 26
5 2 12
5 3 35
5 4 35
7 5 36
8 0 25
8 1 19
8 2 39
8 4 1
8 6 18
9 0 24
9 6 19
9 7 39
10 0 7
10 1 33
10 2 4
10 3 22
10 4 10
11 2 26
11 4 12
11 5 37
11 6 25
11 8 2
11 9 28
11 10 25
12 1 19
12 2 28
12 5 23
12 6 38
12 7 6
12 8 26
12 9 20
12 10 32
13 0 19
13 8 14
13 9 19
14 1 25
14 2 29
14 4 6
14 5 39
14 7 32
14 9 7
14 11 11
15 0 36
15 1 7
15 3 3
15 4 11
15 8 14
15 9 7
15 10 15
15 12 33
15 13 28
15 14 16
16 3 34
16 4 4
16 6 18
16 7 9
16 11 5
16 12 1
16 13 19
16 14 5
17 3 3
17 5 39
17 13 22
17 14 14
17 15 39
18 0 6
18 1 22
18 4 23
18 6 2
18 9 8
18 10 25
18 12 4
18 13 40
18 16 12
18 17 37
19 0 39
19 1 34
19 2 25
19 6 16
19 7 24
19 9 12
19 10 39
19 11 28
19 12 33
19 13 13
19 17 1
19 18 4
20 1 9
20 3 36
20 5 5
20 6 28
20 9 19
20 10 5
20 15 24
20 19 38
21 4 17
21 7 23
21 9 20
21 10 14
21 19 11
22 0 36
22 1 29
22 4 31
22 10 38
22 13 1
22 14 6
22 15 23
22 16 8
22 17 12
22 20 7
22 21 5
23 0 15
23 1 12
23 3 17
23 4 31
23 5 29
23 8 38
23 9 14
23 10 9
23 15 29
23 17 20
23 21 26
23 22 23
24 0 14
24 1 18
24 3 8
24 4 8
24 5 13
24 8 7
24 9 34
24 18 38
24 19 24
24 20 36
24 22 19
24 23 31
25 0 3
25 2 39
25 4 36
25 5 28
25 8 4
25 9 24
25 14 9
25 15 1
25 16 39
25 17 16
25 18 8
25 21 28
25 22 4
26 0 2
26 3 34
26 4 38
26 6 8
26 8 31
26 11 9
26 13 29
26 15 5
26 17 5
26 18 9
26 20 22
26 21 16
26 23 35
26 24 27
27 1 21
27 2 18
27 3 31
27 6 23
27 8 9
27 9 17
27 10 9
27 11 3
27 15 8
27 16 11
27 17 9
27 21 14
27 23 2
28 0 2
28 1 40
28 4 3
28 7 7
28 8 33
28 10 36
28 12 15
28 13 10
28 14 14
28 15 27
28 16 31
28 18 9
28 20 27
28 22 16
28 23 37
28 24 27
28 25 1
28 26 21
28 27 5
29 1 29
29 2 36
29 4 10
29 7 1
29 9 21
29 10 3
29 13 7
29 16 38
29 17 12
29 18 13
29 22 22
29 23 37
29 24 25
29 26 22
29 27 12
29 28 1
30 1 18
30 4 4
30 7 10
30 8 8
30 9 14
30 10 7
30 13 16
30 14 20
30 16 37
30 17 11
30 21 4
30 22 3
30 26 13
30 27 7
30 28 33
31 0 25
31 4 12
31 9 15
31 11 35
31 13 9
31 14 31
31 16 39
31 17 20
31 18 18
31 20 32
31 21 22
31 22 8
31 28 25
31 29 20
31 30 25
32 3 26
32 5 4
32 9 15
32 11 16
32 12 36
32 15 11
32 17 28
32 20 28
32 24 34
33 2 28
33 3 32
33 5 1
33 8 3
33 9 30
33 10 11
33 11 4
33 14 10
33 15 3
33 16 14
33 17 16
33 18 23
33 19 26
33 20 23
33 22 29
33 24 6
33 25 27
33 26 6
33 28 38
33 29 22
34 0 9
34 2 4
34 4 29
34 6 39
34 8 1
34 9 32
34 12 37
34 14 29
34 16 1
34 18 16
34 21 30
34 22 1
34 26 25
34 27 39
34 29 25
34 30 4
35 0 31
35 1 39
35 2 24
35 11 35
35 13 28
35 14 37
35 17 15
35 18 23
35 19 15
35 26 5
35 27 22
35 29 28
35 31 23
35 32 31
35 33 9
35 34 27
36 2 12
36 4 38
36 5 40
36 6 38
36 8 14
36 9 14
36 11 9
36 12 19
36 15 3
36 19 18
36 20 31
36 21 22
36 22 37
36 23 26
36 28 27
36 30 5
36 34 23
37 3 29
37 4 10
37 5 19
37 10 25
37 12 27
37 13 20
37 15 12
37 17 4
37 18 18
37 23 23
37 24 7
37 25 29
37 29 8
37 32 29
37 34 26
38 0 20
38 1 18
38 4 29
38 7 8
38 9 3
38 10 20
38 13 40
38 14 13
38 15 4
38 16 34
38 20 18
38 21 17
38 22 4
38 25 3
38 26 40
38 29 3
38 31 26
38 35 19
38 36 25
38 37 23
39 0 30
39 1 34
39 2 39
39 3 6
39 9 5
39 12 6
39 16 19
39 17 28
39 18 21
39 21 34
39 22 5
39 23 1
39 26 12
39 30 36
39 32 35
39 33 26
39 34 35
39 35 9
39 36 33
40 0 5
40 3 8
40 4 25
40 6 6
40 7 30
40 12 8
40 14 4
40 15 30
40 18 1
40 26 17
40 28 32
40 29 11
40 34 30
40 35 26
40 36 36
40 37 11
41 0 16
41 1 34
41 4 8
41 5 11
41 6 16
41 9 7
41 10 36
41 13 37
41 15 8
41 17 10
41 19 34
41 20 35
41 21 30
41 22 35
41 24 32
41 26 25
41 27 17
41 28 24
41 29 36
41 30 30
41 31 32
41 32 14
41 33 3
41 37 29
41 39 30
41 40 26
42 4 24
42 6 31
42 8 32
42 11 5
42 15 11
42 17 22
42 18 2
42 19 28
42 25 10
42 26 18
42 27 37
42 28 14
42 29 19
42 30 33
42 32 30
42 33 17
42 35 15
42 37 22
42 38 33
42 40 10
42 41 15
43 3 30
43 5 35
43 7 16
43 10 33
43 12 22
43 15 36
43 16 22
43 18 15
43 19 8
43 20 40
43 22 37
43 23 23
43 25 15
43 27 9
43 31 16
43 33 24
43 37 18
43 38 35
43 39 26
43 40 35
43 42 38
44 0 5
44 6 1
44 9 19
44 10 36
44 13 3
44 14 30
44 19 34
44 23 30
44 25 6
44 26 32
44 29 31
44 32 9
44 39 12
44 41 39
44 42 32
45 0 34
45 1 33
45 2 12
45 3 14
45 4 13
45 5 8
45 6 12
45 7 6
45 10 12
45 11 10
45 12 2
45 13 12
45 15 6
45 16 36
45 17 26
45 18 30
45 20 25
45 24 34
45 25 5
45 27 6
45 30 20
45 32 21
45 33 15
45 38 3
45 40 32
45 41 31
46 0 13
46 1 16
46 4 14
46 7 10
46 8 1
46 9 38
46 11 30
46 13 23
46 14 37
46 16 5
46 18 11
46 21 9
46 26 11
46 28 23
46 31 25
46 35 13
46 37 36
46 38 36
46 40 5
46 42 12
46 45 28
47 0 24
47 1 20
47 2 13
47 7 8
47 9 20
47 15 39
47 16 4
47 19 22
47 22 27
47 32 22
47 34 2
47 36 4
47 38 20
48 2 13
48 3 28
48 4 10
48 6 37
48 10 8
48 13 23
48 15 30
48 19 31
48 20 19
48 22 14
48 23 9
48 26 18
48 27 2
48 28 27
48 32 1
48 34 27
48 35 23
48 36 7
48 38 10
48 39 32
48 40 29
48 46 4
48 47 15
49 0 39
49 4 12
49 5 24
49 8 17
49 11 22
49 16 8
49 17 19
49 19 12
49 21 3
49 23 8
49 25 20
49 28 25
49 29 38
49 30 34
49 31 23
49 32 5
49 33 16
49 34 39
49 37 38
49 38 16
49 41 25
49 42 27
49 43 4
49 44 5
49 46 11
49 47 13
50 1 18
50 4 11
50 5 22
50 7 32
50 11 5
50 12 29
50 13 12
50 16 27
50 19 10
50 20 35
50 21 20
50 24 38
50 25 10
50 26 11
50 32 7
50 34 36
50 36 1
50 37 3
50 40 30
50 42 23
50 43 13
50 44 27
50 45 37
50 47 31
50 48 23
51 1 15
51 7 24
51 9 1
51 10 20
51 11 9
51 13 39
51 14 30
51 16 1
51 17 16
51 18 27
51 19 4
51 20 18
51 21 24
51 23 16
51 24 6
51 28 38
51 29 17
51 30 38
51 31 9
51 32 9
51 33 2
51 34 19
51 36 17
51 38 13
51 39 10
51 40 26
51 42 15
51 45 27
51 46 10
51 49 36
51 50 30
52 0 4
52 3 3
52 5 11
52 6 26
52 11 19
52 15 37
52 22 8
52 25 35
52 26 30
52 28 26
52 29 4
52 30 20
52 33 4
52 36 12
52 37 27
52 38 14
52 41 32
52 44 6
52 46 40
52 48 11
52 49 4
52 50 3
52 51 6
53 3 14
53 4 32
53 6 5
53 8 24
53 11 33
53 12 20
53 23 4
53 24 32
53 26 10
53 27 37
53 28 35
53 32 14
53 34 20
53 35 27
53 37 11
53 38 21
53 41 33
53 43 38
53 45 25
53 47 28
53 50 10
54 0 6
54 1 26
54 3 30
54 4 5
54 6 19
54 7 40
54 9 33
54 10 37
54 12 7
54 14 23
54 21 8
54 22 21
54 24 8
54 25 34
54 27 18
54 28 23
54 30 10
54 33 17
54 36 17
54 41 39
54 42 11
54 46 36
54 50 27
54 53 19
55 0 31
55 8 36
55 11 7
55 13 36
55 15 19
55 16 36
55 21 25
55 22 39
55 23 18
55 25 24
55 27 11
55 29 16
55 34 35
55 39 22
55 40 2
55 41 5
55 42 1
55 44 25
55 47 27
55 50 19
55 51 12
55 52 20
56 0 15
56 1 28
56 2 18
56 3 13
56 4 10
56 5 39
56 7 18
56 10 11
56 11 24
56 14 7
56 18 25
56 21 16
56 22 19
56 23 11
56 24 32
56 27 22
56 29 16
56 30 3
56 32 39
56 33 11
56 35 33
56 36 8
56 38 5
56 39 30
56 41 23
56 42 4
56 44 26
56 46 20
56 48 24
56 51 15
56 52 29
56 54 37
57 0 10
57 2 5
57 3 18
57 4 35
57 5 30
57 6 39
57 12 3
57 14 37
57 15 14
57 16 16
57 17 17
57 19 3
57 20 24
57 22 9
57 26 24
57 29 12
57 37 9
57 38 38
57 40 24
57 41 21
57 48 20
57 49 16
57 56 27
58 0 17
58 2 7
58 3 24
58 5 18
58 7 4
58 8 4
58 9 21
58 11 7
58 12 3
58 13 16
58 15 40
58 17 26
58 18 29
58 19 40
58 21 29
58 23 1
58 24 24
58 27 34
58 28 6
58 29 5
58 31 18
58 36 18
58 39 28
58 43 40
58 45 17
58 48 17
58 49 22
58 51 8
58 54 11
58 55 39
58 56 13
58 57 5
59 0 22
59 2 22
59 7 31
59 8 6
59 12 26
59 13 5
59 15 21
59 16 37
59 17 22
59 18 8
59 20 20
59 22 32
59 25 35
59 26 15
59 31 25
59 33 5
59 34 20
59 36 8
59 38 21
59 41 36
59 44 30
59 46 24
59 47 22
59 48 25
59 50 17
59 51 25
59 52 23
59 54 31
59 56 31
59 58 38
60 0 10
60 3 26
60 4 31
60 6 28
60 7 12
60 9 2
60 10 23
60 16 14
60 19 28
60 22 28
60 24 8
60 28 11
60 30 27
60 32 7
60 33 36
60 34 30
60 35 2
60 37 26
60 39 7
60 41 9
60 42 27
60 43 16
60 44 31
60 46 27
60 48 1
60 50 37
60 53 6
60 54 17
60 55 21
61 0 38
61 1 21
61 4 34
61 5 10
61 6 5
61 9 6
61 12 13
61 13 32
61 15 25
61 16 33
61 17 9
61 18 36
61 20 16
61 22 23
61 26 7
61 30 33
61 33 32
61 36 31
61 37 4
61 38 35
61 40 10
61 41 11
61 42 38
61 43 4
61 44 38
61 45 27
61 47 26
61 48 26
61 49 4
61 52 9
61 53 25
61 54 38
61 56 26
61 58 21
61 59 17
62 1 30
62 2 21
62 5 7
62 7 15
62 13 37
62 16 29
62 18 37
62 19 1
62 21 21
62 22 34
62 30 3
62 31 18
62 33 2
62 35 34
62 38 22
62 42 38
62 44 25
62 45 40
62 46 36
62 49 33
62 52 36
62 56 38
62 60 27
62 61 21
63 0 28
63 1 6
63 3 20
63 4 33
63 5 15
63 7 9
63 10 25
63 11 17
63 14 27
63 15 4
63 16 1
63 17 16
63 20 10
63 25 35
63 26 1
63 27 7
63 28 39
63 30 16
63 31 38
63 35 20
63 37 5
63 41 38
63 43 18
63 45 39
63 46 23
63 48 17
63 49 28
63 51 1
63 52 39
63 57 40
63 58 18
63 59 32
63 60 10
64 0 19
64 3 23
64 4 26
64 5 12
64 7 25
64 9 2
64 10 17
64 12 7
64 13 39
64 14 32
64 15 21
64 18 19
64 22 27
64 23 24
64 24 28
64 26 32
64 28 5
64 31 6
64 34 17
64 35 5
64 36 39
64 37 1
64 41 9
64 42 40
64 43 25
64 46 31
64 49 29
64 52 32
64 54 27
64 55 6
64 57 18
64 58 12
64 59 32
64 60 8
64 61 40
65 2 34
65 3 5
65 4 4
65 5 5
65 6 5
65 7 27
65 8 29
65 12 4
65 14 25
65 15 40
65 16 37
65 17 12
65 19 34
65 21 34
65 22 25
65 23 25
65 24 32
65 27 37
65 28 35
65 29 18
65 31 24
65 32 23
65 33 15
65 34 3
65 35 15
65 41 29
65 44 22
65 45 30
65 46 22
65 47 24
65 50 36
65 52 30
65 54 4
65 56 24
65 59 30
65 60 39
65 61 37
65 62 2
65 63 23
65 64 4
66 4 11
66 5 36
66 6 14
66 9 18
66 10 19
66 12 1
66 13 16
66 17 25
66 19 16
66 20 26
66 21 10
66 23 8
66 25 36
66 27 28
66 34 22
66 36 16
66 37 34
66 38 13
66 40 28
66 43 33
66 46 28
66 47 10
66 53 26
66 56 23
66 57 8
66 59 14
66 60 1
66 65 20
67 2 31
67 3 6
67 6 24
67 7 29
67 8 32
67 9 3
67 10 13
67 12 4
67 15 28
67 16 11
67 17 29
67 19 28
67 20 39
67 21 36
67 24 36
67 25 21
67 28 32
67 31 10
67 34 5
67 36 31
67 37 1
67 38 10
67 39 21
67 42 10
67 43 22
67 44 27
67 45 18
67 47 37
67 48 1
67 50 27
67 52 39
67 53 28
67 56 16
67 58 35
67 60 8
67 61 36
67 62 4
67 65 3
68 0 8
68 1 5
68 3 26
68 4 37
68 5 23
68 6 2
68 8 6
68 12 5
68 14 12
68 15 20
68 18 5
68 19 15
68 21 7
68 22 17
68 23 37
68 24 2
68 26 26
68 28 38
68 31 25
68 32 35
68 33 39
68 34 10
68 35 35
68 36 14
68 38 24
68 41 5
68 42 8
68 45 26
68 47 22
68 50 26
68 51 36
68 52 35
68 56 17
68 59 37
68 60 25
68 61 29
68 64 11
69 1 24
69 3 29
69 4 31
69 5 31
69 8 10
69 11 38
69 12 3
69 15 35
69 16 5
69 17 30
69 18 2
69 21 21
69 22 31
69 23 12
69 26 5
69 28 2
69 31 23
69 33 5
69 36 24
69 39 27
69 50 7
69 51 28
69 52 17
69 56 32
69 59 26
69 61 29
69 63 9
69 65 14
69 67 4
