30
3 0 60
3 1 2
3 2 77
4 0 19
4 1 14
4 3 79
5 0 19
5 3 59
5 4 48
6 5 55
7 2 60
7 4 24
7 6 68
8 0 69
8 4 60
8 5 76
9 1 65
9 2 80
9 5 3
9 7 9
9 8 25
10 0 33
10 1 32
10 8 14
10 9 80
11 1 37
11 2 77
11 4 10
11 5 21
11 7 38
11 9 15
12 2 22
12 3 10
12 4 59
12 5 27
12 9 11
12 10 16
12 11 15
13 0 54
13 2 6
13 6 7
13 7 41
13 8 76
13 10 39
13 11 3
14 0 2
14 3 38
14 6 5
14 8 24
14 10 35
15 0 70
15 1 49
15 2 38
15 9 45
16 2 44
16 3 48
16 5 57
16 9 60
16 10 66
16 11 50
16 12 30
16 13 28
16 15 80
17 2 76
17 3 64
17 4 15
17 7 20
17 8 9
17 9 16
17 10 46
17 12 16
17 13 79
18 1 5
18 6 21
18 7 79
18 10 25
18 12 6
18 13 46
18 17 21
19 0 33
19 1 47
19 2 35
19 5 12
19 6 67
19 7 29
19 15 45
20 0 73
20 1 49
20 3 60
20 4 2
20 6 3
20 7 1
20 8 28
20 13 24
20 15 4
20 16 71
20 17 25
20 19 3
21 0 42
21 1 44
21 2 46
21 6 10
21 8 1
21 10 53
21 11 67
21 12 15
21 14 65
21 15 54
21 17 54
21 19 46
21 20 51
22 1 13
22 3 78
22 6 14
22 8 17
22 11 27
22 12 19
22 13 29
22 14 49
22 15 47
22 17 56
22 20 37
23 1 29
23 2 4
23 3 66
23 4 4
23 6 15
23 14 27
23 16 47
23 20 45
23 22 50
24 0 75
24 1 78
24 7 66
24 11 27
24 12 31
24 13 70
24 15 71
24 16 55
24 17 24
24 20 45
24 22 20
24 23 50
25 2 9
25 4 32
25 7 57
25 8 26
25 9 24
25 11 50
25 12 21
25 13 28
25 14 32
25 16 78
25 17 68
25 18 60
25 19 44
25 20 23
25 21 73
25 23 66
25 24 40
26 1 41
26 5 44
26 6 74
26 9 27
26 10 15
26 11 53
26 12 10
26 14 64
26 16 54
26 17 5
26 21 71
26 22 35
27 2 27
27 3 29
27 5 69
27 6 20
27 7 76
27 8 2
27 9 80
27 11 52
27 12 64
27 16 32
27 19 35
27 20 43
27 22 18
27 23 32
27 24 40
27 26 11
28 1 67
28 3 69
28 6 52
28 11 61
28 12 49
28 16 39
28 17 10
28 20 30
28 21 60
28 22 80
28 24 71
28 27 2
29 0 25
29 1 11
29 2 76
29 6 67
29 7 23
29 10 40
29 11 39
29 14 11
29 15 33
29 17 67
29 18 13
29 19 28
29 20 73
29 21 4
29 24 24
29 26 31
29 28 21
