30
1 0 44
2 0 3
3 0 50
3 1 48
3 2 39
4 0 60
4 1 79
4 3 20
5 0 72
5 2 19
5 4 41
7 4 31
7 6 28
8 1 12
8 3 49
8 6 30
9 0 45
9 1 23
9 2 61
9 3 92
9 6 73
9 7 45
10 0 61
10 2 34
10 3 18
10 4 73
10 5 58
10 6 43
10 8 87
11 0 4
11 1 86
11 2 8
11 3 14
11 5 76
11 6 31
11 7 17
11 8 70
12 1 87
12 2 85
12 3 10
12 5 7
12 6 33
12 7 42
12 8 94
12 9 97
12 10 91
13 2 89
13 4 53
13 5 83
13 7 3
13 8 36
13 9 29
13 10 40
13 11 32
13 12 49
14 0 43
14 1 31
14 2 79
14 4 62
14 9 9
14 10 2
14 12 43
14 13 27
15 1 95
15 3 78
15 4 13
15 6 14
15 9 87
15 11 4
16 2 58
16 4 3
16 5 66
16 8 55
16 13 95
17 1 27
17 4 55
17 5 78
17 6 81
17 10 61
17 13 96
17 14 52
17 15 85
17 16 20
18 4 17
18 5 49
18 6 69
18 7 20
18 8 74
18 12 71
18 13 55
18 15 90
19 3 69
19 4 53
19 7 23
19 9 64
19 13 21
19 15 67
19 16 98
19 18 53
20 1 61
20 3 44
20 6 80
20 8 32
20 9 17
20 10 19
20 11 71
20 12 79
20 14 79
20 16 28
20 17 51
20 18 72
21 1 45
21 4 34
21 6 36
21 7 99
21 10 55
21 13 94
21 15 85
21 17 24
21 18 11
22 0 54
22 3 58
22 4 87
22 5 2
22 7 11
22 9 45
22 10 75
22 11 39
22 12 31
22 13 40
22 15 44
22 18 15
22 21 74
23 0 48
23 1 68
23 3 42
23 5 52
23 6 5
23 9 84
23 10 91
23 11 83
23 12 39
23 13 12
23 14 2
23 15 56
23 16 61
23 18 36
23 21 82
24 4 77
24 5 4
24 7 42
24 10 10
24 11 36
24 15 60
24 17 83
24 19 84
24 21 78
25 0 45
25 3 70
25 8 66
25 9 46
25 10 61
25 13 83
25 15 60
25 21 67
25 23 69
26 0 93
26 1 25
26 3 23
26 4 77
26 9 60
26 14 96
26 15 41
26 17 85
26 18 21
26 20 63
26 22 94
27 0 45
27 2 31
27 3 60
27 6 58
27 8 87
27 10 75
27 12 33
27 13 84
27 14 35
27 17 48
27 18 64
27 19 9
27 21 67
27 24 93
27 25 11
27 26 100
28 2 9
28 3 68
28 4 85
28 8 27
28 9 67
28 10 97
28 11 91
28 15 1
28 16 68
28 18 83
28 21 65
28 22 94
28 23 45
28 24 8
29 4 100
29 5 38
29 6 86
29 7 3
29 9 24
29 12 53
29 13 16
29 17 100
29 18 29
29 19 58
29 21 51
29 23 40
29 28 35
