40
3 1 47
4 0 56
4 1 30
4 2 32
5 0 56
5 1 36
5 3 53
5 4 32
6 1 44
6 4 53
6 5 21
7 1 33
7 2 21
7 4 27
7 5 50
7 6 47
8 1 2
8 2 22
8 4 20
8 5 42
8 7 39
9 0 13
9 1 31
9 2 5
9 3 23
9 4 6
9 5 47
9 6 44
9 8 6
10 0 12
10 1 38
10 3 36
10 5 1
10 6 44
10 9 14
11 3 40
11 5 38
11 6 53
11 8 31
11 10 5
12 0 2
12 4 28
12 6 22
12 7 15
12 8 56
12 9 49
12 10 20
12 11 58
13 3 18
13 4 46
13 6 9
13 11 8
14 2 33
14 3 3
14 4 20
14 7 29
14 8 56
14 9 56
14 10 56
14 11 5
14 13 42
15 3 49
15 6 54
15 9 33
15 10 43
15 11 9
15 13 42
16 3 1
16 4 29
16 5 3
16 6 37
16 7 1
16 9 51
16 10 3
16 12 4
16 13 14
17 0 22
17 1 28
17 3 9
17 5 42
17 6 54
17 8 43
17 10 39
17 11 26
17 12 12
17 14 11
17 15 39
17 16 21
18 1 18
18 2 2
18 3 21
18 4 23
18 6 24
18 7 28
18 10 56
18 12 37
18 13 56
18 15 29
18 16 42
19 1 24
19 2 18
19 4 14
19 5 21
19 6 29
19 7 33
19 8 59
19 11 36
19 12 22
19 14 31
19 18 8
20 0 13
20 3 42
20 5 40
20 6 1
20 12 6
20 14 5
20 15 10
20 17 45
20 19 18
21 5 48
21 8 17
21 9 32
21 11 37
21 12 47
21 14 16
21 15 55
21 16 17
21 17 53
21 18 32
22 1 3
22 2 23
22 3 24
22 4 31
22 5 21
22 6 31
22 7 57
22 8 54
22 10 34
22 11 49
22 12 46
22 15 16
22 16 12
23 0 15
23 2 46
23 4 30
23 5 49
23 9 43
23 11 45
23 13 49
23 14 28
23 17 50
23 19 11
23 21 27
23 22 48
24 0 35
24 2 19
24 4 18
24 6 39
24 7 30
24 8 26
24 9 20
24 11 22
24 12 18
24 14 40
24 17 36
24 19 19
24 21 33
24 22 30
24 23 37
25 3 44
25 5 43
25 7 57
25 8 3
25 10 3
25 13 27
25 16 48
25 19 51
25 21 28
25 22 17
25 23 47
25 24 48
26 0 7
26 1 52
26 3 57
26 4 45
26 6 41
26 8 39
26 10 6
26 12 46
26 13 47
26 14 19
26 17 54
26 21 30
26 22 59
27 1 34
27 3 55
27 4 38
27 7 7
27 9 58
27 10 41
27 11 14
27 14 24
27 15 24
27 16 39
27 18 41
27 19 9
27 21 37
27 22 31
27 23 8
28 0 18
28 1 25
28 2 49
28 3 53
28 4 33
28 8 6
28 12 24
28 13 20
28 14 58
28 19 58
28 25 55
28 26 60
28 27 60
29 0 22
29 3 46
29 4 32
29 7 33
29 9 32
29 11 32
29 12 10
29 13 48
29 18 19
29 20 23
29 21 33
29 22 52
29 23 30
29 27 51
30 0 43
30 7 51
30 9 53
30 11 25
30 15 43
30 19 55
30 20 55
30 22 48
30 23 26
30 28 17
31 0 17
31 3 2
31 4 36
31 6 8
31 9 49
31 10 20
31 11 12
31 16 47
31 17 35
31 18 7
31 20 12
31 23 48
31 24 45
31 25 48
31 26 11
31 30 14
32 1 18
32 3 40
32 8 34
32 9 20
32 10 14
32 13 23
32 15 33
32 18 18
32 19 45
32 20 12
32 21 20
32 26 52
32 27 6
32 28 12
33 0 4
33 1 4
33 2 12
33 4 20
33 7 22
33 8 8
33 10 42
33 12 38
33 13 27
33 14 50
33 15 30
33 16 8
33 17 4
33 19 58
33 21 35
33 22 28
33 23 36
33 24 28
33 28 11
33 31 43
34 3 23
34 4 32
34 5 29
34 6 40
34 9 23
34 12 2
34 14 31
34 17 24
34 18 41
34 19 34
34 21 11
34 24 53
34 26 9
34 29 3
34 30 20
34 32 6
34 33 7
35 0 60
35 1 6
35 4 54
35 6 11
35 8 36
35 10 58
35 11 58
35 12 29
35 15 5
35 16 20
35 17 16
35 18 5
35 20 56
35 21 43
35 22 25
35 29 29
35 33 56
36 3 17
36 5 49
36 7 56
36 10 20
36 11 4
36 12 17
36 18 39
36 20 31
36 23 6
36 24 39
36 27 15
36 30 53
36 31 19
36 33 44
36 34 10
36 35 38
37 0 20
37 3 19
37 4 41
37 7 17
37 11 5
37 12 41
37 13 39
37 14 9
37 16 54
37 17 51
37 18 35
37 19 35
37 20 52
37 23 38
37 25 28
37 28 48
37 29 21
37 31 6
37 32 5
37 35 29
37 36 55
38 1 24
38 4 31
38 7 20
38 13 16
38 15 3
38 18 6
38 19 14
38 20 8
38 25 57
38 27 2
38 28 30
38 31 37
38 32 2
38 33 34
38 34 27
38 36 50
39 1 37
39 2 33
39 3 6
39 5 47
39 8 44
39 9 28
39 12 55
39 13 39
39 14 40
39 17 6
39 19 44
39 20 38
39 21 34
39 23 35
39 26 53
39 29 39
39 32 42
39 33 14
39 34 57
39 37 2
39 38 25
