50
1 0 62
2 0 60
3 2 16
4 0 18
4 1 52
4 2 77
5 1 9
5 2 22
5 3 12
6 0 18
6 4 15
7 0 30
7 1 24
7 3 72
7 4 80
7 5 33
8 1 20
8 2 74
8 3 16
8 5 50
8 7 40
9 1 55
9 3 57
9 5 18
9 6 66
9 7 63
9 8 57
10 0 73
10 1 61
10 3 80
10 4 23
10 8 39
10 9 62
11 0 26
11 1 4
11 3 28
11 4 6
11 10 52
12 1 19
12 2 59
12 3 45
12 4 60
12 5 29
12 6 22
12 8 11
12 9 10
12 10 7
13 0 76
13 2 66
13 4 71
13 5 45
13 6 51
13 7 56
13 8 55
13 10 63
13 12 2
14 0 49
14 2 70
14 4 4
14 5 18
14 6 35
14 7 24
14 9 39
14 11 60
14 13 53
15 1 5
15 2 50
15 4 4
15 6 10
15 9 65
15 10 1
15 11 67
15 14 68
16 0 67
16 1 29
16 2 69
16 6 8
16 9 66
16 10 48
16 11 70
16 12 1
16 15 5
17 2 8
17 3 46
17 4 53
17 5 50
17 7 26
17 9 53
17 11 32
17 12 13
17 13 68
17 16 13
18 0 77
18 3 33
18 4 39
18 5 28
18 7 27
18 10 11
18 11 50
18 12 36
18 13 63
18 15 49
18 16 22
18 17 24
19 0 54
19 1 46
19 2 4
19 4 63
19 5 66
19 9 29
19 12 22
19 15 77
19 16 67
20 1 47
20 2 6
20 5 51
20 7 9
20 8 23
20 13 12
20 16 3
20 17 44
20 19 13
21 1 76
21 2 30
21 5 32
21 7 58
21 12 38
21 16 22
21 18 45
21 20 65
22 0 18
22 1 12
22 2 79
22 5 72
22 8 80
22 10 72
22 14 44
22 15 33
22 17 41
22 18 2
22 19 6
22 20 78
23 0 54
23 1 13
23 6 45
23 8 72
23 10 55
23 11 18
23 12 80
23 14 69
23 15 46
23 17 29
23 19 26
23 20 48
23 22 17
24 1 19
24 4 46
24 5 22
24 6 46
24 9 25
24 15 45
24 16 36
24 17 60
24 19 44
24 21 10
24 22 70
25 0 42
25 1 41
25 4 51
25 5 48
25 9 13
25 10 43
25 12 43
25 13 62
25 15 13
25 18 4
25 19 28
25 20 79
25 22 29
25 23 10
25 24 50
26 0 50
26 4 22
26 5 13
26 6 73
26 7 45
26 11 23
26 12 80
26 13 20
26 15 73
26 23 74
27 0 80
27 3 69
27 5 20
27 7 53
27 9 37
27 14 76
27 17 67
27 19 50
27 21 48
27 24 77
28 0 73
28 2 80
28 9 40
28 10 21
28 11 9
28 18 65
28 19 44
28 20 8
28 22 68
28 24 50
28 25 13
28 27 58
29 1 68
29 2 47
29 3 9
29 5 66
29 6 4
29 7 27
29 9 75
29 12 51
29 25 45
30 3 9
30 4 51
30 5 32
30 7 68
30 9 30
30 10 71
30 11 38
30 13 33
30 15 6
30 16 44
30 18 57
30 19 72
30 22 10
30 24 70
30 25 55
30 26 36
30 27 60
30 28 15
31 0 43
31 3 67
31 4 23
31 5 42
31 6 9
31 7 52
31 8 78
31 9 62
31 10 64
31 12 16
31 14 63
31 16 15
31 18 59
31 21 33
31 22 16
31 24 37
31 27 19
31 28 51
31 29 12
31 30 69
32 1 67
32 4 76
32 6 59
32 9 65
32 10 38
32 11 5
32 13 30
32 14 69
32 16 64
32 17 6
32 18 63
32 20 69
32 21 71
32 23 65
32 24 66
32 26 61
32 28 9
32 30 17
33 1 36
33 4 32
33 8 78
33 10 60
33 18 36
33 21 17
33 26 56
33 28 61
33 29 56
33 30 24
34 1 39
34 4 58
34 6 37
34 7 68
34 8 43
34 9 45
34 10 55
34 11 47
34 12 76
34 16 35
34 18 11
34 19 25
34 20 57
34 21 30
34 22 29
34 25 5
34 26 75
34 27 12
34 31 25
34 32 29
34 33 6
35 0 57
35 1 1
35 3 32
35 6 37
35 8 37
35 9 63
35 12 21
35 14 69
35 16 80
35 21 50
35 23 69
35 25 30
35 27 12
35 31 3
35 33 37
36 0 15
36 2 3
36 3 55
36 4 16
36 5 18
36 6 5
36 10 4
36 13 15
36 14 51
36 16 45
36 17 29
36 19 68
36 20 29
36 21 35
36 25 31
36 28 67
36 29 51
36 30 4
36 31 72
36 32 16
36 33 32
37 2 44
37 6 69
37 10 42
37 12 2
37 16 24
37 17 72
37 18 7
37 22 30
37 26 15
37 28 66
37 29 34
37 30 71
37 34 53
37 36 22
38 0 6
38 1 48
38 2 18
38 6 1
38 10 32
38 12 50
38 13 75
38 15 35
38 16 18
38 17 72
38 19 54
38 20 25
38 21 32
38 22 6
38 23 64
38 28 39
38 29 12
38 30 31
38 31 2
38 32 21
38 34 24
38 35 24
38 37 34
39 4 55
39 5 62
39 9 63
39 10 80
39 13 37
39 15 70
39 16 10
39 19 16
39 24 28
39 26 60
39 27 65
39 29 31
39 30 51
39 32 53
39 33 41
39 34 64
39 37 29
39 38 22
40 0 33
40 2 71
40 3 51
40 4 31
40 6 52
40 7 66
40 10 42
40 13 31
40 14 78
40 15 61
40 16 13
40 17 28
40 18 27
40 19 32
40 21 25
40 23 68
40 24 27
40 26 49
40 27 39
40 28 58
40 29 33
40 31 12
40 35 50
40 36 31
40 37 77
40 38 31
40 39 61
41 1 47
41 3 8
41 5 72
41 6 20
41 7 74
41 9 30
41 10 27
41 11 22
41 14 62
41 18 78
41 19 75
41 22 74
41 27 6
41 28 30
41 30 11
41 32 40
41 40 24
42 3 19
42 8 63
42 9 15
42 14 58
42 16 12
42 18 49
42 19 1
42 20 71
42 21 78
42 23 16
42 24 27
42 26 80
42 29 67
42 30 69
42 31 6
42 32 79
42 36 79
42 37 59
42 38 63
42 40 16
43 0 17
43 1 64
43 2 19
43 3 56
43 6 68
43 9 35
43 10 22
43 11 2
43 13 19
43 15 27
43 18 52
43 22 26
43 23 44
43 24 75
43 25 51
43 31 36
43 32 3
43 40 18
43 41 73
43 42 40
44 1 41
44 5 1
44 6 31
44 7 60
44 11 59
44 15 69
44 19 39
44 23 15
44 25 40
44 26 58
44 28 79
44 31 2
44 33 46
44 34 55
44 35 63
44 36 70
44 37 14
44 39 20
45 0 69
45 1 21
45 2 6
45 3 10
45 7 52
45 8 39
45 10 5
45 14 67
45 16 37
45 17 67
45 20 50
45 23 23
45 24 46
45 27 34
45 30 67
45 31 26
45 32 34
45 35 44
45 37 51
45 38 57
45 39 74
45 40 10
45 41 63
45 42 39
45 43 16
45 44 3
46 0 40
46 2 26
46 5 27
46 7 57
46 8 15
46 9 66
46 10 5
46 12 20
46 16 74
46 18 26
46 20 53
46 23 51
46 24 31
46 27 43
46 28 61
46 31 30
46 32 2
46 40 35
46 43 3
47 0 4
47 2 18
47 3 79
47 7 74
47 10 66
47 14 38
47 18 59
47 21 78
47 22 63
47 24 13
47 26 35
47 31 52
47 32 21
47 34 50
47 35 75
47 36 34
47 37 38
47 38 52
47 39 50
47 40 58
47 41 49
47 42 55
47 43 62
47 44 68
47 46 72
48 1 47
48 3 60
48 4 33
48 9 59
48 10 19
48 12 71
48 14 12
48 16 80
48 18 35
48 20 31
48 21 7
48 24 12
48 27 21
48 29 35
48 31 55
48 32 28
48 33 44
48 34 10
48 44 13
48 45 5
49 1 59
49 2 16
49 4 75
49 5 35
49 6 65
49 9 53
49 11 57
49 13 17
49 14 38
49 15 49
49 17 62
49 20 44
49 24 52
49 26 76
49 27 27
49 28 76
49 29 11
49 32 54
49 35 71
49 36 66
49 38 78
49 39 12
49 40 21
49 42 29
49 43 43
49 44 35
49 46 2
