40
1 0 33
2 1 19
3 0 16
3 1 4
5 0 30
5 2 12
6 2 31
6 3 28
6 4 33
7 4 8
7 5 24
7 6 24
8 0 7
8 1 14
8 2 34
8 4 27
8 5 8
8 6 2
8 7 31
9 0 31
9 2 8
9 4 3
9 5 31
9 8 32
10 0 36
10 2 23
10 3 40
10 4 30
10 6 11
10 8 2
11 0 27
11 1 27
11 3 2
11 7 17
11 8 32
11 9 35
12 2 32
12 3 22
12 5 23
12 7 28
12 10 39
13 1 10
13 2 25
13 6 31
13 8 3
13 12 32
14 2 38
14 3 4
14 4 27
14 5 33
14 7 26
14 8 31
14 9 32
14 10 31
14 13 36
15 0 5
15 3 11
15 5 22
15 6 16
15 9 31
15 14 1
16 0 8
16 4 10
16 8 9
16 9 27
16 11 16
16 12 3
16 13 17
17 0 19
17 2 6
17 5 7
17 12 11
17 13 29
17 14 5
17 15 3
17 16 28
18 0 8
18 4 14
18 5 2
18 6 11
18 7 14
18 8 21
18 11 38
18 14 30
19 0 24
19 3 39
19 5 5
19 7 40
19 10 6
19 12 8
19 13 28
19 14 2
19 15 27
19 17 21
19 18 37
20 0 13
20 1 9
20 2 35
20 4 35
20 6 1
20 7 14
20 8 20
20 9 27
20 11 11
20 13 23
20 14 11
20 15 2
20 17 30
20 19 12
21 1 13
21 2 36
21 3 4
21 7 3
21 9 28
21 11 8
21 13 20
21 14 18
21 15 39
21 18 4
21 19 17
21 20 21
22 0 19
22 1 27
22 2 20
22 4 40
22 5 35
22 6 26
22 8 18
22 9 39
22 10 40
22 11 15
22 13 25
22 17 27
22 20 33
22 21 11
23 2 12
23 3 24
23 4 32
23 5 32
23 6 2
23 9 29
23 10 37
23 11 17
23 12 20
23 13 9
23 14 13
23 15 39
23 16 36
23 18 34
23 21 5
24 0 3
24 1 4
24 3 5
24 4 30
24 7 8
24 9 13
24 10 21
24 11 33
24 12 4
24 17 37
24 19 39
24 20 5
24 21 11
24 22 27
24 23 13
25 1 2
25 6 37
25 7 20
25 8 14
25 11 37
25 12 8
25 14 16
25 16 8
25 18 29
25 22 6
25 24 31
26 0 19
26 1 2
26 3 30
26 6 19
26 7 18
26 9 3
26 10 31
26 12 40
26 16 2
26 17 29
26 18 35
26 21 26
26 23 40
26 24 11
26 25 8
27 0 23
27 4 34
27 5 7
27 8 5
27 9 30
27 12 8
27 14 33
27 15 38
27 17 36
27 19 15
27 20 17
27 21 7
27 24 31
27 25 19
28 2 21
28 4 18
28 6 16
28 7 21
28 8 35
28 10 28
28 13 36
28 14 1
28 15 32
28 16 16
28 17 6
28 18 12
28 20 14
28 21 3
28 23 18
28 27 22
29 1 19
29 3 22
29 4 8
29 6 6
29 8 36
29 11 2
29 15 4
29 17 27
29 18 21
29 23 36
29 26 35
29 28 31
30 0 1
30 1 36
30 2 38
30 6 18
30 9 2
30 10 6
30 12 5
30 13 26
30 16 36
30 17 18
30 19 14
30 20 34
30 21 4
30 22 23
30 23 38
30 24 24
30 25 33
30 29 17
31 0 27
31 2 10
31 5 35
31 6 16
31 8 27
31 9 6
31 10 27
31 12 37
31 13 20
31 17 40
31 18 26
31 20 22
31 22 36
31 25 9
31 26 32
31 27 22
31 28 29
31 30 27
32 1 30
32 3 8
32 4 39
32 8 40
32 11 39
32 15 33
32 16 17
32 17 40
32 18 13
32 21 22
32 22 4
32 23 26
32 25 39
32 28 6
32 29 13
32 30 12
33 0 20
33 1 11
33 3 38
33 4 35
33 5 1
33 6 24
33 9 3
33 11 34
33 15 16
33 16 30
33 18 9
33 19 30
33 21 29
33 24 35
33 25 26
33 26 16
33 30 16
34 0 13
34 1 5
34 4 17
34 5 5
34 8 13
34 9 26
34 12 35
34 15 14
34 18 2
34 20 22
34 25 29
34 27 33
34 30 5
34 31 18
34 33 16
35 3 1
35 5 27
35 8 20
35 9 23
35 10 30
35 11 21
35 12 30
35 14 20
35 16 7
35 18 20
35 19 24
35 20 22
35 22 27
35 28 14
35 29 2
35 30 29
35 34 3
36 1 26
36 5 31
36 6 17
36 7 13
36 8 4
36 10 35
36 11 12
36 12 21
36 15 29
36 16 35
36 17 20
36 20 12
36 21 5
36 22 40
36 23 19
36 24 38
36 27 11
36 28 17
36 29 40
36 30 22
36 31 34
36 32 16
37 0 18
37 2 37
37 3 14
37 5 14
37 6 19
37 9 36
37 11 17
37 13 33
37 14 32
37 16 33
37 21 29
37 22 2
37 23 39
37 24 16
37 26 25
37 28 3
37 29 12
37 30 35
37 31 26
37 35 21
37 36 5
38 0 10
38 1 4
38 6 4
38 9 22
38 12 39
38 13 33
38 14 40
38 17 27
38 18 35
38 19 1
38 20 34
38 21 6
38 23 29
38 25 37
38 26 30
38 29 34
38 31 4
38 32 10
38 33 9
38 36 39
39 4 17
39 5 19
39 7 28
39 12 6
39 13 33
39 19 11
39 20 12
39 22 9
39 23 6
39 24 31
39 26 40
39 27 35
39 30 10
39 31 16
39 35 1
39 37 27
