60
2 0 49
2 1 41
3 1 54
4 0 59
4 2 24
5 0 1
5 1 45
6 0 75
6 3 48
6 4 7
6 5 19
7 0 29
7 1 24
7 3 74
7 5 54
8 0 62
8 2 68
8 3 12
8 4 41
8 5 41
8 7 65
9 2 50
9 3 12
9 5 13
9 6 4
9 8 2
10 3 41
10 5 22
10 7 42
10 9 58
11 0 9
11 2 11
11 4 73
11 5 33
11 6 11
11 9 78
11 10 14
12 1 31
12 2 69
12 4 46
12 11 19
13 1 71
13 6 79
13 7 42
13 9 54
13 11 41
13 12 37
14 1 47
14 2 61
14 4 80
14 5 38
14 7 56
14 8 72
14 11 16
15 2 79
15 6 39
15 7 11
15 8 70
15 9 5
15 10 53
15 14 74
16 0 38
16 1 45
16 2 2
16 4 17
16 9 60
16 11 30
17 0 49
17 1 75
17 2 56
17 3 76
17 5 2
17 8 2
17 9 43
17 10 51
17 14 14
17 15 41
18 2 50
18 4 33
18 5 37
18 6 24
18 7 60
18 9 28
18 10 67
18 16 61
19 0 23
19 4 64
19 5 53
19 7 50
19 8 6
19 10 14
19 12 56
19 14 28
19 18 45
20 1 39
20 2 11
20 5 44
20 7 29
20 9 11
20 10 12
20 11 2
20 15 54
20 17 6
21 0 63
21 4 67
21 5 75
21 6 76
21 8 76
21 9 23
21 11 63
21 14 67
21 17 55
21 18 18
21 20 56
22 0 19
22 1 56
22 3 45
22 7 18
22 9 54
22 10 53
22 11 63
22 14 58
22 15 76
23 0 66
23 3 37
23 4 16
23 5 79
23 6 12
23 8 9
23 9 10
23 11 62
23 12 35
23 15 47
23 18 25
23 20 15
24 1 57
24 3 30
24 4 2
24 6 66
24 7 57
24 11 46
24 12 78
24 13 11
24 15 31
24 18 69
24 20 62
24 23 25
25 1 46
25 2 21
25 4 13
25 5 73
25 10 57
25 11 73
25 12 71
25 13 67
25 18 28
25 19 4
25 21 23
25 23 51
26 0 31
26 3 38
26 5 4
26 8 1
26 11 23
26 14 24
26 15 70
26 16 12
26 17 12
26 20 12
26 21 2
26 23 31
27 1 17
27 2 46
27 4 34
27 5 4
27 6 37
27 7 77
27 9 41
27 10 49
27 12 50
27 13 6
27 15 13
27 17 41
27 25 7
28 0 38
28 1 68
28 2 72
28 4 61
28 5 64
28 8 73
28 10 52
28 11 49
28 13 34
28 15 10
28 16 45
28 19 6
28 21 66
28 23 68
28 25 1
28 27 33
29 1 1
29 3 66
29 4 6
29 6 68
29 7 45
29 9 37
29 10 76
29 11 38
29 12 76
29 13 78
29 15 23
29 17 68
29 18 42
29 20 24
29 24 11
29 25 55
29 26 69
29 27 38
30 0 35
30 3 59
30 7 17
30 9 50
30 10 30
30 11 2
30 13 45
30 15 54
30 17 41
30 18 7
30 19 60
30 20 78
30 22 17
30 23 32
30 26 9
31 1 68
31 2 4
31 4 74
31 5 36
31 8 33
31 9 41
31 10 68
31 11 10
31 12 70
31 16 40
31 17 10
31 18 69
31 20 12
31 23 1
31 24 78
31 25 56
31 28 80
32 0 71
32 4 18
32 5 62
32 6 57
32 8 46
32 9 56
32 10 12
32 12 46
32 15 77
32 17 43
32 19 38
32 26 68
32 27 9
32 29 35
33 0 18
33 8 69
33 12 20
33 14 80
33 15 77
33 16 69
33 18 74
33 20 18
33 21 45
33 22 72
33 23 71
33 26 71
33 27 4
33 28 17
33 29 32
33 30 45
33 31 6
34 0 46
34 1 21
34 2 40
34 3 26
34 5 24
34 8 25
34 9 49
34 10 78
34 21 34
34 22 68
34 24 22
34 25 51
34 28 77
34 32 63
35 1 16
35 2 27
35 4 11
35 5 61
35 6 34
35 7 20
35 8 54
35 10 49
35 15 39
35 17 43
35 19 48
35 21 9
35 22 31
35 24 79
35 26 22
35 27 45
35 28 3
35 29 76
35 34 58
36 0 65
36 2 52
36 3 15
36 4 76
36 5 38
36 8 12
36 11 25
36 13 14
36 14 36
36 15 8
36 21 59
36 22 78
36 23 66
36 26 11
36 27 74
36 28 67
36 32 6
36 35 9
37 1 76
37 4 29
37 7 38
37 8 62
37 12 17
37 15 34
37 18 74
37 19 32
37 20 60
37 23 28
37 24 14
37 28 5
37 29 41
37 31 49
37 32 19
38 0 67
38 1 5
38 3 28
38 5 65
38 6 34
38 7 79
38 8 47
38 10 65
38 12 15
38 19 36
38 21 4
38 22 4
38 23 33
38 24 16
38 25 36
38 26 37
38 27 45
38 31 10
38 34 2
38 36 78
38 37 71
39 0 20
39 6 9
39 7 13
39 9 24
39 11 16
39 12 30
39 16 48
39 19 35
39 21 11
39 22 9
39 23 40
39 26 38
39 28 56
39 30 70
39 31 9
39 32 64
39 33 7
39 37 63
40 0 4
40 3 74
40 7 53
40 12 33
40 13 60
40 14 57
40 15 7
40 16 3
40 19 6
40 20 3
40 21 57
40 22 51
40 23 36
40 24 26
40 25 16
40 26 67
40 27 23
40 32 67
40 33 46
40 37 53
41 0 13
41 2 23
41 4 39
41 7 22
41 10 26
41 11 37
41 12 50
41 13 33
41 14 52
41 15 62
41 17 44
41 20 56
41 25 71
41 26 57
41 27 71
41 30 27
41 31 43
41 32 48
41 33 70
41 34 79
41 37 17
41 38 15
42 0 26
42 1 50
42 2 35
42 3 64
42 4 26
42 7 42
42 8 42
42 12 65
42 13 74
42 15 19
42 22 60
42 23 80
42 28 2
42 29 79
42 30 13
42 31 19
42 33 13
42 36 79
42 37 46
42 40 18
42 41 47
43 4 32
43 5 43
43 7 31
43 8 64
43 11 77
43 13 55
43 18 31
43 22 70
43 23 71
43 25 77
43 26 54
43 29 48
43 32 15
43 35 80
43 38 44
43 39 8
43 40 22
43 41 32
43 42 23
44 0 77
44 1 44
44 2 32
44 3 58
44 4 70
44 5 32
44 7 10
44 8 36
44 9 72
44 10 12
44 11 44
44 13 42
44 14 39
44 16 17
44 17 63
44 18 65
44 19 60
44 20 39
44 26 19
44 27 34
44 28 46
44 31 44
44 32 70
44 35 25
44 37 40
44 38 64
44 40 21
44 41 3
44 42 15
44 43 53
45 0 73
45 1 59
45 2 46
45 4 68
45 5 80
45 6 79
45 10 42
45 11 17
45 13 44
45 16 15
45 17 43
45 19 46
45 20 48
45 22 27
45 26 73
45 27 45
45 29 18
45 30 71
45 31 18
45 34 72
45 35 49
45 37 13
45 39 42
45 42 65
45 44 56
46 1 61
46 3 55
46 7 17
46 8 33
46 9 8
46 10 43
46 11 39
46 14 34
46 17 78
46 18 65
46 19 2
46 20 10
46 24 36
46 25 58
46 26 80
46 29 80
46 30 61
46 31 8
46 35 20
46 36 39
46 38 21
46 41 37
46 42 41
46 43 64
46 45 57
47 2 28
47 3 37
47 7 72
47 8 4
47 10 57
47 15 45
47 16 41
47 18 46
47 22 53
47 23 36
47 25 7
47 27 30
47 28 79
47 29 17
47 33 34
47 35 47
47 38 6
47 39 66
47 40 56
47 43 67
47 45 59
48 0 60
48 1 28
48 2 16
48 6 49
48 9 9
48 10 77
48 13 70
48 14 78
48 16 50
48 23 78
48 24 65
48 26 47
48 27 50
48 28 71
48 31 55
48 33 65
48 34 71
48 35 9
48 36 25
48 37 62
48 39 22
48 40 19
48 41 21
48 43 43
48 46 30
49 8 27
49 17 74
49 19 46
49 20 10
49 24 14
49 26 12
49 27 55
49 28 36
49 29 75
49 30 26
49 31 31
49 34 70
49 35 2
49 37 76
49 40 61
49 42 74
49 45 50
49 46 63
49 47 5
49 48 46
50 1 62
50 2 50
50 3 29
50 5 17
50 12 63
50 13 17
50 17 70
50 21 21
50 23 64
50 24 60
50 26 69
50 27 4
50 28 38
50 29 9
50 30 11
50 31 73
50 32 28
50 37 29
50 38 53
50 39 71
50 41 39
50 42 27
50 43 34
50 45 77
50 46 67
50 48 15
51 0 41
51 2 56
51 3 65
51 4 15
51 5 52
51 7 44
51 8 37
51 9 51
51 12 56
51 17 45
51 18 5
51 20 18
51 21 72
51 22 40
51 26 11
51 28 78
51 30 74
51 31 21
51 32 41
51 33 27
51 34 76
51 35 31
51 36 71
51 39 79
51 41 54
51 43 2
51 45 48
51 46 8
51 48 24
51 49 63
51 50 49
52 1 56
52 2 25
52 4 31
52 5 40
52 8 1
52 9 22
52 11 76
52 12 7
52 13 30
52 14 23
52 15 31
52 16 67
52 18 69
52 20 53
52 21 55
52 22 9
52 23 76
52 24 55
52 25 43
52 26 65
52 27 19
52 28 17
52 29 70
52 31 46
52 32 77
52 35 35
52 37 20
52 42 27
52 46 50
52 50 64
53 0 20
53 2 54
53 4 28
53 6 7
53 13 23
53 14 79
53 16 4
53 19 62
53 20 74
53 21 56
53 25 17
53 26 58
53 29 17
53 30 26
53 34 61
53 36 30
53 38 57
53 40 26
53 41 65
53 43 2
53 45 58
53 47 54
53 49 11
53 52 39
54 3 65
54 5 71
54 8 23
54 9 65
54 13 1
54 15 50
54 18 45
54 20 17
54 21 16
54 23 39
54 26 17
54 27 72
54 33 45
54 34 24
54 35 22
54 37 64
54 39 25
54 41 59
54 42 12
54 43 79
54 45 49
54 47 49
54 51 23
54 53 23
55 0 67
55 4 64
55 5 77
55 6 48
55 8 62
55 10 77
55 13 30
55 14 7
55 16 32
55 20 29
55 23 43
55 24 64
55 25 55
55 27 13
55 30 4
55 32 6
55 34 42
55 35 43
55 43 22
55 44 30
55 45 43
55 46 69
55 50 71
56 1 15
56 2 80
56 6 77
56 9 11
56 12 51
56 15 66
56 19 4
56 21 60
56 22 40
56 24 64
56 26 37
56 28 69
56 29 41
56 30 66
56 32 18
56 33 79
56 34 76
56 36 77
56 37 41
56 40 33
56 44 24
56 45 40
56 46 66
56 47 35
56 48 30
56 49 41
57 1 10
57 2 44
57 3 65
57 4 57
57 6 51
57 7 61
57 8 51
57 11 49
57 12 1
57 13 21
57 21 15
57 23 17
57 24 30
57 26 30
57 28 54
57 29 25
57 31 10
57 35 38
57 37 20
57 39 38
57 40 66
57 41 11
57 44 70
57 45 51
57 47 48
57 50 28
57 54 30
57 55 49
58 2 7
58 3 18
58 5 64
58 8 66
58 9 48
58 16 66
58 18 63
58 19 31
58 20 26
58 22 41
58 23 47
58 30 4
58 40 7
58 41 47
58 42 7
58 44 61
58 47 9
58 48 1
58 51 12
58 54 12
58 57 42
59 1 30
59 2 61
59 6 76
59 9 65
59 10 41
59 11 38
59 14 47
59 16 1
59 18 24
59 19 5
59 20 61
59 21 54
59 22 19
59 24 64
59 27 18
59 29 76
59 30 26
59 32 34
59 33 50
59 35 47
59 38 34
59 39 48
59 43 37
59 46 2
59 47 16
59 48 70
59 50 57
59 52 19
59 54 9
59 55 26
59 56 24
59 57 72
59 58 57
