20
2 1 99
3 1 55
3 2 15
4 0 36
4 1 20
4 3 25
5 4 7
6 0 71
6 3 30
6 5 92
7 0 47
7 1 18
7 2 97
7 4 74
7 5 49
8 0 20
8 2 51
8 3 16
8 4 52
8 5 63
8 6 24
8 7 8
9 0 45
10 2 3
10 3 54
10 5 15
10 7 38
10 9 65
11 1 70
11 3 28
11 6 29
11 7 89
11 8 87
11 9 15
11 10 4
12 2 19
12 3 31
12 4 38
12 5 51
12 11 5
13 0 96
13 1 24
13 3 49
13 5 6
13 7 38
13 8 67
13 9 68
13 10 27
13 12 99
14 0 63
14 1 42
14 3 74
14 4 89
14 7 5
14 8 44
14 10 77
14 11 27
14 13 11
15 1 52
15 2 55
15 3 44
15 4 85
15 8 56
15 10 14
15 11 21
15 13 47
16 2 38
16 7 1
16 8 75
16 12 45
16 13 78
17 1 31
17 2 47
17 3 26
17 4 66
17 6 63
17 7 50
17 13 58
17 16 16
18 2 7
18 4 71
18 5 84
18 7 93
18 8 75
18 11 28
18 13 30
18 14 60
18 17 91
19 0 65
19 1 5
19 3 89
19 4 71
19 5 84
19 7 25
19 8 48
19 11 70
19 12 48
19 15 46
19 16 27
