40
1 0 52
2 1 112
3 1 43
4 0 47
4 1 15
5 4 9
6 0 89
6 4 93
6 5 71
7 3 40
7 4 97
7 5 6
8 2 38
8 3 115
8 6 115
8 7 3
9 1 50
9 5 56
9 8 60
10 2 52
10 3 7
10 4 11
10 5 115
10 7 80
11 4 53
11 5 55
11 6 19
11 7 33
11 9 86
11 10 67
12 0 51
12 1 61
12 2 104
12 4 66
12 6 81
12 9 21
13 0 82
13 3 101
13 4 58
13 10 21
13 11 5
13 12 2
14 1 101
14 5 22
14 6 109
14 7 27
14 8 38
14 10 69
14 12 117
14 13 10
15 0 49
15 3 49
15 5 81
15 6 63
15 8 59
15 9 94
15 10 106
15 14 104
16 1 97
16 2 67
16 3 21
16 6 119
16 9 28
16 12 3
16 15 42
17 0 11
17 5 102
17 6 87
17 11 40
17 14 41
17 15 100
18 2 73
18 4 30
18 5 79
18 6 117
18 8 85
18 10 106
18 16 51
18 17 56
19 3 75
19 4 92
19 5 69
19 6 96
19 8 38
19 11 52
19 12 32
19 14 79
19 18 10
20 1 69
20 2 51
20 4 74
20 5 15
20 7 77
20 9 9
20 10 105
20 11 15
20 12 75
20 13 112
20 14 41
20 15 120
20 16 117
20 18 1
20 19 37
21 1 26
21 5 28
21 6 24
21 7 22
21 9 3
21 12 1
21 14 64
21 15 42
21 16 4
21 17 33
21 18 28
21 20 88
22 0 100
22 1 82
22 2 50
22 7 26
22 12 87
22 16 120
22 19 17
22 20 46
22 21 20
23 0 49
23 1 28
23 8 39
23 9 95
23 11 87
23 12 17
23 13 11
23 15 36
23 16 20
23 17 33
23 18 28
23 19 54
23 22 110
24 1 15
24 2 31
24 4 87
24 5 68
24 7 49
24 12 22
24 14 86
24 15 111
24 16 52
24 17 117
24 19 108
24 20 4
24 21 27
24 22 22
25 0 70
25 1 87
25 3 37
25 4 26
25 6 75
25 8 45
25 10 28
25 11 89
25 12 92
25 14 79
25 16 82
25 17 116
25 18 48
25 20 66
25 21 59
25 22 22
25 24 110
26 0 114
26 3 88
26 4 3
26 5 58
26 6 60
26 14 89
26 15 32
26 16 13
26 23 120
26 24 73
26 25 50
27 0 72
27 2 25
27 4 101
27 13 93
27 14 27
27 15 69
27 20 8
27 21 30
27 22 5
27 26 84
28 0 114
28 9 38
28 11 119
28 15 119
28 19 8
28 21 68
28 25 68
28 26 85
28 27 64
29 0 75
29 3 87
29 4 52
29 7 47
29 8 5
29 10 33
29 12 5
29 13 63
29 14 46
29 15 67
29 16 23
29 18 107
29 26 58
29 28 67
30 1 43
30 7 103
30 8 56
30 9 26
30 10 44
30 12 76
30 15 41
30 16 56
30 17 71
30 24 12
30 27 101
30 28 110
31 4 102
31 6 23
31 12 15
31 15 69
31 18 51
31 21 76
31 22 49
31 24 17
31 27 55
31 30 33
32 1 35
32 2 89
32 3 18
32 4 89
32 5 30
32 7 29
32 13 27
32 17 36
32 19 108
32 20 58
32 23 100
32 24 88
32 25 8
32 26 103
32 27 21
32 29 90
32 30 101
33 1 106
33 2 111
33 4 53
33 5 69
33 6 22
33 8 82
33 10 100
33 12 47
33 14 23
33 15 78
33 16 47
33 17 50
33 18 73
33 19 72
33 20 119
33 24 16
33 25 120
33 26 82
33 27 20
33 31 67
34 0 24
34 1 8
34 5 117
34 7 89
34 10 32
34 11 77
34 12 7
34 14 48
34 15 11
34 16 97
34 19 15
34 20 118
34 21 78
34 27 108
35 0 117
35 6 6
35 7 72
35 8 2
35 9 70
35 10 25
35 12 77
35 13 78
35 14 101
35 15 87
35 16 115
35 17 39
35 18 114
35 20 118
35 22 6
35 23 97
35 26 49
35 28 77
35 30 30
36 2 120
36 5 105
36 6 51
36 7 109
36 8 45
36 11 98
36 12 116
36 16 23
36 18 39
36 19 83
36 20 40
36 23 119
36 27 79
36 29 110
36 31 85
36 33 28
36 34 42
36 35 78
37 0 96
37 3 61
37 5 75
37 6 110
37 8 111
37 9 20
37 11 36
37 15 113
37 16 44
37 18 98
37 24 59
37 25 24
37 27 34
37 28 111
37 31 23
37 32 32
37 35 26
37 36 17
38 0 55
38 2 19
38 5 7
38 7 55
38 12 88
38 13 110
38 14 62
38 15 87
38 17 1
38 20 12
38 22 5
38 23 13
38 27 65
38 30 64
38 31 44
38 32 19
38 33 52
38 34 97
38 35 81
38 37 110
39 0 52
39 1 86
39 2 85
39 4 4
39 5 1
39 6 108
39 7 55
39 8 16
39 12 113
39 13 106
39 14 28
39 15 120
39 18 24
39 20 51
39 21 64
39 24 110
39 25 27
39 29 4
39 30 104
39 32 116
39 33 2
39 34 75
39 35 7
39 36 30
39 37 5
39 38 80
