70
1 0 28
3 1 51
4 0 45
4 1 77
5 3 25
5 4 38
6 4 48
6 5 21
7 2 68
7 3 6
7 5 74
7 6 42
8 1 30
8 4 61
8 6 41
8 7 41
9 1 39
9 2 26
9 8 78
10 1 53
10 2 42
10 5 62
10 6 4
10 9 26
11 1 63
11 2 39
11 7 9
11 8 50
11 9 62
11 10 80
12 0 20
12 1 20
12 4 50
12 5 51
12 7 64
12 8 40
12 9 21
12 11 1
13 1 71
13 2 30
13 4 17
13 6 43
13 10 24
13 11 8
14 3 15
14 5 56
14 6 40
14 7 53
14 8 47
14 9 7
14 11 2
14 13 8
15 0 19
15 2 1
15 4 16
15 6 13
15 7 4
15 9 79
15 13 56
15 14 30
16 0 65
16 1 61
16 2 12
16 4 29
16 7 68
16 8 7
16 9 14
16 10 72
16 11 53
16 12 7
16 13 54
16 15 73
17 2 51
17 10 70
17 15 19
18 0 80
18 1 11
18 3 23
18 4 45
18 7 41
18 9 3
18 12 32
19 0 41
19 2 27
19 3 21
19 6 19
19 8 41
19 9 8
19 10 67
19 11 26
19 12 53
19 17 76
20 3 18
20 10 47
20 11 55
20 12 44
20 13 31
20 14 46
20 15 52
20 17 12
20 19 32
21 6 34
21 7 64
21 8 71
21 9 52
21 11 20
21 14 45
21 15 73
21 16 28
21 17 57
21 18 19
21 19 51
22 1 63
22 4 9
22 9 26
22 10 38
22 14 12
22 17 36
22 18 56
22 21 14
23 0 14
23 2 66
23 6 34
23 7 77
23 8 31
23 9 13
23 10 12
23 13 43
23 14 67
23 16 18
23 17 29
23 18 23
23 20 34
23 21 53
24 2 73
24 4 22
24 5 46
24 6 33
24 9 10
24 10 42
24 11 60
24 12 54
24 16 39
24 18 49
24 20 44
24 21 9
24 22 55
24 23 60
25 3 3
25 5 15
25 6 10
25 8 67
25 10 5
25 12 2
25 14 44
25 19 65
25 21 35
25 22 38
25 23 69
25 24 12
26 0 68
26 3 79
26 4 40
26 5 30
26 8 63
26 9 23
26 10 30
26 14 6
26 15 41
26 18 51
26 20 5
26 21 46
26 25 56
27 3 72
27 5 52
27 6 11
27 8 28
27 12 38
27 13 39
27 14 35
27 17 7
27 19 6
27 22 18
27 25 26
28 2 63
28 6 53
28 10 27
28 11 45
28 13 61
28 14 3
28 15 58
28 16 79
28 17 34
28 20 25
28 21 4
28 22 9
28 23 78
28 24 71
28 25 59
28 27 17
29 1 24
29 3 36
29 4 28
29 6 2
29 10 21
29 11 58
29 12 14
29 13 65
29 18 47
29 19 65
29 20 41
29 22 39
29 23 44
29 25 60
30 0 11
30 1 60
30 3 12
30 7 16
30 9 40
30 11 28
30 13 38
30 14 20
30 15 35
30 21 31
30 25 77
30 26 53
30 28 7
30 29 23
31 4 58
31 6 52
31 7 33
31 9 20
31 12 49
31 13 67
31 14 51
31 16 74
31 19 12
31 20 24
31 23 55
31 25 51
31 26 4
31 28 61
32 0 69
32 1 70
32 2 60
32 5 67
32 6 80
32 7 50
32 8 40
32 9 20
32 11 12
32 12 64
32 13 21
32 14 10
32 16 78
32 21 6
32 23 9
32 24 1
32 28 80
32 30 49
33 1 31
33 3 17
33 4 58
33 5 66
33 6 56
33 10 37
33 11 9
33 12 12
33 15 34
33 16 19
33 21 54
33 24 71
33 25 47
33 27 46
33 28 1
33 29 42
33 32 46
34 0 71
34 6 27
34 7 39
34 8 57
34 9 10
34 11 52
34 13 42
34 15 20
34 17 32
34 18 19
34 20 51
34 21 26
34 22 5
34 23 42
34 24 6
34 28 72
34 31 73
34 32 5
35 0 75
35 2 1
35 4 10
35 9 39
35 10 69
35 11 37
35 12 55
35 14 12
35 17 21
35 18 80
35 19 69
35 20 31
35 22 49
35 23 18
35 24 55
35 26 74
35 28 74
35 34 10
36 0 52
36 1 12
36 5 15
36 7 2
36 8 26
36 12 73
36 14 36
36 16 63
36 21 30
36 24 51
36 28 10
36 33 60
37 0 39
37 1 19
37 5 62
37 6 36
37 7 61
37 9 31
37 12 71
37 13 14
37 14 5
37 15 70
37 16 7
37 17 27
37 18 34
37 19 68
37 20 67
37 21 50
37 25 40
37 27 69
37 28 18
37 29 2
37 30 22
37 32 10
37 33 77
37 34 24
37 36 61
38 0 16
38 1 71
38 2 36
38 3 45
38 5 11
38 6 43
38 7 31
38 8 16
38 9 40
38 10 46
38 12 28
38 13 54
38 15 64
38 16 79
38 17 14
38 19 70
38 24 46
38 26 59
38 29 7
38 30 8
38 33 9
38 34 44
39 1 29
39 2 57
39 3 32
39 4 69
39 6 53
39 7 48
39 8 36
39 9 54
39 10 68
39 14 39
39 15 73
39 20 27
39 22 58
39 23 34
39 24 25
39 29 35
39 32 19
39 33 6
39 34 30
39 36 14
39 38 77
40 0 77
40 1 4
40 2 75
40 3 28
40 4 19
40 5 62
40 6 50
40 7 77
40 8 46
40 9 65
40 10 29
40 11 35
40 13 71
40 15 62
40 17 45
40 18 33
40 19 77
40 20 14
40 21 65
40 24 80
40 25 17
40 28 41
40 32 40
40 33 21
40 36 28
40 37 17
40 38 54
40 39 65
41 2 65
41 4 11
41 5 23
41 10 9
41 12 25
41 13 28
41 14 47
41 15 20
41 16 47
41 18 34
41 19 73
41 21 46
41 24 37
41 25 41
41 27 11
41 32 70
41 33 27
41 34 34
41 35 3
41 36 78
41 37 78
41 39 15
42 2 39
42 4 77
42 6 61
42 7 17
42 9 46
42 10 38
42 11 51
42 13 29
42 14 13
42 15 7
42 19 59
42 20 27
42 21 63
42 23 23
42 24 14
42 30 60
42 31 76
42 35 25
42 38 8
42 40 33
43 1 71
43 4 38
43 5 11
43 9 24
43 12 23
43 13 45
43 16 2
43 19 48
43 21 47
43 22 10
43 23 21
43 24 79
43 25 78
43 26 41
43 28 55
43 30 53
43 31 21
43 32 41
43 34 37
43 35 15
43 36 18
43 37 42
43 38 67
43 40 48
43 42 26
44 1 68
44 2 43
44 5 40
44 6 1
44 8 47
44 11 13
44 13 13
44 16 22
44 18 15
44 20 15
44 22 42
44 25 1
44 27 29
44 29 67
44 32 74
44 35 32
44 36 32
44 38 28
44 40 72
44 41 68
45 1 38
45 5 45
45 7 48
45 9 69
45 12 55
45 15 66
45 16 22
45 17 3
45 18 67
45 19 65
45 21 50
45 25 32
45 28 32
45 29 22
45 31 62
45 32 59
45 33 9
45 34 13
45 36 59
45 39 40
45 40 13
45 44 5
46 0 69
46 2 60
46 3 78
46 5 44
46 7 54
46 8 59
46 10 62
46 11 7
46 13 12
46 15 27
46 17 44
46 19 67
46 20 6
46 21 27
46 24 70
46 25 1
46 26 80
46 28 28
46 29 18
46 31 30
46 32 75
46 34 46
46 35 4
46 38 27
46 39 52
46 40 51
46 42 28
46 43 38
46 44 80
46 45 58
47 1 74
47 3 49
47 5 24
47 6 27
47 8 37
47 9 61
47 11 68
47 12 16
47 13 11
47 15 59
47 16 59
47 17 52
47 18 34
47 19 56
47 20 15
47 21 77
47 22 10
47 23 48
47 24 64
47 25 73
47 27 40
47 28 76
47 30 54
47 31 54
47 32 1
47 33 36
47 34 71
47 36 16
47 37 50
47 39 43
47 40 14
47 41 72
47 43 70
47 46 27
48 0 57
48 1 34
48 3 7
48 5 80
48 6 72
48 8 80
48 9 9
48 10 61
48 12 46
48 16 1
48 17 46
48 21 62
48 22 22
48 23 47
48 27 17
48 29 55
48 33 35
48 35 52
48 37 2
48 38 25
48 40 72
48 43 11
49 0 74
49 1 68
49 2 71
49 8 34
49 11 34
49 12 39
49 13 15
49 14 34
49 18 14
49 19 70
49 20 29
49 24 7
49 27 77
49 28 43
49 29 5
49 30 19
49 32 37
49 34 63
49 36 67
49 37 14
49 39 56
49 42 49
49 47 22
49 48 17
50 1 31
50 3 41
50 6 22
50 7 29
50 9 33
50 11 50
50 12 43
50 14 71
50 15 46
50 16 11
50 18 44
50 19 58
50 22 52
50 27 27
50 28 49
50 30 33
50 31 31
50 35 7
50 40 38
50 43 50
50 45 43
50 46 26
50 47 57
50 48 23
50 49 43
51 0 15
51 1 16
51 2 70
51 7 49
51 11 67
51 12 70
51 13 52
51 16 79
51 18 46
51 22 67
51 26 23
51 27 12
51 34 54
51 35 73
51 37 2
51 44 67
51 45 43
51 48 8
51 49 11
51 50 66
52 0 44
52 9 30
52 12 65
52 14 32
52 16 33
52 20 77
52 21 62
52 23 66
52 24 47
52 30 35
52 31 13
52 33 12
52 35 14
52 37 30
52 38 2
52 41 20
52 42 53
52 43 8
52 44 34
52 46 21
53 0 19
53 2 66
53 3 23
53 4 74
53 5 70
53 7 62
53 8 77
53 9 39
53 10 10
53 12 72
53 14 48
53 16 26
53 19 34
53 21 75
53 23 19
53 24 1
53 26 21
53 27 2
53 28 4
53 31 33
53 32 69
53 33 58
53 34 68
53 36 79
53 37 8
53 38 63
53 41 29
53 42 13
53 44 13
53 45 58
53 46 31
53 47 43
53 48 66
53 49 32
53 50 4
53 51 2
54 1 76
54 2 57
54 3 46
54 9 56
54 11 69
54 12 52
54 13 69
54 14 4
54 22 78
54 30 78
54 35 37
54 37 41
54 38 51
54 39 35
54 40 42
54 42 5
54 45 74
54 46 27
54 47 21
54 51 13
55 0 33
55 3 74
55 4 53
55 7 14
55 13 39
55 14 73
55 15 34
55 16 22
55 17 24
55 19 35
55 21 20
55 22 33
55 23 7
55 24 59
55 25 71
55 28 52
55 29 66
55 30 67
55 32 53
55 35 76
55 36 17
55 38 61
55 39 52
55 40 58
55 43 12
55 44 41
55 45 23
55 46 80
55 47 58
55 48 46
55 54 9
56 1 75
56 2 10
56 4 72
56 6 59
56 7 12
56 10 79
56 14 60
56 16 3
56 17 40
56 18 17
56 19 26
56 22 74
56 23 65
56 25 52
56 31 45
56 34 47
56 36 58
56 37 31
56 38 74
56 42 50
56 43 44
56 44 80
56 47 52
56 49 28
56 53 16
56 54 48
56 55 74
57 4 48
57 5 72
57 6 76
57 8 77
57 10 13
57 15 17
57 16 23
57 18 78
57 19 20
57 21 63
57 23 25
57 25 79
57 26 50
57 28 42
57 29 32
57 33 68
57 34 80
57 35 67
57 38 23
57 39 64
57 41 17
57 44 67
57 46 4
57 48 14
57 49 68
57 50 72
57 51 11
57 52 60
57 53 24
57 55 60
58 3 5
58 4 24
58 5 40
58 10 44
58 12 50
58 13 50
58 15 68
58 16 4
58 17 3
58 18 64
58 20 12
58 21 6
58 22 79
58 25 71
58 26 35
58 27 61
58 28 42
58 30 7
58 31 26
58 32 80
58 35 71
58 36 42
58 37 26
58 38 15
58 42 25
58 43 43
58 48 47
58 50 36
58 52 4
58 53 59
58 54 27
58 55 10
58 56 30
59 0 64
59 1 80
59 2 18
59 4 52
59 7 42
59 9 16
59 14 57
59 16 40
59 17 1
59 19 10
59 21 7
59 22 65
59 23 49
59 24 10
59 26 64
59 28 71
59 36 33
59 39 42
59 41 41
59 42 45
59 43 13
59 44 16
59 48 32
59 49 14
59 50 20
59 51 15
59 55 34
59 57 8
59 58 48
60 0 29
60 1 63
60 2 44
60 4 38
60 5 75
60 6 18
60 7 7
60 9 38
60 10 9
60 11 15
60 12 50
60 13 31
60 14 63
60 18 39
60 19 62
60 26 40
60 32 70
60 33 16
60 35 4
60 38 80
60 41 80
60 45 62
60 47 72
60 50 73
60 51 21
60 54 52
60 56 67
60 58 71
61 0 32
61 4 62
61 5 46
61 6 41
61 7 80
61 8 58
61 9 22
61 12 45
61 13 42
61 16 23
61 21 16
61 23 70
61 27 45
61 29 14
61 30 75
61 31 25
61 32 7
61 33 16
61 35 62
61 36 60
61 39 5
61 41 10
61 45 66
61 47 30
61 48 39
61 50 56
61 52 21
61 55 79
61 57 26
61 59 54
62 1 16
62 2 50
62 5 75
62 6 38
62 7 53
62 8 9
62 12 22
62 13 19
62 16 54
62 19 43
62 22 56
62 24 22
62 27 11
62 28 28
62 29 29
62 37 21
62 38 22
62 39 69
62 40 4
62 46 46
62 47 9
62 48 8
62 50 35
62 53 62
62 55 20
62 57 62
63 0 37
63 2 33
63 4 35
63 8 64
63 9 10
63 13 53
63 15 69
63 19 10
63 20 27
63 21 40
63 24 47
63 25 76
63 27 25
63 28 30
63 29 7
63 30 4
63 31 24
63 33 25
63 34 69
63 37 52
63 38 62
63 39 52
63 40 42
63 42 23
63 44 67
63 45 53
63 46 63
63 47 38
63 48 39
63 49 60
63 53 53
63 59 78
63 61 33
63 62 13
64 0 22
64 1 44
64 2 39
64 3 49
64 5 27
64 6 71
64 7 70
64 11 78
64 15 3
64 17 30
64 19 25
64 20 29
64 23 3
64 27 56
64 28 5
64 29 25
64 30 69
64 31 22
64 32 48
64 33 9
64 36 39
64 37 2
64 38 77
64 39 22
64 40 44
64 41 20
64 42 30
64 44 11
64 48 44
64 49 79
64 50 76
64 52 22
64 55 5
64 58 52
64 59 60
64 63 56
65 0 52
65 3 49
65 7 17
65 13 72
65 14 31
65 15 26
65 17 41
65 18 48
65 20 75
65 22 69
65 23 55
65 24 21
65 26 20
65 27 20
65 28 17
65 29 26
65 31 35
65 34 32
65 35 51
65 37 79
65 38 66
65 41 5
65 42 18
65 44 28
65 46 58
65 48 1
65 49 4
65 57 22
65 59 10
65 63 65
66 1 40
66 3 14
66 5 3
66 6 34
66 7 3
66 8 42
66 12 39
66 13 24
66 14 61
66 17 55
66 19 32
66 20 22
66 22 60
66 26 1
66 29 7
66 31 78
66 34 78
66 37 41
66 38 60
66 39 13
66 40 68
66 41 75
66 42 8
66 43 23
66 47 47
66 48 79
66 49 64
66 52 60
66 53 18
66 57 15
66 61 49
66 62 37
66 63 35
67 0 24
67 2 47
67 4 78
67 9 33
67 10 69
67 11 24
67 14 40
67 15 15
67 16 47
67 18 16
67 19 60
67 21 16
67 22 41
67 25 56
67 26 18
67 27 62
67 30 25
67 32 20
67 36 24
67 37 78
67 38 16
67 39 29
67 42 11
67 44 20
67 47 59
67 50 52
67 51 15
67 54 67
67 55 39
67 59 17
67 61 12
67 62 11
67 63 40
67 64 40
67 65 55
67 66 56
68 0 60
68 1 9
68 5 60
68 11 59
68 12 28
68 15 35
68 16 53
68 17 12
68 19 13
68 20 17
68 21 26
68 23 48
68 24 77
68 25 35
68 27 35
68 32 53
68 34 15
68 36 2
68 37 7
68 39 29
68 41 41
68 42 36
68 44 77
68 45 32
68 47 78
68 50 16
68 53 60
68 54 2
68 55 38
68 56 70
68 57 36
68 60 62
68 65 48
68 66 46
68 67 42
69 1 59
69 2 64
69 3 39
69 9 60
69 11 63
69 13 66
69 14 48
69 15 62
69 16 37
69 17 4
69 24 37
69 27 55
69 28 62
69 29 46
69 33 52
69 34 39
69 36 37
69 38 19
69 39 38
69 43 77
69 45 74
69 50 77
69 51 50
69 54 37
69 55 62
69 56 29
69 57 8
69 58 53
69 59 68
69 61 79
69 62 80
69 65 67
69 67 69
69 68 32
