20
2 1 5
3 0 11
3 1 30
3 2 21
4 0 40
5 1 29
5 2 23
5 4 2
6 1 15
6 2 8
6 3 15
6 4 21
6 5 28
7 0 26
7 1 37
7 3 13
7 6 31
8 7 2
9 0 36
9 5 31
9 6 2
9 7 11
10 6 27
10 7 4
10 9 8
11 0 40
11 1 28
11 2 37
11 3 21
11 4 12
11 6 37
11 8 15
11 9 25
11 10 27
12 5 2
12 7 38
12 8 26
12 9 29
13 0 15
13 3 6
13 5 17
13 6 12
13 7 39
13 10 3
13 11 20
13 12 12
14 2 28
14 7 22
14 8 40
14 10 9
14 12 36
14 13 10
15 1 17
15 5 36
15 6 36
15 7 25
15 8 17
15 9 40
15 11 2
15 12 30
16 0 25
16 2 37
16 3 29
16 6 24
16 7 35
16 9 7
16 13 17
17 1 5
17 2 10
17 3 4
17 6 37
17 7 16
17 8 7
17 16 2
18 0 32
18 2 24
18 6 12
18 9 40
18 13 24
18 16 11
18 17 8
19 6 30
19 8 33
19 10 28
19 11 17
19 12 40
19 16 26
19 17 7
19 18 30
