30
1 0 57
3 0 47
3 1 43
3 2 60
4 1 34
4 2 16
4 3 38
5 0 19
6 0 32
6 1 9
6 4 12
6 5 2
7 0 42
7 4 32
7 5 40
7 6 4
8 0 26
8 2 24
8 5 12
8 6 17
9 0 47
9 1 41
9 4 52
9 5 50
9 6 49
10 1 10
10 2 39
10 9 13
11 0 35
11 4 41
11 5 20
11 6 30
11 7 2
11 9 13
12 0 3
12 2 60
12 3 16
12 4 1
12 5 35
12 8 54
12 9 28
12 10 1
13 0 11
13 2 30
13 4 17
13 5 29
13 6 26
13 7 23
13 9 56
13 10 21
13 11 43
13 12 29
14 0 20
14 2 4
14 3 37
14 4 52
14 5 55
14 6 2
14 13 39
15 2 59
15 4 19
15 5 17
15 6 19
15 7 26
15 8 10
15 9 11
15 11 13
16 2 55
16 3 40
16 5 13
16 6 5
16 8 57
16 9 40
16 14 28
16 15 47
17 0 50
17 4 31
17 6 1
17 9 41
17 10 48
17 12 56
17 13 18
17 14 32
18 5 4
18 6 30
18 8 28
18 9 4
18 17 44
19 0 12
19 1 53
19 2 38
19 4 1
19 5 41
19 10 11
19 11 55
19 14 31
19 17 42
19 18 58
20 2 29
20 3 47
20 5 17
20 10 5
20 17 13
20 18 57
21 0 17
21 1 43
21 2 16
21 5 20
21 7 9
21 8 39
21 9 60
21 10 12
21 13 13
21 17 56
21 19 41
21 20 44
22 1 44
22 3 7
22 4 28
22 6 29
22 7 9
22 8 12
22 9 24
22 10 10
22 11 4
22 12 57
22 16 33
22 17 26
22 18 19
22 20 33
23 1 28
23 3 60
23 4 60
23 6 42
23 7 20
23 9 8
23 12 30
23 13 25
23 15 5
23 17 56
23 19 40
23 20 48
23 22 8
24 0 51
24 2 51
24 4 16
24 6 48
24 7 31
24 9 42
24 11 40
24 12 8
24 13 37
24 14 56
24 15 8
24 16 15
24 17 49
24 19 31
24 20 56
24 22 31
24 23 46
25 1 15
25 3 17
25 5 40
25 8 37
25 9 55
25 10 40
25 13 45
25 18 49
26 0 56
26 1 49
26 3 14
26 5 44
26 7 44
26 9 46
26 10 9
26 11 49
26 13 35
26 16 27
26 18 14
26 19 13
26 23 30
26 24 9
26 25 1
27 1 21
27 2 23
27 8 26
27 9 8
27 11 34
27 12 48
27 20 18
27 22 41
27 26 15
28 0 49
28 1 46
28 2 31
28 3 11
28 4 20
28 7 46
28 8 33
28 9 3
28 14 49
28 17 41
28 18 38
28 19 20
28 20 21
28 23 4
28 25 22
28 26 47
29 0 7
29 1 15
29 2 2
29 4 45
29 9 50
29 11 26
29 13 38
29 16 24
29 17 10
29 19 56
29 21 53
29 22 7
29 25 46
29 27 24
29 28 43
