50
1 0 12
2 0 38
2 1 1
3 0 13
4 0 19
4 1 37
5 0 55
5 2 33
5 4 16
6 0 15
6 1 17
6 3 17
6 4 36
6 5 55
7 0 20
7 1 39
7 6 22
8 1 37
8 6 50
9 0 27
9 1 35
9 2 44
9 3 43
9 5 43
9 7 50
9 8 1
10 4 53
10 6 28
10 8 44
11 1 19
11 3 26
11 4 55
11 9 48
11 10 5
12 1 60
12 3 31
12 9 31
13 2 16
13 3 49
13 4 55
13 5 49
13 7 4
13 11 22
14 2 53
14 6 2
14 9 32
14 10 21
14 11 41
14 12 28
15 1 34
15 2 41
15 3 19
15 4 32
15 5 46
15 6 35
15 7 27
15 8 13
15 9 42
15 10 37
15 12 12
15 13 52
15 14 6
16 1 22
16 2 23
16 5 8
16 6 9
16 7 15
16 10 36
16 12 56
16 14 56
17 0 7
17 3 25
17 4 41
17 6 24
17 8 11
17 9 11
17 10 10
17 11 33
17 12 35
17 13 13
17 15 4
18 1 49
18 3 54
18 4 43
18 5 44
18 9 4
18 11 5
18 15 27
19 0 48
19 3 34
19 4 25
19 7 47
19 8 15
19 9 45
19 13 31
19 14 49
19 18 14
20 0 21
20 4 50
20 6 56
20 7 35
20 14 32
20 15 21
20 17 45
20 18 46
21 2 55
21 4 2
21 7 25
21 10 26
21 11 40
21 14 10
21 19 32
22 0 42
22 1 52
22 3 51
22 8 47
22 9 30
22 10 31
22 12 33
22 13 16
22 15 57
22 16 7
22 17 19
22 18 1
22 21 53
23 1 30
23 6 6
23 7 58
23 10 54
23 11 58
23 12 12
23 13 57
23 16 11
23 18 19
23 19 25
23 20 17
23 21 53
24 1 44
24 3 24
24 4 3
24 7 37
24 8 15
24 10 37
24 14 16
24 16 57
24 17 16
24 23 17
25 0 10
25 2 60
25 3 28
25 5 53
25 6 53
25 10 37
25 13 56
25 14 48
25 15 51
25 16 32
25 17 58
25 19 39
26 0 33
26 1 55
26 3 16
26 4 15
26 5 58
26 6 7
26 7 55
26 8 9
26 9 44
26 11 38
26 12 41
26 13 38
26 14 18
26 16 21
26 17 40
26 18 43
26 19 32
26 21 50
26 22 47
26 23 41
26 24 15
26 25 24
27 2 25
27 4 35
27 5 15
27 6 27
27 7 13
27 8 29
27 9 11
27 12 29
27 13 4
27 17 17
27 19 58
27 21 20
27 22 13
27 23 12
27 24 6
27 25 46
27 26 28
28 1 55
28 2 5
28 3 20
28 4 43
28 6 46
28 7 43
28 8 9
28 14 14
28 19 24
28 21 19
28 22 60
28 23 60
28 27 60
29 1 31
29 2 47
29 7 41
29 8 20
29 9 42
29 12 4
29 13 29
29 14 60
29 15 19
29 17 55
29 20 13
29 23 14
29 26 42
29 27 47
30 1 8
30 4 34
30 5 23
30 9 41
30 10 40
30 11 27
30 14 16
30 15 5
30 18 31
30 19 51
30 21 27
30 23 3
30 24 38
30 25 25
30 27 48
30 28 19
30 29 5
31 2 4
31 4 59
31 6 13
31 9 18
31 10 7
31 11 32
31 12 21
31 16 14
31 22 14
31 24 25
31 25 6
31 27 3
31 30 14
32 1 8
32 2 41
32 3 22
32 4 35
32 8 59
32 9 32
32 11 8
32 12 1
32 15 49
32 16 1
32 18 48
32 21 42
32 22 39
32 24 41
32 26 3
32 27 42
32 28 15
32 30 33
32 31 30
33 1 51
33 2 14
33 3 55
33 4 34
33 5 5
33 10 6
33 11 19
33 14 5
33 15 29
33 17 36
33 22 5
33 24 53
33 27 6
33 28 29
33 29 18
34 0 40
34 2 12
34 4 25
34 6 53
34 7 17
34 9 14
34 12 20
34 14 25
34 16 58
34 18 58
34 19 32
34 20 49
34 22 21
34 23 6
34 24 19
34 25 53
34 26 20
34 28 51
34 29 55
34 31 49
34 32 53
35 0 52
35 1 26
35 3 18
35 6 24
35 7 14
35 8 8
35 9 32
35 11 10
35 12 42
35 13 26
35 15 56
35 17 23
35 20 54
35 21 14
35 22 6
35 27 54
35 28 24
35 29 49
35 32 36
35 33 38
35 34 8
36 3 51
36 4 59
36 5 52
36 6 4
36 7 13
36 11 58
36 16 53
36 20 31
36 23 53
36 24 51
36 26 43
36 29 13
36 31 39
36 32 12
36 33 56
36 35 47
37 0 19
37 2 13
37 5 24
37 6 41
37 7 11
37 9 54
37 12 52
37 15 5
37 19 41
37 20 54
37 22 39
37 24 33
37 29 10
37 31 2
37 32 47
37 34 14
37 36 45
38 1 43
38 3 29
38 5 44
38 7 52
38 8 54
38 9 4
38 10 38
38 11 8
38 14 22
38 17 35
38 19 12
38 20 54
38 21 46
38 23 18
38 24 51
38 27 26
38 28 43
38 29 21
38 31 19
39 0 35
39 1 10
39 2 3
39 3 36
39 6 27
39 7 57
39 9 52
39 10 29
39 12 30
39 13 56
39 16 58
39 17 13
39 19 23
39 20 17
39 22 54
39 25 15
39 27 18
39 29 56
39 30 43
39 33 23
39 34 18
39 35 6
39 36 53
39 37 29
40 0 20
40 4 25
40 6 45
40 8 22
40 10 21
40 13 9
40 14 57
40 15 33
40 16 56
40 19 20
40 20 36
40 22 9
40 24 39
40 27 5
40 28 54
40 29 24
40 30 27
40 32 18
40 35 23
40 36 42
40 37 35
40 38 52
40 39 58
41 0 33
41 2 57
41 3 28
41 9 18
41 10 17
41 12 4
41 16 41
41 17 35
41 18 52
41 19 28
41 24 7
41 26 49
41 31 12
41 33 41
41 34 25
41 35 5
41 36 8
41 38 53
42 1 1
42 4 6
42 5 27
42 11 11
42 12 44
42 13 29
42 15 58
42 16 60
42 18 50
42 19 60
42 20 24
42 21 25
42 24 50
42 25 6
42 29 33
42 31 39
42 33 29
42 35 14
42 37 59
42 39 2
42 40 4
43 0 51
43 1 55
43 4 13
43 5 1
43 6 37
43 9 15
43 12 48
43 15 47
43 16 16
43 24 55
43 25 45
43 27 7
43 28 54
43 30 20
43 31 54
43 32 34
43 33 12
43 34 57
43 35 19
43 36 42
43 37 58
43 39 5
43 40 6
43 42 17
44 1 25
44 2 16
44 6 12
44 8 30
44 10 43
44 13 13
44 15 34
44 16 17
44 21 58
44 23 52
44 26 22
44 30 28
44 32 14
44 33 17
44 34 25
44 38 38
44 43 6
45 0 23
45 1 52
45 8 60
45 9 27
45 10 60
45 11 36
45 12 57
45 13 13
45 16 24
45 17 33
45 21 53
45 23 32
45 28 47
45 29 14
45 30 23
45 32 30
45 33 28
45 34 4
45 38 45
45 40 12
45 42 5
45 43 41
46 2 5
46 4 37
46 9 20
46 13 9
46 14 22
46 15 4
46 18 56
46 21 32
46 23 45
46 24 53
46 25 16
46 26 59
46 28 44
46 31 6
46 32 26
46 35 7
46 37 36
46 38 32
46 41 42
46 43 34
47 0 11
47 2 9
47 3 21
47 5 5
47 6 49
47 11 9
47 12 31
47 13 9
47 16 20
47 19 31
47 21 47
47 22 54
47 26 46
47 28 29
47 29 2
47 31 4
47 32 59
47 33 16
47 34 11
47 35 42
47 36 17
47 37 37
47 42 21
47 45 19
47 46 26
48 2 33
48 4 9
48 5 38
48 7 15
48 8 57
48 9 13
48 11 52
48 12 26
48 13 2
48 19 53
48 22 24
48 23 32
48 24 53
48 27 58
48 28 52
48 29 22
48 30 24
48 31 29
48 32 45
48 33 57
48 38 49
48 39 34
48 41 39
48 42 43
48 44 15
48 47 38
49 0 18
49 1 33
49 2 52
49 4 10
49 7 22
49 8 30
49 9 38
49 12 16
49 14 36
49 16 52
49 18 23
49 19 38
49 21 60
49 22 22
49 24 55
49 27 9
49 30 53
49 33 37
49 35 4
49 36 19
49 37 47
49 38 31
49 40 18
49 41 54
49 45 19
49 46 11
49 48 46
