60
2 0 38
3 1 30
4 0 15
5 1 24
6 0 4
6 1 27
6 2 24
6 3 4
6 5 13
7 1 28
7 3 27
7 5 7
7 6 23
8 0 36
8 1 38
8 2 21
8 4 16
8 5 3
8 6 15
8 7 23
9 2 19
9 3 4
9 4 36
9 5 33
9 6 3
9 8 4
10 5 39
10 8 22
11 0 17
11 4 18
11 5 18
11 6 29
11 8 15
11 9 24
12 1 1
12 4 5
12 5 7
12 6 19
12 9 35
12 10 30
12 11 16
13 0 39
13 1 2
13 2 34
13 4 19
13 5 3
13 7 10
13 8 38
13 9 36
13 10 3
13 12 37
14 2 32
14 5 30
14 6 23
14 7 23
14 8 4
14 13 23
15 3 3
15 4 6
15 5 38
15 6 25
15 9 34
15 13 39
16 0 10
16 1 10
16 2 9
16 4 20
16 5 10
16 7 34
16 14 12
17 1 23
17 2 7
17 5 20
17 7 10
17 8 27
17 10 24
17 12 3
17 14 23
17 15 19
18 0 9
18 2 8
18 4 13
18 5 2
18 6 17
18 8 35
18 9 8
18 15 23
18 16 20
19 0 14
19 1 33
19 4 17
19 6 15
19 7 40
19 9 5
19 10 3
19 13 39
19 14 9
19 15 39
19 16 31
19 17 7
19 18 8
20 1 26
20 3 34
20 4 3
20 6 33
20 8 25
20 10 31
20 11 40
20 13 37
20 14 4
20 16 28
20 17 23
21 1 18
21 2 12
21 6 22
21 7 34
21 8 14
21 9 17
21 10 15
21 11 39
21 13 21
21 19 40
21 20 16
22 0 14
22 5 6
22 7 21
22 8 8
22 9 40
22 11 35
22 12 4
22 15 31
22 18 3
22 20 5
23 1 26
23 2 37
23 3 22
23 4 24
23 6 6
23 7 39
23 10 17
23 11 39
23 12 25
23 14 7
23 15 37
23 16 20
23 17 29
23 18 22
23 20 27
23 21 15
23 22 13
24 0 14
24 3 29
24 5 22
24 6 36
24 9 31
24 11 27
24 12 10
24 14 30
24 16 13
24 20 10
24 21 19
24 22 26
24 23 14
25 0 22
25 5 39
25 7 22
25 9 7
25 13 30
25 14 13
25 15 22
25 16 26
25 17 32
25 19 18
25 21 32
25 23 36
26 3 15
26 4 36
26 6 40
26 8 33
26 9 20
26 11 7
26 12 23
26 13 7
26 17 16
26 21 23
27 2 37
27 3 8
27 4 1
27 5 40
27 6 8
27 7 29
27 8 6
27 9 39
27 12 33
27 14 2
27 17 3
27 19 39
27 21 1
27 22 14
27 26 6
28 0 37
28 1 25
28 3 2
28 4 10
28 5 34
28 8 29
28 11 4
28 12 29
28 13 4
28 17 6
28 18 2
28 20 18
28 23 23
28 25 36
28 26 5
29 1 2
29 3 18
29 6 17
29 7 7
29 11 40
29 15 21
29 18 5
29 21 35
29 22 23
29 24 34
29 27 7
29 28 21
30 0 25
30 1 19
30 2 25
30 3 33
30 4 40
30 5 26
30 6 4
30 7 36
30 8 5
30 10 13
30 11 22
30 14 36
30 16 4
30 17 32
30 18 29
30 19 39
30 21 25
30 23 28
30 24 39
30 28 7
31 0 28
31 1 14
31 2 39
31 9 11
31 11 31
31 12 4
31 15 2
31 17 12
31 19 37
31 21 13
31 23 16
31 29 11
32 2 6
32 3 5
32 4 24
32 6 29
32 7 20
32 8 12
32 11 4
32 13 4
32 14 25
32 15 28
32 18 23
32 19 25
32 20 6
32 21 15
32 22 18
32 27 30
32 28 26
32 31 40
33 0 9
33 1 20
33 2 9
33 4 16
33 5 17
33 6 35
33 7 6
33 11 1
33 12 3
33 13 4
33 14 36
33 17 5
33 18 20
33 23 36
33 24 13
33 26 1
33 32 1
34 3 30
34 6 27
34 8 30
34 9 27
34 11 22
34 14 33
34 17 37
34 21 26
34 22 24
34 24 25
34 28 13
34 31 3
34 32 18
35 1 14
35 3 28
35 4 14
35 5 20
35 6 12
35 10 18
35 14 37
35 15 16
35 19 30
35 21 5
35 24 23
35 27 32
35 32 1
36 1 5
36 2 7
36 3 3
36 4 37
36 6 36
36 7 23
36 10 26
36 12 6
36 18 39
36 24 14
36 25 28
36 27 12
36 32 39
36 33 35
36 34 18
36 35 19
37 0 1
37 2 10
37 8 30
37 9 39
37 10 6
37 13 16
37 14 3
37 15 12
37 19 34
37 20 12
37 22 26
37 23 19
37 26 18
37 27 28
37 29 36
37 30 8
37 31 21
38 1 8
38 2 17
38 3 39
38 7 4
38 8 26
38 9 20
38 10 19
38 11 8
38 17 34
38 18 6
38 20 1
38 28 40
38 31 39
38 32 8
38 35 7
38 36 16
39 1 34
39 2 8
39 3 16
39 5 11
39 8 22
39 10 35
39 12 27
39 13 18
39 14 39
39 16 14
39 17 39
39 18 24
39 20 31
39 22 25
39 24 39
39 26 3
39 28 14
39 29 16
39 31 25
39 33 27
39 34 21
39 35 12
39 38 34
40 0 7
40 7 6
40 8 36
40 9 24
40 10 35
40 11 20
40 13 18
40 14 30
40 15 24
40 19 35
40 20 4
40 24 10
40 25 40
40 26 17
40 32 21
40 37 27
41 0 29
41 1 6
41 3 37
41 5 36
41 6 38
41 7 17
41 9 18
41 11 23
41 12 12
41 13 40
41 14 36
41 15 29
41 16 30
41 18 35
41 20 32
41 21 37
41 23 28
41 28 37
41 29 7
41 33 8
41 35 34
41 36 10
41 37 7
41 38 19
42 2 17
42 6 31
42 9 18
42 10 9
42 12 5
42 13 2
42 14 22
42 17 29
42 18 40
42 19 22
42 21 26
42 22 37
42 23 9
42 24 8
42 25 24
42 26 25
42 27 20
42 29 8
42 30 34
42 33 31
42 34 26
42 36 31
43 0 18
43 2 1
43 3 2
43 5 40
43 6 39
43 7 32
43 11 20
43 12 37
43 14 11
43 15 34
43 17 13
43 18 32
43 19 24
43 21 27
43 23 1
43 26 39
43 28 33
43 30 1
43 35 9
43 37 24
43 40 20
43 41 12
44 4 32
44 5 18
44 6 35
44 8 24
44 9 22
44 10 36
44 12 8
44 14 32
44 15 11
44 17 20
44 19 9
44 22 11
44 23 19
44 28 1
44 31 11
44 33 22
44 34 26
44 35 12
44 36 16
44 37 33
44 41 36
44 42 7
45 1 2
45 3 3
45 5 17
45 6 28
45 8 18
45 9 23
45 11 15
45 16 30
45 18 23
45 19 21
45 20 28
45 25 13
45 26 7
45 29 20
45 34 15
45 37 26
45 38 23
45 39 34
45 41 35
46 0 27
46 1 30
46 5 3
46 7 38
46 10 23
46 15 14
46 18 26
46 19 5
46 20 17
46 21 8
46 23 20
46 25 17
46 29 2
46 34 12
46 39 22
46 41 5
46 44 7
46 45 10
47 1 7
47 2 22
47 6 6
47 9 26
47 11 5
47 14 24
47 16 10
47 17 40
47 18 12
47 19 12
47 21 2
47 23 19
47 26 17
47 27 39
47 30 29
47 32 8
47 34 7
47 38 12
47 39 40
47 40 15
47 41 22
47 42 32
47 45 3
47 46 18
48 0 13
48 3 35
48 5 1
48 8 27
48 12 36
48 13 9
48 14 33
48 15 12
48 16 6
48 18 29
48 19 32
48 20 18
48 21 16
48 22 1
48 23 4
48 28 18
48 30 24
48 31 27
48 32 35
48 33 40
48 34 6
48 38 33
48 39 19
48 40 14
48 42 13
48 43 26
48 45 3
48 47 14
49 0 28
49 1 38
49 2 23
49 3 3
49 7 30
49 8 31
49 10 26
49 11 20
49 12 39
49 15 3
49 16 30
49 22 39
49 24 13
49 27 3
49 28 21
49 29 36
49 32 12
49 33 10
49 39 1
49 40 24
49 42 10
49 43 20
49 45 32
49 46 16
49 47 2
50 2 37
50 3 21
50 5 27
50 8 23
50 11 13
50 14 27
50 15 30
50 17 16
50 21 14
50 26 22
50 27 39
50 28 2
50 29 12
50 31 21
50 32 16
50 34 6
50 35 28
50 36 33
50 37 37
50 39 16
50 42 40
50 45 7
50 46 12
50 47 28
50 48 19
51 2 24
51 4 15
51 5 4
51 7 3
51 10 12
51 12 31
51 13 31
51 15 22
51 17 20
51 19 18
51 25 2
51 26 4
51 27 39
51 28 36
51 29 32
51 31 24
51 32 5
51 33 24
51 34 12
51 36 2
51 37 28
51 39 18
51 40 20
51 42 1
51 43 4
51 46 4
51 47 27
51 48 5
52 2 23
52 3 1
52 4 33
52 7 10
52 10 38
52 11 39
52 12 32
52 13 6
52 14 12
52 19 11
52 21 10
52 22 3
52 24 13
52 25 38
52 28 32
52 31 30
52 33 31
52 34 3
52 35 8
52 37 1
52 39 35
52 41 37
52 42 40
52 43 10
52 46 16
52 48 21
52 49 13
52 51 6
53 0 25
53 2 40
53 4 39
53 8 26
53 9 17
53 12 39
53 15 3
53 16 17
53 18 32
53 20 39
53 25 34
53 27 16
53 28 12
53 29 18
53 30 36
53 31 19
53 34 9
53 37 14
53 38 11
53 39 24
53 40 38
53 41 37
53 46 5
53 47 12
53 52 8
54 0 25
54 4 1
54 5 29
54 6 38
54 7 33
54 8 30
54 11 16
54 14 12
54 15 25
54 17 30
54 20 32
54 22 39
54 23 24
54 24 28
54 26 33
54 27 12
54 28 14
54 29 15
54 30 38
54 31 16
54 32 31
54 36 2
54 38 2
54 39 31
54 42 32
54 49 21
54 50 38
54 51 29
54 53 33
55 4 24
55 6 23
55 10 10
55 11 29
55 15 10
55 17 5
55 21 35
55 23 22
55 25 29
55 26 4
55 27 1
55 28 26
55 29 5
55 30 9
55 32 40
55 35 22
55 36 21
55 38 33
55 42 16
55 43 7
55 46 35
55 47 16
55 48 31
55 49 28
55 50 11
55 52 33
55 53 9
56 0 38
56 1 13
56 5 32
56 6 36
56 8 37
56 9 26
56 10 28
56 13 5
56 14 28
56 15 11
56 16 14
56 18 39
56 19 4
56 24 35
56 25 22
56 26 10
56 28 38
56 29 5
56 33 27
56 34 28
56 41 21
56 42 10
56 43 36
56 45 36
56 46 27
56 47 15
56 53 6
56 54 20
56 55 9
57 1 37
57 2 8
57 3 36
57 4 34
57 10 29
57 11 39
57 12 28
57 19 5
57 20 23
57 21 22
57 22 37
57 23 19
57 25 36
57 27 11
57 28 21
57 29 26
57 31 10
57 34 27
57 37 4
57 39 10
57 41 29
57 42 33
57 44 6
57 45 28
57 47 38
57 48 32
57 52 25
57 53 22
57 54 5
57 56 40
58 3 5
58 6 7
58 7 7
58 8 27
58 12 10
58 14 34
58 22 8
58 23 5
58 24 12
58 27 14
58 28 36
58 31 8
58 32 6
58 33 37
58 34 13
58 36 33
58 37 2
58 38 2
58 39 6
58 40 38
58 41 7
58 45 11
58 50 30
58 52 31
58 53 40
58 54 9
58 55 4
58 56 35
59 0 31
59 4 20
59 5 24
59 6 16
59 8 39
59 9 9
59 10 31
59 12 26
59 13 30
59 16 37
59 17 13
59 18 33
59 23 14
59 24 21
59 28 26
59 30 25
59 32 10
59 33 32
59 34 11
59 36 21
59 38 5
59 39 20
59 40 29
59 44 34
59 45 17
59 46 11
59 48 28
59 50 21
59 51 13
59 52 39
59 57 38
59 58 22
