60
3 0 43
4 0 45
4 1 27
5 2 53
5 3 10
6 0 30
6 1 14
6 2 35
6 4 24
6 5 27
7 0 36
7 1 5
7 2 13
7 3 50
7 6 55
8 0 48
8 4 51
8 6 19
9 0 52
9 1 42
9 5 38
9 6 56
9 8 23
10 0 29
10 2 50
10 3 29
10 8 2
11 1 14
11 3 2
11 7 52
11 8 56
12 5 57
12 7 48
12 11 23
13 0 12
13 1 14
13 3 60
13 7 29
13 10 17
13 12 29
14 0 37
14 1 17
14 8 5
14 9 55
14 11 2
14 12 36
15 0 13
15 1 44
15 4 59
15 6 9
15 7 23
15 9 16
15 11 36
15 13 21
16 0 3
16 1 29
16 2 34
16 3 6
16 4 7
16 6 15
16 8 3
16 9 26
16 14 19
17 0 13
17 1 25
17 2 3
17 3 49
17 4 28
17 6 41
17 7 1
17 16 51
18 2 31
18 6 49
18 8 50
18 9 1
18 10 49
18 11 37
18 15 24
18 17 17
19 0 20
19 1 26
19 2 55
19 3 25
19 4 51
19 5 51
19 7 36
19 8 44
19 9 21
19 10 45
19 11 19
19 12 15
19 13 24
19 14 1
19 16 8
20 0 6
20 1 13
20 4 60
20 8 47
20 9 41
20 11 42
20 15 55
20 17 26
20 18 35
20 19 7
21 2 59
21 3 44
21 4 29
21 5 37
21 6 11
21 10 46
21 11 18
21 12 42
21 17 26
21 18 8
21 19 24
22 0 9
22 2 51
22 5 6
22 6 54
22 7 8
22 9 59
22 11 3
22 14 44
22 18 30
23 1 12
23 2 24
23 3 16
23 4 26
23 6 19
23 9 28
23 10 14
23 17 22
23 18 38
23 22 2
24 0 52
24 2 34
24 4 27
24 5 22
24 6 54
24 10 34
24 11 14
24 14 36
24 15 44
24 16 8
24 19 16
24 20 26
24 22 16
25 5 32
25 7 19
25 8 43
25 13 5
25 14 17
25 16 9
25 18 21
25 19 25
25 20 55
25 21 34
25 24 59
26 5 12
26 6 22
26 8 57
26 10 56
26 11 42
26 13 13
26 15 55
26 17 43
26 18 42
26 21 38
26 22 39
26 24 60
26 25 38
27 0 46
27 1 18
27 2 60
27 7 29
27 8 35
27 9 27
27 11 18
27 15 46
27 16 50
27 17 29
27 20 19
27 22 13
27 23 36
27 24 14
27 25 20
28 2 15
28 3 49
28 5 23
28 6 50
28 8 13
28 12 45
28 13 40
28 15 59
28 16 14
28 20 58
28 21 50
28 22 9
28 24 31
28 25 8
28 26 31
28 27 7
29 0 28
29 2 33
29 4 55
29 5 15
29 6 26
29 8 21
29 9 39
29 10 11
29 11 22
29 13 34
29 16 51
29 20 51
29 21 16
29 23 56
29 26 40
30 2 26
30 3 25
30 7 56
30 16 2
30 17 33
30 20 44
30 22 59
30 23 16
30 24 31
30 25 22
30 26 31
30 28 55
31 1 52
31 2 48
31 3 41
31 4 22
31 5 51
31 6 34
31 8 28
31 10 18
31 11 56
31 13 38
31 14 33
31 15 37
31 17 39
31 18 46
31 19 44
31 20 12
31 24 19
31 25 35
31 26 46
31 28 34
31 29 1
31 30 38
32 1 18
32 2 34
32 3 50
32 5 4
32 7 31
32 8 58
32 9 41
32 10 3
32 14 51
32 15 35
32 16 3
32 18 44
32 19 22
32 20 1
32 21 57
32 22 55
32 23 27
32 24 36
32 25 20
32 26 17
32 28 16
32 29 60
33 1 19
33 5 49
33 7 19
33 8 20
33 10 33
33 13 26
33 15 54
33 16 11
33 19 51
33 20 49
33 21 40
33 23 38
33 25 36
33 28 25
34 1 39
34 2 22
34 3 24
34 5 20
34 8 28
34 9 58
34 10 59
34 11 50
34 13 12
34 23 50
34 25 42
34 28 39
34 29 57
34 31 59
34 32 12
35 1 32
35 2 25
35 3 4
35 4 49
35 8 11
35 9 22
35 11 55
35 14 44
35 16 22
35 17 29
35 18 45
35 19 13
35 25 51
35 28 38
35 29 36
35 30 15
35 31 50
35 33 22
35 34 44
36 1 25
36 4 40
36 6 23
36 7 53
36 9 50
36 10 42
36 12 37
36 15 42
36 16 15
36 18 8
36 21 4
36 22 7
36 23 29
36 26 10
36 28 37
36 29 46
36 30 9
36 31 30
36 34 24
36 35 36
37 1 1
37 3 45
37 4 46
37 5 55
37 8 12
37 9 56
37 12 11
37 15 58
37 16 44
37 17 37
37 18 56
37 20 40
37 21 10
37 22 20
37 23 60
37 24 13
37 26 22
37 28 11
37 30 8
37 32 57
37 33 37
38 1 59
38 4 50
38 6 59
38 7 53
38 8 13
38 9 3
38 10 39
38 13 21
38 15 27
38 16 12
38 17 28
38 19 23
38 20 46
38 22 2
38 23 59
38 25 33
38 27 57
38 28 42
38 29 43
38 30 38
38 31 13
38 35 7
39 0 26
39 1 39
39 2 6
39 5 19
39 9 34
39 10 13
39 19 52
39 20 19
39 22 52
39 24 16
39 25 53
39 28 8
39 29 9
39 30 42
39 33 52
39 34 43
39 35 25
39 36 21
39 37 3
40 0 49
40 4 14
40 5 15
40 6 55
40 13 12
40 15 19
40 20 42
40 21 58
40 22 45
40 23 4
40 25 13
40 26 48
40 27 37
40 30 50
40 31 44
40 33 37
40 36 23
40 37 18
41 2 27
41 3 46
41 4 43
41 5 44
41 6 45
41 7 9
41 8 47
41 10 43
41 12 36
41 13 55
41 14 45
41 15 18
41 18 52
41 20 7
41 21 17
41 22 31
41 27 38
41 28 52
41 29 40
41 31 26
41 32 7
41 33 49
41 35 7
42 0 4
42 1 38
42 2 5
42 3 49
42 6 2
42 7 22
42 10 2
42 11 45
42 12 32
42 13 34
42 14 55
42 15 10
42 16 46
42 19 18
42 26 55
42 28 4
42 29 18
42 31 11
42 32 46
42 35 26
42 37 57
42 38 31
42 39 9
42 40 3
42 41 59
43 0 28
43 1 49
43 2 46
43 7 15
43 10 13
43 13 51
43 15 4
43 18 32
43 19 19
43 21 51
43 23 53
43 25 28
43 26 42
43 28 44
43 31 23
43 33 4
43 35 1
43 36 42
43 38 21
43 39 17
43 40 13
44 3 50
44 4 35
44 5 40
44 6 54
44 7 46
44 12 4
44 13 22
44 15 30
44 16 1
44 17 8
44 26 26
44 31 44
44 32 28
44 33 13
44 35 51
44 37 59
44 38 60
44 39 43
44 40 4
44 42 5
45 0 25
45 1 43
45 4 35
45 5 29
45 9 21
45 10 22
45 12 13
45 13 42
45 17 59
45 18 58
45 21 8
45 23 50
45 26 2
45 27 23
45 28 9
45 29 60
45 40 9
45 41 55
45 42 26
45 44 11
46 0 24
46 1 36
46 2 40
46 7 15
46 8 26
46 10 2
46 11 19
46 12 41
46 13 53
46 15 43
46 16 1
46 18 20
46 19 40
46 21 28
46 22 45
46 23 1
46 25 54
46 26 15
46 27 25
46 29 53
46 30 37
46 31 14
46 32 59
46 33 37
46 35 40
46 36 18
46 38 27
46 40 37
46 41 33
46 42 38
46 43 2
46 44 21
47 0 31
47 1 42
47 2 5
47 3 18
47 4 35
47 5 22
47 8 60
47 10 5
47 13 44
47 16 31
47 17 2
47 18 43
47 20 35
47 22 38
47 27 58
47 30 51
47 31 28
47 35 4
47 36 3
47 37 59
47 38 9
47 41 10
48 1 59
48 3 9
48 11 7
48 12 38
48 13 3
48 14 15
48 15 47
48 16 29
48 17 33
48 23 46
48 26 23
48 27 42
48 28 26
48 30 55
48 32 57
48 35 55
48 36 7
48 39 4
48 41 19
48 46 48
48 47 31
49 0 30
49 7 37
49 8 19
49 9 49
49 14 10
49 15 27
49 16 57
49 17 13
49 18 57
49 23 31
49 24 22
49 27 58
49 29 17
49 30 4
49 31 12
49 32 40
49 33 25
49 36 6
49 37 42
49 38 47
49 39 32
49 41 8
49 42 39
49 44 30
49 46 37
49 47 37
50 3 53
50 4 43
50 5 22
50 6 11
50 8 15
50 9 53
50 11 48
50 12 57
50 19 58
50 20 31
50 21 16
50 22 52
50 23 28
50 25 21
50 27 7
50 28 40
50 29 18
50 30 44
50 32 8
50 33 31
50 35 27
50 36 2
50 37 11
50 41 36
50 42 16
50 45 58
50 46 50
50 48 54
50 49 43
51 0 23
51 2 57
51 3 50
51 4 53
51 6 37
51 7 22
51 8 53
51 10 31
51 11 47
51 13 2
51 16 7
51 17 5
51 19 17
51 20 26
51 21 59
51 22 37
51 23 6
51 24 8
51 25 29
51 26 27
51 27 33
51 29 37
51 30 18
51 33 10
51 34 30
51 35 24
51 37 27
51 38 44
51 39 8
52 2 49
52 6 54
52 10 14
52 11 10
52 12 40
52 13 38
52 14 46
52 17 28
52 21 11
52 25 55
52 26 48
52 27 38
52 29 47
52 30 38
52 32 14
52 34 47
52 35 20
52 37 60
52 39 25
52 40 18
52 41 14
52 42 51
52 43 56
52 46 31
52 47 27
52 49 1
52 51 16
53 0 58
53 1 51
53 5 41
53 6 43
53 12 15
53 13 9
53 15 40
53 16 13
53 17 26
53 20 15
53 21 41
53 23 27
53 24 60
53 26 26
53 28 52
53 29 40
53 34 13
53 35 48
53 37 41
53 39 7
53 40 49
53 43 33
53 45 27
53 48 4
53 50 49
53 51 21
53 52 54
54 0 8
54 2 2
54 4 7
54 11 54
54 12 25
54 15 24
54 22 7
54 23 3
54 24 28
54 26 32
54 27 16
54 28 5
54 29 8
54 30 29
54 31 55
54 32 41
54 33 17
54 38 4
54 43 39
54 45 41
54 46 27
54 47 52
55 4 43
55 6 26
55 7 40
55 8 50
55 11 53
55 16 14
55 20 28
55 21 6
55 26 24
55 27 37
55 28 33
55 29 1
55 30 24
55 32 55
55 33 7
55 38 31
55 39 11
55 40 14
55 41 58
55 44 46
55 45 37
55 46 40
55 49 43
55 50 56
55 51 25
55 54 46
56 1 51
56 3 57
56 4 13
56 5 1
56 7 45
56 8 19
56 12 42
56 14 32
56 15 4
56 16 49
56 18 31
56 20 15
56 21 8
56 22 4
56 23 54
56 24 8
56 27 13
56 28 40
56 29 3
56 30 5
56 33 56
56 34 58
56 36 8
56 37 12
56 40 60
56 41 13
56 44 39
56 46 13
56 47 28
56 50 48
56 52 10
56 53 2
56 55 16
57 0 18
57 2 54
57 3 35
57 5 17
57 7 18
57 9 48
57 10 52
57 12 22
57 15 38
57 16 10
57 19 28
57 20 26
57 21 5
57 23 44
57 24 49
57 26 30
57 31 17
57 33 26
57 36 36
57 37 43
57 42 30
57 43 30
57 44 34
57 46 36
57 50 52
57 51 54
57 52 27
57 53 51
57 54 16
58 0 11
58 1 58
58 2 44
58 4 59
58 6 9
58 7 48
58 9 53
58 15 18
58 16 47
58 17 43
58 18 14
58 19 13
58 21 59
58 24 34
58 25 34
58 26 25
58 27 16
58 28 33
58 31 10
58 32 14
58 36 12
58 37 58
58 38 26
58 39 37
58 41 1
58 44 13
58 45 34
58 46 48
58 51 30
58 52 14
58 53 35
59 1 41
59 2 35
59 7 48
59 8 27
59 9 29
59 11 2
59 13 52
59 16 50
59 23 55
59 29 57
59 33 9
59 34 53
59 37 32
59 44 5
59 45 26
59 46 12
59 48 16
59 50 55
59 52 9
59 53 20
59 54 53
59 55 2
59 57 21
