20
1 0 36
2 0 7
4 0 11
4 2 1
4 3 2
5 0 98
5 2 46
5 4 46
6 0 94
6 2 46
6 3 44
6 5 4
7 0 30
7 1 4
7 4 76
7 6 50
8 4 79
8 7 78
9 0 76
9 2 87
9 3 14
9 8 99
10 0 39
10 2 23
10 8 43
10 9 54
11 1 12
11 2 42
11 4 59
11 9 77
11 10 72
12 0 61
12 1 82
12 2 60
12 3 19
12 4 47
12 7 58
12 9 59
12 11 93
13 1 16
13 5 42
13 6 89
13 7 82
13 8 20
13 11 68
13 12 9
14 0 34
14 1 21
14 4 79
14 6 17
14 10 37
14 12 91
15 0 92
15 2 92
15 3 99
15 4 94
15 5 11
15 6 14
15 8 3
15 11 3
15 14 71
16 2 8
16 3 95
16 4 85
16 8 42
16 11 88
16 14 77
16 15 62
17 0 33
17 1 4
17 2 50
17 4 1
17 7 5
17 10 62
17 11 67
17 15 68
17 16 8
18 0 3
18 3 84
18 4 69
18 5 77
18 6 14
18 9 94
18 10 19
18 11 74
18 15 19
18 16 59
18 17 66
19 0 76
19 3 18
19 5 97
19 6 76
19 7 79
19 9 30
19 13 74
19 14 52
