60
2 1 26
3 0 40
3 2 78
4 2 40
5 0 37
5 1 20
5 3 21
6 5 79
7 0 55
7 5 6
8 1 77
8 3 38
8 7 40
9 0 53
9 1 21
9 2 6
9 3 32
9 5 66
9 7 52
10 1 34
10 3 50
10 4 68
10 5 3
10 7 7
10 8 42
10 9 47
11 0 52
11 1 55
11 2 30
11 7 46
12 1 55
12 4 12
12 5 23
12 8 57
12 9 55
13 0 20
13 2 16
13 3 22
13 4 35
13 5 3
13 7 48
13 8 28
13 10 63
13 11 9
13 12 6
14 0 45
14 2 6
14 3 60
14 4 74
14 5 73
14 7 19
14 12 8
15 4 26
15 5 72
15 6 64
15 7 6
15 10 54
15 11 2
16 0 57
16 1 70
16 2 49
16 3 45
16 4 25
16 6 57
16 7 30
16 8 39
16 9 35
16 11 52
16 14 61
17 0 4
17 1 29
17 2 52
17 4 64
17 6 57
17 8 67
17 11 30
17 12 27
17 13 74
17 14 4
17 15 32
17 16 57
18 0 67
18 3 36
18 5 5
18 6 27
18 7 1
18 9 30
18 11 35
18 13 55
18 14 42
18 16 35
18 17 27
19 0 5
19 3 16
19 8 37
19 10 47
19 13 5
19 15 62
20 0 53
20 2 2
20 4 33
20 7 58
20 10 30
20 11 24
20 12 60
20 13 47
20 14 77
20 16 16
20 17 48
20 18 31
21 0 29
21 1 27
21 2 52
21 3 45
21 4 68
21 6 15
21 7 39
21 9 53
21 11 45
21 12 30
21 13 24
21 14 30
21 16 21
21 17 51
21 18 32
21 20 49
22 3 36
22 6 4
22 9 57
22 11 9
22 14 19
22 16 12
22 17 51
22 21 68
23 0 9
23 1 55
23 2 61
23 3 63
23 6 40
23 10 61
23 13 4
23 14 29
23 15 69
23 16 25
23 19 16
23 21 77
24 0 60
24 3 72
24 6 46
24 7 20
24 9 1
24 11 43
24 13 49
24 15 59
24 16 33
24 18 22
24 19 60
24 21 67
25 1 21
25 2 51
25 4 21
25 6 42
25 11 47
25 13 49
25 14 2
25 15 12
25 16 14
25 17 41
25 18 44
26 0 7
26 2 66
26 3 69
26 4 59
26 5 47
26 6 33
26 7 56
26 9 17
26 11 67
26 12 33
26 16 51
26 17 6
26 18 54
26 20 41
26 21 27
26 25 48
27 0 41
27 7 53
27 8 18
27 9 67
27 17 21
27 18 45
27 22 65
27 24 14
27 25 65
28 4 10
28 6 25
28 8 80
28 9 57
28 10 20
28 12 78
28 17 2
28 19 69
28 20 17
28 25 69
28 27 38
29 0 51
29 1 13
29 2 35
29 4 75
29 6 12
29 7 6
29 10 22
29 11 59
29 12 56
29 13 28
29 14 19
29 15 18
29 16 30
29 17 57
29 19 73
29 26 56
29 28 63
30 0 69
30 2 38
30 4 49
30 5 49
30 7 58
30 8 69
30 10 18
30 12 76
30 13 55
30 16 39
30 17 1
30 19 79
30 21 60
30 25 17
30 27 68
30 28 13
30 29 78
31 0 46
31 1 60
31 3 42
31 5 42
31 7 78
31 8 49
31 9 56
31 12 79
31 17 23
31 18 40
31 19 38
31 20 43
31 21 5
31 24 66
31 26 65
31 27 6
32 2 58
32 3 24
32 7 64
32 14 44
32 18 25
32 21 52
32 22 71
32 24 14
32 27 34
32 28 22
32 29 46
32 30 16
32 31 64
33 0 39
33 1 28
33 4 30
33 5 63
33 8 31
33 10 46
33 13 21
33 16 62
33 17 26
33 19 30
33 20 48
33 21 38
33 22 27
33 26 53
33 27 74
33 30 78
33 31 43
33 32 26
34 0 10
34 1 50
34 2 25
34 3 27
34 6 17
34 7 25
34 9 71
34 10 34
34 12 17
34 15 27
34 19 75
34 21 51
34 24 12
34 25 18
34 27 32
34 28 15
34 30 5
34 31 47
35 0 6
35 1 32
35 2 63
35 4 54
35 7 74
35 8 49
35 12 8
35 14 40
35 16 38
35 17 47
35 18 44
35 19 56
35 20 57
35 21 12
35 22 31
35 24 74
35 26 36
35 29 63
35 30 19
35 32 45
35 33 65
35 34 14
36 1 31
36 2 19
36 6 38
36 7 30
36 8 75
36 9 43
36 10 64
36 13 21
36 14 44
36 18 74
36 22 24
36 23 30
36 25 48
36 26 70
36 28 59
36 29 40
36 35 56
37 1 21
37 2 25
37 3 19
37 4 43
37 5 34
37 6 77
37 9 10
37 10 22
37 11 53
37 13 46
37 16 47
37 17 47
37 18 33
37 19 77
37 22 24
37 23 38
37 24 36
37 29 27
37 30 46
37 31 62
37 32 39
38 2 17
38 3 7
38 4 4
38 8 13
38 10 51
38 11 28
38 14 74
38 17 7
38 19 7
38 21 65
38 23 3
38 24 28
38 26 49
38 29 19
38 30 48
38 31 75
38 34 1
38 36 37
39 1 63
39 2 18
39 6 73
39 7 41
39 11 11
39 12 7
39 14 42
39 15 37
39 16 58
39 19 58
39 21 59
39 22 50
39 25 78
39 26 44
39 27 51
39 28 7
39 33 80
39 34 13
39 35 74
39 37 33
40 0 58
40 9 55
40 10 34
40 11 41
40 12 39
40 17 9
40 18 48
40 19 38
40 20 39
40 21 14
40 24 19
40 25 40
40 26 17
40 27 49
40 32 38
40 33 21
40 35 46
40 36 77
41 1 74
41 5 37
41 7 2
41 8 62
41 9 5
41 10 34
41 13 77
41 14 73
41 15 53
41 17 50
41 19 33
41 22 34
41 23 53
41 24 79
41 28 77
41 30 18
41 32 57
41 33 27
41 34 5
41 36 42
41 37 12
41 38 60
41 39 35
42 0 21
42 1 8
42 2 78
42 3 59
42 6 44
42 7 80
42 8 15
42 11 2
42 12 31
42 13 59
42 14 16
42 18 54
42 20 7
42 21 39
42 25 35
42 28 42
42 29 7
42 30 17
42 31 27
42 32 65
42 34 65
42 39 78
43 0 18
43 2 67
43 6 34
43 8 25
43 11 16
43 12 38
43 13 27
43 14 45
43 15 78
43 17 50
43 18 50
43 22 78
43 28 5
43 29 1
43 30 64
43 33 29
43 36 4
43 37 69
43 42 72
44 0 46
44 2 57
44 3 70
44 5 30
44 6 41
44 7 41
44 8 24
44 13 24
44 14 18
44 17 27
44 21 40
44 23 35
44 26 15
44 33 37
44 34 30
44 35 8
44 41 64
44 42 8
45 4 33
45 5 76
45 8 5
45 11 77
45 13 54
45 14 50
45 17 44
45 18 54
45 19 24
45 22 28
45 24 50
45 26 74
45 27 24
45 29 5
45 32 67
45 33 32
45 35 8
45 36 13
45 37 7
45 40 28
45 41 36
45 42 34
45 43 69
45 44 30
46 0 9
46 1 67
46 2 19
46 6 52
46 11 71
46 12 2
46 13 3
46 14 51
46 15 71
46 17 70
46 21 56
46 22 48
46 23 51
46 24 26
46 25 57
46 28 57
46 29 77
46 31 68
46 33 11
46 38 23
46 39 75
46 40 15
46 41 70
46 42 49
46 43 75
47 1 21
47 2 77
47 3 58
47 4 4
47 7 4
47 9 53
47 10 53
47 11 74
47 12 51
47 14 57
47 17 24
47 18 71
47 19 33
47 20 5
47 21 57
47 22 45
47 26 52
47 30 6
47 31 56
47 34 74
47 37 77
47 38 67
47 39 10
47 40 34
47 41 11
47 42 15
47 43 23
47 44 57
47 46 73
48 2 23
48 3 43
48 7 27
48 8 65
48 9 23
48 10 40
48 11 27
48 12 8
48 18 6
48 20 10
48 21 1
48 26 18
48 27 29
48 28 73
48 29 79
48 30 17
48 31 33
48 33 26
48 35 52
48 37 6
48 38 45
48 40 40
48 42 66
48 47 19
49 1 24
49 2 15
49 6 38
49 7 28
49 8 56
49 10 25
49 13 11
49 14 54
49 15 64
49 16 76
49 17 58
49 19 30
49 21 22
49 23 43
49 28 45
49 29 23
49 33 63
49 34 42
49 35 53
49 42 73
49 45 59
49 46 2
50 0 37
50 6 20
50 7 65
50 9 25
50 12 46
50 13 5
50 15 48
50 17 37
50 18 64
50 22 20
50 24 64
50 26 74
50 29 15
50 30 44
50 31 32
50 37 46
50 38 70
50 39 7
50 40 17
50 41 79
50 42 40
50 44 39
50 45 14
50 47 49
50 49 33
51 1 61
51 2 36
51 3 50
51 5 14
51 8 36
51 10 4
51 12 49
51 13 62
51 14 51
51 15 29
51 16 55
51 17 9
51 18 43
51 21 46
51 24 13
51 25 34
51 26 57
51 30 48
51 33 54
51 34 22
51 37 52
51 38 4
51 39 55
51 40 36
51 43 39
51 46 2
51 47 9
51 49 66
52 3 37
52 6 22
52 10 62
52 11 34
52 13 20
52 16 1
52 17 50
52 18 34
52 20 58
52 22 61
52 23 46
52 24 40
52 26 70
52 27 29
52 28 67
52 29 3
52 32 45
52 36 22
52 37 69
52 39 14
52 42 44
52 43 67
52 51 59
53 4 68
53 5 31
53 6 51
53 7 63
53 11 70
53 12 45
53 13 47
53 14 32
53 18 39
53 19 6
53 20 11
53 21 54
53 23 35
53 24 31
53 31 58
53 32 31
53 33 31
53 36 64
53 37 26
53 40 25
53 43 24
53 44 58
53 45 30
53 46 64
53 47 43
53 48 16
54 1 28
54 2 34
54 3 20
54 6 40
54 8 36
54 13 23
54 15 69
54 17 21
54 18 53
54 19 70
54 21 11
54 23 73
54 25 51
54 29 18
54 31 57
54 32 75
54 33 38
54 34 17
54 36 22
54 38 64
54 40 76
54 42 35
54 43 67
54 44 3
54 46 28
54 47 68
54 49 68
55 4 39
55 10 26
55 11 9
55 12 6
55 14 51
55 16 23
55 17 6
55 21 64
55 22 24
55 23 31
55 26 71
55 27 49
55 28 61
55 30 70
55 31 5
55 32 29
55 36 65
55 37 48
55 38 64
55 39 40
55 41 32
55 42 39
55 43 51
55 44 23
55 47 56
55 48 51
55 49 46
55 50 57
56 0 49
56 2 2
56 5 18
56 6 33
56 7 38
56 9 42
56 11 37
56 12 27
56 15 49
56 19 13
56 20 4
56 21 45
56 23 12
56 24 8
56 27 14
56 29 64
56 30 44
56 31 37
56 32 38
56 35 59
56 36 50
56 40 74
56 41 13
56 42 80
56 45 36
56 47 44
56 51 54
56 52 39
56 53 31
56 55 22
57 0 3
57 1 12
57 4 78
57 5 35
57 6 47
57 9 74
57 10 15
57 12 69
57 14 5
57 15 45
57 16 79
57 17 42
57 18 31
57 20 79
57 21 56
57 22 44
57 23 44
57 24 46
57 25 44
57 26 73
57 29 36
57 33 56
57 34 15
57 37 31
57 38 53
57 41 58
57 42 43
57 43 34
57 46 73
57 48 4
57 50 50
57 51 50
57 52 31
57 53 14
57 55 17
58 2 38
58 5 71
58 6 5
58 9 9
58 11 16
58 12 51
58 13 27
58 14 33
58 15 6
58 17 72
58 19 34
58 20 60
58 23 42
58 24 50
58 26 43
58 28 53
58 29 12
58 31 4
58 36 61
58 40 50
58 42 72
58 44 78
58 46 32
58 49 32
58 52 10
58 53 33
58 55 38
58 57 3
59 0 14
59 1 7
59 4 10
59 5 57
59 8 53
59 9 39
59 10 57
59 11 77
59 13 66
59 16 43
59 18 75
59 19 50
59 20 4
59 22 23
59 24 76
59 26 76
59 27 71
59 30 12
59 31 21
59 33 45
59 34 15
59 35 67
59 36 11
59 41 64
59 44 39
59 46 46
59 48 65
59 49 46
59 51 45
59 52 25
59 53 80
59 56 38
59 58 52
