60
1 0 23
5 0 77
5 2 60
5 4 5
6 1 80
6 3 26
6 5 37
7 0 71
7 3 6
7 4 66
7 5 50
7 6 74
8 1 3
8 3 27
9 0 16
9 5 18
10 0 78
10 2 17
10 4 9
10 9 29
11 1 78
11 2 27
11 8 31
11 9 76
12 0 22
12 1 36
12 4 39
12 9 78
13 0 40
13 4 17
13 5 76
13 7 39
13 9 31
13 12 32
14 0 10
14 4 55
14 5 43
14 8 47
14 10 73
14 12 34
14 13 33
15 0 47
15 2 42
15 3 51
15 4 14
15 5 34
15 8 38
15 10 55
15 12 18
15 14 72
16 1 21
16 4 63
16 5 34
16 7 9
16 8 44
16 10 76
16 11 35
16 12 61
16 13 27
16 14 60
17 1 56
17 3 50
17 4 60
17 5 70
17 6 7
17 7 44
17 8 2
17 10 52
17 13 24
17 14 64
17 16 76
18 1 15
18 7 55
18 10 79
18 14 10
18 16 72
19 1 12
19 4 69
19 8 3
19 10 13
19 12 44
19 15 67
19 17 72
19 18 71
20 4 73
20 6 71
20 7 42
20 8 56
20 11 14
20 12 72
20 13 68
20 14 41
20 16 40
20 19 26
21 2 67
21 5 45
21 6 34
21 8 59
21 9 5
21 10 60
21 11 6
21 12 49
21 14 11
21 18 57
21 19 55
21 20 69
22 0 63
22 1 43
22 4 54
22 5 53
22 6 74
22 7 58
22 8 38
22 9 44
22 10 32
22 12 16
22 13 37
22 17 60
22 18 29
22 19 15
22 20 57
23 1 76
23 2 38
23 4 32
23 5 21
23 6 66
23 8 17
23 9 19
23 14 43
23 15 36
23 16 14
23 17 39
23 18 45
23 19 17
24 0 57
24 1 74
24 2 68
24 5 24
24 6 12
24 7 22
24 9 76
24 11 30
24 12 14
24 13 43
24 14 21
24 16 4
24 17 32
24 18 34
24 20 64
24 21 33
24 22 65
25 2 45
25 3 18
25 5 33
25 6 40
25 7 63
25 8 49
25 9 49
25 11 20
25 18 31
25 20 64
25 21 26
25 22 49
25 23 43
26 4 24
26 5 73
26 7 51
26 8 57
26 12 62
26 15 68
26 16 25
26 18 21
26 22 60
26 23 60
26 24 27
26 25 39
27 1 25
27 3 74
27 4 11
27 6 41
27 7 32
27 8 63
27 14 61
27 15 42
27 16 10
27 19 18
27 20 44
27 21 29
27 22 28
27 26 36
28 0 29
28 1 76
28 2 24
28 3 4
28 4 19
28 10 10
28 11 9
28 13 53
28 14 15
28 15 30
28 16 3
28 18 45
28 19 23
28 20 38
28 21 8
28 22 62
28 23 21
28 24 80
28 25 13
28 26 34
29 0 76
29 2 46
29 3 2
29 4 69
29 7 50
29 12 80
29 13 41
29 14 42
29 20 44
29 21 17
29 23 65
29 24 1
29 28 58
30 2 21
30 4 45
30 5 76
30 9 80
30 10 15
30 11 62
30 12 30
30 13 66
30 14 53
30 16 64
30 17 16
30 20 1
30 23 55
30 24 9
30 27 32
30 28 55
31 0 77
31 1 29
31 3 13
31 5 80
31 14 20
31 16 33
31 18 24
31 20 32
31 21 42
31 22 8
31 26 14
31 27 69
31 29 68
31 30 19
32 0 75
32 5 27
32 6 54
32 7 43
32 9 60
32 13 16
32 14 36
32 16 45
32 19 59
32 21 66
32 23 32
32 26 78
32 27 17
32 29 64
33 3 15
33 4 13
33 5 26
33 6 9
33 7 66
33 9 76
33 13 21
33 15 51
33 16 17
33 17 67
33 20 49
33 21 34
33 22 7
33 23 47
33 24 5
33 27 72
33 28 24
33 30 44
33 31 63
33 32 53
34 0 28
34 1 66
34 2 56
34 8 1
34 10 50
34 13 40
34 14 50
34 16 27
34 18 46
34 20 52
34 21 79
34 22 34
34 24 65
34 25 76
34 26 54
34 30 11
34 31 58
34 32 75
34 33 65
35 3 15
35 4 45
35 5 41
35 6 26
35 7 37
35 8 45
35 10 71
35 14 2
35 19 26
35 23 27
35 25 4
35 27 54
35 28 17
35 29 41
35 31 49
35 32 17
35 34 9
36 2 52
36 4 39
36 5 40
36 8 35
36 12 37
36 14 46
36 16 39
36 17 53
36 18 13
36 19 74
36 20 58
36 21 64
36 23 21
36 24 66
36 25 50
36 29 36
36 30 7
37 0 80
37 4 56
37 5 22
37 7 57
37 10 46
37 11 9
37 17 59
37 18 77
37 22 23
37 27 71
37 36 55
38 2 31
38 4 62
38 6 67
38 7 28
38 8 65
38 9 48
38 10 71
38 13 65
38 16 16
38 17 52
38 18 24
38 20 33
38 22 8
38 23 2
38 25 67
38 26 42
38 27 46
38 28 45
38 30 69
38 31 71
38 32 42
38 36 75
39 0 70
39 1 32
39 2 60
39 3 63
39 5 18
39 6 28
39 8 27
39 9 15
39 11 48
39 12 9
39 13 41
39 14 50
39 19 25
39 23 32
39 24 18
39 25 73
39 26 7
39 27 21
39 28 44
39 35 30
39 36 40
40 0 17
40 2 69
40 6 20
40 8 18
40 13 37
40 18 32
40 19 63
40 20 19
40 25 66
40 26 14
40 28 27
40 29 78
40 32 18
40 33 49
40 34 13
40 35 30
40 36 43
40 37 55
41 3 20
41 5 33
41 7 78
41 8 79
41 10 10
41 12 60
41 13 35
41 14 46
41 16 29
41 19 10
41 24 37
41 25 46
41 30 71
41 31 49
41 33 73
41 38 33
42 0 13
42 2 42
42 3 31
42 4 56
42 6 6
42 8 79
42 10 1
42 11 61
42 13 66
42 14 22
42 15 25
42 16 75
42 17 21
42 20 75
42 23 34
42 24 62
42 26 62
42 27 22
42 28 21
42 31 27
42 32 46
42 33 34
42 34 52
42 36 16
42 38 2
42 40 45
43 0 35
43 2 62
43 3 46
43 7 5
43 9 31
43 10 51
43 13 18
43 14 62
43 15 36
43 16 52
43 18 70
43 19 27
43 20 50
43 21 58
43 23 19
43 28 61
43 32 61
43 39 18
43 40 34
43 41 49
43 42 69
44 0 24
44 5 77
44 6 79
44 9 1
44 10 38
44 11 21
44 12 37
44 14 62
44 18 31
44 20 17
44 21 28
44 24 33
44 28 51
44 35 45
44 38 79
44 39 60
44 40 32
44 42 71
45 0 59
45 6 78
45 9 39
45 12 79
45 13 73
45 14 23
45 16 33
45 18 29
45 21 79
45 25 42
45 27 58
45 29 70
45 30 29
45 33 37
45 43 76
45 44 28
46 2 55
46 3 3
46 4 39
46 6 47
46 10 55
46 11 11
46 13 33
46 15 66
46 18 72
46 19 48
46 21 69
46 22 75
46 23 13
46 28 54
46 29 76
46 30 19
46 31 63
46 35 50
46 37 77
46 39 4
46 41 14
46 43 3
46 44 49
47 0 80
47 1 19
47 2 29
47 4 49
47 5 39
47 6 25
47 7 24
47 8 28
47 9 49
47 11 12
47 12 27
47 14 61
47 15 63
47 20 53
47 21 63
47 23 26
47 25 7
47 26 9
47 27 1
47 29 71
47 30 71
47 31 30
47 33 54
47 34 50
47 35 45
47 43 22
47 45 69
48 1 32
48 4 74
48 5 69
48 6 9
48 7 31
48 10 37
48 11 77
48 12 8
48 13 41
48 14 56
48 16 54
48 20 54
48 21 59
48 23 45
48 24 40
48 26 51
48 29 42
48 30 67
48 31 14
48 32 9
48 33 34
48 36 57
48 42 52
48 46 76
49 0 30
49 1 44
49 3 28
49 5 27
49 6 75
49 7 18
49 8 47
49 11 69
49 14 40
49 15 65
49 16 5
49 20 14
49 22 41
49 23 77
49 25 75
49 31 75
49 34 20
49 37 46
49 38 80
49 39 29
49 41 71
49 42 12
50 0 79
50 1 8
50 3 30
50 5 32
50 6 10
50 7 13
50 10 75
50 11 29
50 16 16
50 22 41
50 24 3
50 26 70
50 28 61
50 35 11
50 38 32
50 40 29
50 42 30
50 43 34
51 2 64
51 3 79
51 5 74
51 7 1
51 8 13
51 10 26
51 12 52
51 14 37
51 15 59
51 17 47
51 18 50
51 19 63
51 20 63
51 21 67
51 22 16
51 23 52
51 24 74
51 25 29
51 27 5
51 28 10
51 29 79
51 30 51
51 34 78
51 36 71
51 38 9
51 39 72
51 40 50
51 41 7
51 42 61
51 45 18
51 48 57
51 50 50
52 0 59
52 4 5
52 5 5
52 6 25
52 7 76
52 13 80
52 14 13
52 18 79
52 19 67
52 20 61
52 22 50
52 24 29
52 25 34
52 29 50
52 31 54
52 33 64
52 36 53
52 39 43
52 40 71
52 41 64
52 42 64
52 44 5
52 46 15
52 48 8
52 50 30
52 51 54
53 0 48
53 2 67
53 3 79
53 4 47
53 7 1
53 10 63
53 12 14
53 13 20
53 14 56
53 15 18
53 17 36
53 18 61
53 20 72
53 21 2
53 23 7
53 26 42
53 28 12
53 30 66
53 32 72
53 35 40
53 36 80
53 39 26
53 41 49
53 42 24
53 43 47
53 44 43
54 0 78
54 1 71
54 2 15
54 4 53
54 10 30
54 11 42
54 13 36
54 14 1
54 15 60
54 20 40
54 22 52
54 24 60
54 26 21
54 30 31
54 31 1
54 33 32
54 34 31
54 37 59
54 39 10
54 40 74
54 44 22
54 51 27
54 52 47
54 53 52
55 1 75
55 2 76
55 3 4
55 4 63
55 6 27
55 8 3
55 9 58
55 10 37
55 17 75
55 19 1
55 20 50
55 21 6
55 23 53
55 24 26
55 26 47
55 29 46
55 30 72
55 31 12
55 32 15
55 33 8
55 34 14
55 37 6
55 40 66
55 42 20
55 43 17
55 44 68
55 45 68
55 52 51
56 0 3
56 1 19
56 2 63
56 4 63
56 5 73
56 9 2
56 10 53
56 12 56
56 13 71
56 14 33
56 16 26
56 17 19
56 18 66
56 20 17
56 21 4
56 22 36
56 23 52
56 25 27
56 29 20
56 33 28
56 34 38
56 37 7
56 38 34
56 41 77
56 42 29
56 45 5
56 48 5
56 49 40
56 51 70
56 53 33
57 1 19
57 3 60
57 4 7
57 6 59
57 12 21
57 13 74
57 14 7
57 21 15
57 24 42
57 26 79
57 27 68
57 28 38
57 30 10
57 31 46
57 32 5
57 34 10
57 35 5
57 38 48
57 40 62
57 41 37
57 43 61
57 45 27
57 47 31
57 48 45
57 51 9
57 52 75
58 5 35
58 6 25
58 8 23
58 9 79
58 11 80
58 13 41
58 15 59
58 18 23
58 19 71
58 21 53
58 23 17
58 24 15
58 26 12
58 27 13
58 29 10
58 32 57
58 33 77
58 35 37
58 37 56
58 39 62
58 40 54
58 41 77
58 42 65
58 44 46
58 46 61
58 48 19
58 50 9
58 51 77
58 53 60
58 54 51
58 55 38
58 56 18
58 57 49
59 0 47
59 2 34
59 3 62
59 8 9
59 9 51
59 11 75
59 12 19
59 14 10
59 15 33
59 16 19
59 20 17
59 21 31
59 23 75
59 24 59
59 25 58
59 28 41
59 29 67
59 32 2
59 36 19
59 37 17
59 39 60
59 40 7
59 41 4
59 43 53
59 45 49
59 46 13
59 47 64
59 48 50
59 51 21
59 53 31
59 56 32
