60
1 0 7
2 1 4
3 0 12
3 1 1
3 2 2
4 1 6
5 0 15
5 1 17
5 2 1
5 4 3
6 0 15
6 1 1
6 3 15
7 2 9
7 6 2
8 0 1
8 1 7
8 2 6
8 6 5
9 0 5
9 2 1
9 3 20
9 5 13
9 8 14
10 3 2
10 4 10
10 8 14
10 9 6
11 0 3
11 2 3
11 3 5
11 4 12
11 5 2
11 7 19
11 9 13
12 3 10
12 7 18
12 8 11
13 1 13
13 3 6
13 6 9
13 7 6
13 8 11
13 9 3
14 0 14
14 1 1
14 2 9
14 7 7
14 12 14
15 0 18
15 2 19
15 4 20
15 5 6
15 8 4
15 9 14
15 10 18
15 12 1
15 13 1
15 14 12
16 0 5
16 2 8
16 3 6
16 5 16
16 11 7
16 13 7
16 14 13
17 0 2
17 1 4
17 3 1
17 4 3
17 7 10
17 10 20
17 13 7
17 15 20
18 0 1
18 1 12
18 2 7
18 3 5
18 4 11
18 6 20
18 8 20
18 9 6
18 11 14
18 12 18
18 14 15
18 15 16
18 16 10
18 17 19
19 3 20
19 4 9
19 5 11
19 7 5
19 10 20
19 12 11
19 13 5
19 14 18
19 15 14
20 0 10
20 3 20
20 8 3
20 13 13
20 15 3
20 18 20
21 0 15
21 1 9
21 2 11
21 3 12
21 4 2
21 5 6
21 8 5
21 9 10
21 11 7
21 16 6
21 17 15
21 18 2
21 20 3
22 0 12
22 1 4
22 2 14
22 8 12
22 9 8
22 11 20
22 13 14
22 14 7
22 15 12
22 16 14
22 20 18
23 1 15
23 3 3
23 6 7
23 14 7
23 15 12
23 16 7
23 17 18
23 18 9
23 19 4
23 21 2
23 22 18
24 0 1
24 1 17
24 2 4
24 3 14
24 4 3
24 5 2
24 6 1
24 15 17
24 17 15
24 18 19
24 20 19
24 21 9
24 23 15
25 4 18
25 7 2
25 8 4
25 9 8
25 10 9
25 11 5
25 14 1
25 15 20
25 16 15
25 17 9
25 19 8
25 20 14
25 21 18
25 22 19
25 23 20
25 24 17
26 0 18
26 1 8
26 2 11
26 3 17
26 6 16
26 7 17
26 9 1
26 10 6
26 11 19
26 13 20
26 15 10
26 18 6
26 24 18
27 1 17
27 2 13
27 3 5
27 4 9
27 7 4
27 8 12
27 9 19
27 10 5
27 12 12
27 14 16
27 17 4
27 18 5
27 23 16
27 24 17
27 25 17
27 26 15
28 0 18
28 3 14
28 4 1
28 8 13
28 10 11
28 12 13
28 13 8
28 15 10
28 16 2
28 18 6
28 20 9
28 22 11
28 25 12
29 4 16
29 5 1
29 6 12
29 9 2
29 10 13
29 12 10
29 16 3
29 17 12
29 21 16
29 22 13
29 23 17
29 25 20
29 26 1
29 27 9
30 6 6
30 8 17
30 9 8
30 10 13
30 11 11
30 15 2
30 18 1
30 19 20
30 20 9
30 22 6
30 25 15
30 27 16
30 28 11
30 29 18
31 2 18
31 4 18
31 5 17
31 6 11
31 8 19
31 9 20
31 11 11
31 12 4
31 14 15
31 16 6
31 21 2
31 22 14
31 23 5
31 25 19
31 27 3
31 30 16
32 0 8
32 2 7
32 4 7
32 6 8
32 9 8
32 11 20
32 14 7
32 15 12
32 16 12
32 17 6
32 18 3
32 19 4
32 20 2
32 21 1
32 22 6
32 24 14
32 25 8
32 26 10
32 28 20
32 29 14
32 30 6
33 0 11
33 1 12
33 3 15
33 5 18
33 7 11
33 12 17
33 13 13
33 15 12
33 16 5
33 17 12
33 18 16
33 19 11
33 21 16
33 24 20
33 25 12
33 26 5
33 27 6
33 31 1
34 7 20
34 8 8
34 11 14
34 12 9
34 13 5
34 14 10
34 16 2
34 17 4
34 18 20
34 19 6
34 22 13
34 23 7
34 27 19
34 28 4
34 29 20
35 5 13
35 12 1
35 13 18
35 15 9
35 16 5
35 18 17
35 21 4
35 22 10
35 23 11
35 24 17
35 25 9
35 27 19
35 31 10
35 32 12
35 34 6
36 0 10
36 1 16
36 2 6
36 3 6
36 10 7
36 11 8
36 13 4
36 19 19
36 24 9
36 26 3
36 27 13
36 31 5
36 32 10
36 33 18
36 34 6
37 1 16
37 2 4
37 4 17
37 7 6
37 10 6
37 11 19
37 12 18
37 14 13
37 22 19
37 23 11
37 24 9
37 26 4
37 30 20
37 33 18
37 36 16
38 0 10
38 1 15
38 2 13
38 5 1
38 6 17
38 9 10
38 10 3
38 12 16
38 13 11
38 14 13
38 15 14
38 16 7
38 17 7
38 18 5
38 19 17
38 22 18
38 24 17
38 25 4
38 26 15
38 27 5
38 32 6
38 33 1
38 34 5
38 35 8
38 36 8
38 37 6
39 0 7
39 1 12
39 3 3
39 4 4
39 5 18
39 6 1
39 8 16
39 9 6
39 10 9
39 11 11
39 12 9
39 15 13
39 18 16
39 19 10
39 21 5
39 22 4
39 25 14
39 26 16
39 28 5
39 31 13
39 32 2
39 37 3
39 38 6
40 2 20
40 5 14
40 6 15
40 7 12
40 9 16
40 11 1
40 12 1
40 13 8
40 14 14
40 16 3
40 18 9
40 21 9
40 24 9
40 25 16
40 26 1
40 27 6
40 33 15
40 36 18
40 38 15
40 39 5
41 1 4
41 2 18
41 7 7
41 8 20
41 9 14
41 10 20
41 11 11
41 13 5
41 16 17
41 17 5
41 18 6
41 19 1
41 21 4
41 23 8
41 24 13
41 27 5
41 28 15
41 30 3
41 33 14
41 35 13
41 36 12
41 38 3
42 0 10
42 3 16
42 5 10
42 9 8
42 10 9
42 18 2
42 20 17
42 22 11
42 25 16
42 26 9
42 29 6
42 31 13
42 32 12
42 36 19
42 38 7
42 41 9
43 0 3
43 6 11
43 7 10
43 8 11
43 10 6
43 12 16
43 13 12
43 14 6
43 16 9
43 17 5
43 18 16
43 21 13
43 24 3
43 26 2
43 27 13
43 31 2
43 32 13
43 33 3
43 38 10
43 42 15
44 2 9
44 4 13
44 5 9
44 7 2
44 8 8
44 10 3
44 11 8
44 13 7
44 15 13
44 17 16
44 19 14
44 24 17
44 25 2
44 26 13
44 27 15
44 29 7
44 30 17
44 32 8
44 34 3
44 35 7
44 36 4
44 38 6
44 41 16
44 43 3
45 0 16
45 1 2
45 4 20
45 5 5
45 12 5
45 13 5
45 15 3
45 17 17
45 19 18
45 20 12
45 22 1
45 23 1
45 26 4
45 27 2
45 30 4
45 32 18
45 34 9
45 38 8
45 39 10
45 42 19
45 43 6
45 44 6
46 3 3
46 4 4
46 5 13
46 6 11
46 7 9
46 9 14
46 10 17
46 12 12
46 13 8
46 14 19
46 15 7
46 16 12
46 18 10
46 20 7
46 22 6
46 23 8
46 24 19
46 26 19
46 28 2
46 31 8
46 33 20
46 34 15
46 35 10
46 36 1
46 37 4
46 38 11
46 40 20
46 41 19
46 42 4
46 44 17
46 45 20
47 1 5
47 4 8
47 6 5
47 8 19
47 11 15
47 13 4
47 16 10
47 18 14
47 19 5
47 26 8
47 27 20
47 31 17
47 35 9
47 36 5
47 37 13
47 39 18
47 43 15
48 1 8
48 2 20
48 3 10
48 4 19
48 5 9
48 6 14
48 7 11
48 10 2
48 14 6
48 15 6
48 17 11
48 18 5
48 19 15
48 20 18
48 22 15
48 23 11
48 24 5
48 26 16
48 29 2
48 30 11
48 31 1
48 32 17
48 33 20
48 35 9
48 36 18
48 37 10
48 39 8
48 40 13
48 42 16
48 43 1
49 0 8
49 4 11
49 6 14
49 11 8
49 13 9
49 16 16
49 19 4
49 22 12
49 23 3
49 25 19
49 26 4
49 32 15
49 33 12
49 34 12
49 35 16
49 36 6
49 37 5
49 39 1
49 42 12
49 45 19
49 47 13
49 48 15
50 0 18
50 1 8
50 2 18
50 3 12
50 4 2
50 5 1
50 6 17
50 7 4
50 9 1
50 10 20
50 11 6
50 16 20
50 17 7
50 19 4
50 24 14
50 26 17
50 29 1
50 33 11
50 35 13
50 37 10
50 38 16
50 39 12
50 40 12
50 41 3
50 44 10
50 45 16
50 47 18
51 1 7
51 5 8
51 7 2
51 13 5
51 14 17
51 15 8
51 17 19
51 19 16
51 21 20
51 22 8
51 23 17
51 24 3
51 25 6
51 26 14
51 27 18
51 29 13
51 30 14
51 32 3
51 34 11
51 35 3
51 38 2
51 40 12
51 42 8
51 43 10
51 44 6
51 45 7
51 49 14
52 0 8
52 1 16
52 3 4
52 5 9
52 6 15
52 7 4
52 8 1
52 17 20
52 18 18
52 19 2
52 20 20
52 22 2
52 27 19
52 28 20
52 29 10
52 30 10
52 31 7
52 32 8
52 33 8
52 34 10
52 35 19
52 38 6
52 40 7
52 41 5
52 42 12
52 43 1
52 45 18
52 46 6
52 47 16
52 49 2
52 51 20
53 0 11
53 3 10
53 4 14
53 7 7
53 8 2
53 10 10
53 11 15
53 12 5
53 13 12
53 15 8
53 21 4
53 22 16
53 34 14
53 35 2
53 36 14
53 37 13
53 39 3
53 41 4
53 45 1
53 48 7
53 49 12
53 50 6
54 1 18
54 2 7
54 5 9
54 6 9
54 7 7
54 8 5
54 9 15
54 10 17
54 11 15
54 13 20
54 17 10
54 21 11
54 22 10
54 26 15
54 30 19
54 33 10
54 36 11
54 37 4
54 39 19
54 40 2
54 41 15
54 42 14
54 43 6
54 44 12
54 48 1
54 51 4
54 52 6
54 53 8
55 4 9
55 5 17
55 6 8
55 7 18
55 10 4
55 12 3
55 13 20
55 15 14
55 16 5
55 17 18
55 18 16
55 19 17
55 23 6
55 26 7
55 27 19
55 31 4
55 34 17
55 37 2
55 40 3
55 45 13
55 47 11
55 49 9
55 52 10
55 53 14
56 2 1
56 3 8
56 5 15
56 6 10
56 8 17
56 11 19
56 12 1
56 13 1
56 14 3
56 15 15
56 19 8
56 22 1
56 23 20
56 26 6
56 27 1
56 28 3
56 31 2
56 32 9
56 33 14
56 34 18
56 35 9
56 39 19
56 41 16
56 43 14
56 47 3
56 48 7
56 50 11
56 54 19
56 55 10
57 1 13
57 4 9
57 5 12
57 8 5
57 11 17
57 12 8
57 13 18
57 18 7
57 19 13
57 26 8
57 28 4
57 29 18
57 33 16
57 34 11
57 36 5
57 38 20
57 39 15
57 40 20
57 44 15
57 48 6
57 51 7
57 53 19
57 55 6
57 56 15
58 0 2
58 5 18
58 8 14
58 10 4
58 12 8
58 13 12
58 19 7
58 21 1
58 23 19
58 24 17
58 25 15
58 26 13
58 30 16
58 32 18
58 33 5
58 39 9
58 43 15
58 44 4
58 46 12
58 47 12
58 49 4
58 51 1
58 53 7
58 54 7
58 56 17
59 1 8
59 2 5
59 3 3
59 4 4
59 7 12
59 10 3
59 14 4
59 15 10
59 16 17
59 17 15
59 19 10
59 22 5
59 24 1
59 25 1
59 26 3
59 27 11
59 30 15
59 31 6
59 33 19
59 34 6
59 36 16
59 37 6
59 38 13
59 41 13
59 43 5
59 44 6
59 46 2
59 47 16
59 49 16
59 55 6
59 56 20
59 57 3
59 58 10
