50
1 0 57
2 0 37
3 2 19
4 1 54
4 2 51
5 0 20
5 1 19
5 2 1
5 4 31
6 4 18
6 5 13
7 0 14
7 1 32
7 2 4
7 4 40
7 6 13
8 1 30
8 3 11
8 6 27
9 0 35
9 1 31
9 5 2
10 1 14
10 6 7
10 8 54
11 0 26
11 1 44
11 4 54
11 6 24
11 7 43
11 9 3
12 2 49
12 7 42
12 8 14
13 0 6
13 3 52
13 7 37
13 8 33
13 10 51
13 12 24
14 1 16
14 3 12
14 6 22
14 7 42
14 12 17
15 0 13
15 1 18
15 5 7
15 6 38
15 7 23
15 9 36
15 11 58
16 1 24
16 2 60
16 5 3
16 6 33
16 7 46
16 10 4
16 11 36
16 12 59
16 14 45
17 0 51
17 2 14
17 4 6
17 6 25
17 11 23
17 12 2
17 13 60
17 14 53
17 15 15
18 0 48
18 3 27
18 6 37
18 8 11
18 12 9
18 13 27
18 15 59
19 2 45
19 3 32
19 4 23
19 9 29
19 10 7
19 13 5
19 15 26
19 16 15
19 17 7
20 0 55
20 1 44
20 3 55
20 6 40
20 10 39
20 11 36
20 18 20
21 2 49
21 3 39
21 4 28
21 9 33
21 14 57
21 16 33
21 17 26
21 18 34
22 0 3
22 2 11
22 3 2
22 4 2
22 5 22
22 11 57
22 12 58
22 15 48
22 17 46
22 21 38
23 0 43
23 2 60
23 4 58
23 5 53
23 6 35
23 8 32
23 12 16
23 14 36
23 16 10
23 19 58
23 20 40
23 21 10
24 0 45
24 1 30
24 2 47
24 4 51
24 5 55
24 7 19
24 10 46
24 12 33
24 13 23
24 15 10
24 16 60
24 17 55
24 20 19
25 0 23
25 1 37
25 2 32
25 4 28
25 5 55
25 7 36
25 8 40
25 9 49
25 10 31
25 12 22
25 13 15
25 14 3
25 15 3
25 16 35
25 23 2
26 2 54
26 3 47
26 6 51
26 9 27
26 10 16
26 11 2
26 12 51
26 13 20
26 14 13
26 18 30
26 20 44
26 23 1
26 24 31
26 25 54
27 1 55
27 2 18
27 5 48
27 6 56
27 9 13
27 10 3
27 13 5
27 14 38
27 15 47
27 16 11
27 18 9
27 20 52
27 21 40
27 22 44
27 23 52
27 24 12
27 25 20
27 26 54
28 1 13
28 2 1
28 4 33
28 6 24
28 7 41
28 8 24
28 10 17
28 15 16
28 17 59
28 20 1
28 21 22
28 22 21
28 24 39
28 25 60
28 27 27
29 3 48
29 4 46
29 6 52
29 7 55
29 10 22
29 13 49
29 17 48
29 19 30
29 20 1
29 21 48
29 24 12
29 25 19
29 27 23
29 28 54
30 5 23
30 6 21
30 7 28
30 8 44
30 9 19
30 10 4
30 13 3
30 18 4
30 20 21
30 22 18
30 23 50
30 25 3
30 26 15
30 27 39
30 28 60
30 29 6
31 0 17
31 1 43
31 4 2
31 5 22
31 9 12
31 13 52
31 15 43
31 17 53
31 18 26
31 20 12
31 21 21
31 22 14
31 23 20
31 24 8
31 25 27
31 26 1
31 27 45
31 30 3
32 1 43
32 4 13
32 6 19
32 7 29
32 10 29
32 12 59
32 14 60
32 15 21
32 20 47
32 24 36
32 25 11
32 27 43
32 30 19
32 31 47
33 2 59
33 3 28
33 5 27
33 7 20
33 9 60
33 10 28
33 11 23
33 12 46
33 17 6
33 20 14
33 23 17
33 24 16
33 25 48
33 27 49
33 29 60
33 31 57
33 32 21
34 0 11
34 4 57
34 6 47
34 7 19
34 12 40
34 13 11
34 14 39
34 16 54
34 17 39
34 18 45
34 19 11
34 21 43
34 22 38
34 23 10
34 24 11
34 25 3
34 26 26
34 27 49
34 28 29
34 30 29
34 31 18
34 33 37
35 3 56
35 4 54
35 5 44
35 7 2
35 15 31
35 17 20
35 19 32
35 20 8
35 22 17
35 26 54
35 27 15
35 28 39
35 29 9
35 32 52
36 3 60
36 4 34
36 5 52
36 11 50
36 13 48
36 17 58
36 20 6
36 21 38
36 22 39
36 23 16
36 25 55
36 30 39
36 31 17
36 32 51
37 1 44
37 4 51
37 9 15
37 11 58
37 14 52
37 16 9
37 18 44
37 21 5
37 22 16
37 24 56
37 25 29
37 26 29
37 28 19
37 30 28
37 36 6
38 1 21
38 4 16
38 8 12
38 9 44
38 10 11
38 12 36
38 14 35
38 15 42
38 16 37
38 17 6
38 18 52
38 19 39
38 26 56
38 27 8
38 31 20
38 35 39
38 36 17
38 37 4
39 0 1
39 1 6
39 4 57
39 7 27
39 8 22
39 14 35
39 19 45
39 24 34
39 26 49
39 27 55
39 29 33
39 31 12
39 33 47
39 34 44
39 37 30
39 38 13
40 0 50
40 1 10
40 3 7
40 4 1
40 6 16
40 8 49
40 9 29
40 13 34
40 16 6
40 20 4
40 21 15
40 22 9
40 24 11
40 29 53
40 33 14
40 34 45
40 39 28
41 0 60
41 2 33
41 3 47
41 5 51
41 9 43
41 11 6
41 14 17
41 16 25
41 17 13
41 18 27
41 19 11
41 21 31
41 26 33
41 27 57
41 30 3
41 36 28
41 37 6
41 40 12
42 0 40
42 2 6
42 3 17
42 4 53
42 5 14
42 6 20
42 8 48
42 10 20
42 11 9
42 12 28
42 14 35
42 15 48
42 16 42
42 19 1
42 20 54
42 21 50
42 25 54
42 28 27
42 29 20
42 30 18
42 34 27
42 35 53
42 36 31
42 37 9
42 38 4
43 1 8
43 2 10
43 4 27
43 5 5
43 7 26
43 8 35
43 9 13
43 11 17
43 12 43
43 13 31
43 15 60
43 16 31
43 17 55
43 19 47
43 20 35
43 22 4
43 24 55
43 29 44
43 30 47
43 31 42
43 32 56
43 34 45
43 39 20
43 40 30
43 41 13
44 1 59
44 3 47
44 7 22
44 9 32
44 10 25
44 11 32
44 14 51
44 15 39
44 17 3
44 18 58
44 20 6
44 21 41
44 24 2
44 26 15
44 27 52
44 29 9
44 30 22
44 35 35
44 36 14
44 40 51
44 41 34
44 42 27
45 2 34
45 3 37
45 7 17
45 9 48
45 11 38
45 12 20
45 16 28
45 17 46
45 18 9
45 20 58
45 21 24
45 25 39
45 28 42
45 31 1
45 32 12
45 34 13
45 36 5
45 37 24
45 40 2
46 0 23
46 4 5
46 5 3
46 7 7
46 9 31
46 10 46
46 11 13
46 12 58
46 14 42
46 15 53
46 18 42
46 19 47
46 20 50
46 22 52
46 23 37
46 26 13
46 27 4
46 28 34
46 29 43
46 30 17
46 32 50
46 34 21
46 38 1
46 39 15
46 40 20
46 42 44
46 43 40
47 1 47
47 4 14
47 5 25
47 7 37
47 8 45
47 10 23
47 11 17
47 12 51
47 19 46
47 20 24
47 21 33
47 23 24
47 24 37
47 28 30
47 29 9
47 30 10
47 32 52
47 34 14
47 36 22
47 38 39
47 41 1
47 43 56
48 1 18
48 3 55
48 4 50
48 6 30
48 10 46
48 11 59
48 12 52
48 18 31
48 20 23
48 22 43
48 23 19
48 24 32
48 26 31
48 28 56
48 29 49
48 31 23
48 32 2
48 33 37
48 34 23
48 35 11
48 36 53
48 37 24
48 41 45
48 44 38
48 46 54
49 0 57
49 3 53
49 5 51
49 9 56
49 10 21
49 12 34
49 20 20
49 21 28
49 22 56
49 24 54
49 27 37
49 28 14
49 29 41
49 30 20
49 31 48
49 32 39
49 33 39
49 34 44
49 35 8
49 36 6
49 42 18
49 44 51
49 46 56
49 47 50
