40
1 0 22
2 0 2
2 1 18
3 1 59
3 2 14
4 0 1
4 1 4
4 3 24
5 0 37
5 2 55
5 3 71
5 4 56
6 0 54
6 2 23
6 3 11
7 0 60
7 6 14
8 0 34
8 1 7
8 3 5
8 5 34
8 7 36
9 0 13
9 2 20
9 3 78
10 0 25
10 5 15
11 2 47
11 4 37
11 8 61
12 1 17
12 3 1
12 5 8
12 8 29
13 0 4
13 1 23
13 2 30
13 3 25
13 4 7
13 5 70
13 7 39
13 8 22
13 12 58
14 0 45
14 1 62
14 2 61
14 3 71
14 4 64
14 7 60
14 10 64
14 12 28
15 2 63
15 4 19
15 5 65
15 7 42
15 8 27
15 9 50
15 10 50
15 11 56
15 12 23
15 13 78
16 0 38
16 1 37
16 2 22
16 3 26
16 6 63
16 7 61
16 14 54
17 3 59
17 4 22
17 7 66
17 8 12
17 9 61
17 10 55
17 11 70
17 12 38
17 15 34
17 16 38
18 0 31
18 2 12
18 5 63
18 6 49
18 10 57
18 13 42
18 14 15
18 15 72
19 1 73
19 2 33
19 4 55
19 10 8
19 11 70
19 13 73
19 14 30
19 16 39
19 17 27
19 18 47
20 0 63
20 2 79
20 6 17
20 8 49
20 9 31
20 11 13
20 13 13
20 16 50
20 18 71
20 19 47
21 4 45
21 5 28
21 7 51
21 10 14
21 11 70
21 12 39
21 19 71
22 0 35
22 1 39
22 3 33
22 5 8
22 7 8
22 9 48
22 15 30
22 16 48
22 19 60
22 20 41
23 1 32
23 2 14
23 3 3
23 7 1
23 8 3
23 13 56
23 14 6
23 16 41
23 17 18
23 21 31
24 3 8
24 4 18
24 6 19
24 7 80
24 10 71
24 11 68
24 12 50
24 13 12
24 14 54
24 17 56
24 21 65
24 22 55
25 1 35
25 3 17
25 4 45
25 7 39
25 10 31
25 11 41
25 14 74
25 15 37
25 18 46
25 19 5
25 20 45
25 21 31
25 22 15
25 23 80
25 24 9
26 0 49
26 1 19
26 2 80
26 3 51
26 5 15
26 6 67
26 8 49
26 9 6
26 11 48
26 13 47
26 14 66
26 15 3
26 18 32
26 19 9
26 20 69
26 22 60
26 24 62
26 25 13
27 0 35
27 1 30
27 3 62
27 5 39
27 7 52
27 8 9
27 13 68
27 16 18
27 19 31
27 25 12
28 0 6
28 1 8
28 2 63
28 5 11
28 7 63
28 8 38
28 9 12
28 11 37
28 12 60
28 13 64
28 16 6
28 18 75
28 19 68
28 22 20
28 23 26
28 24 53
28 25 80
28 26 14
28 27 76
29 2 26
29 5 41
29 6 31
29 8 12
29 11 31
29 15 16
29 16 6
29 18 24
29 23 38
29 25 65
29 27 59
30 1 50
30 2 47
30 3 15
30 4 43
30 7 21
30 10 76
30 16 13
30 18 10
30 19 13
30 20 56
30 23 8
30 24 69
30 25 25
30 26 35
30 29 12
31 0 60
31 3 58
31 5 33
31 9 72
31 10 37
31 11 49
31 12 21
31 15 61
31 16 9
31 18 23
31 22 37
31 23 24
31 24 9
31 26 48
31 27 70
31 29 20
31 30 19
32 0 65
32 1 13
32 3 7
32 7 12
32 12 14
32 13 32
32 14 38
32 15 77
32 16 62
32 18 3
32 21 56
32 22 27
32 23 5
32 26 75
32 29 48
33 0 55
33 3 16
33 4 75
33 9 11
33 12 21
33 13 39
33 15 33
33 16 8
33 17 31
33 19 7
33 20 62
33 25 63
33 26 60
33 27 52
33 28 78
33 30 75
34 0 74
34 2 59
34 3 50
34 6 15
34 7 62
34 11 1
34 13 16
34 18 75
34 21 68
34 25 71
34 27 59
34 31 39
34 32 52
34 33 40
35 0 65
35 2 18
35 3 76
35 8 32
35 10 78
35 11 57
35 12 25
35 16 8
35 17 26
35 21 38
35 25 31
35 28 55
35 30 8
35 32 11
36 3 16
36 7 60
36 8 72
36 9 3
36 10 31
36 11 29
36 12 45
36 13 12
36 14 29
36 15 73
36 17 64
36 24 67
36 26 28
36 27 22
36 31 60
36 34 30
37 1 62
37 2 80
37 3 77
37 4 35
37 6 51
37 7 51
37 8 19
37 9 55
37 10 42
37 12 67
37 14 11
37 18 28
37 20 24
37 21 39
37 22 74
37 23 25
37 24 19
37 26 24
37 27 59
37 29 30
37 30 72
37 31 75
37 33 76
37 35 29
37 36 4
38 1 45
38 2 61
38 4 61
38 5 76
38 6 64
38 8 4
38 10 74
38 12 68
38 13 29
38 14 49
38 16 16
38 21 23
38 23 75
38 25 34
38 27 54
38 32 22
38 35 3
38 37 65
39 0 64
39 2 69
39 3 18
39 4 10
39 8 74
39 9 59
39 10 20
39 11 15
39 13 64
39 21 23
39 22 63
39 28 50
39 29 19
39 30 35
39 36 9
39 38 2
