30
1 0 23
3 0 6
3 1 14
3 2 30
4 0 8
4 3 14
5 0 38
5 1 1
5 3 24
6 1 20
6 3 36
6 4 14
7 3 18
7 6 9
8 0 37
8 1 11
8 2 7
8 3 22
8 4 13
8 7 27
9 1 17
9 4 22
9 5 3
9 7 7
10 0 28
10 1 27
10 2 14
10 5 40
10 8 18
11 1 20
11 4 20
11 5 14
11 6 7
11 7 27
11 8 31
11 9 11
12 2 38
12 10 5
12 11 35
13 0 25
13 2 5
13 5 13
13 6 25
13 7 5
13 8 36
13 10 5
13 11 37
13 12 33
14 2 23
14 4 16
14 5 19
14 8 4
14 9 6
14 10 27
14 11 21
14 12 28
14 13 24
15 6 35
15 7 4
15 9 29
15 10 32
15 12 3
15 14 15
16 0 22
16 2 32
16 3 27
16 4 2
16 5 12
16 6 11
16 7 30
16 8 40
16 12 28
16 13 25
17 2 40
17 6 26
17 11 14
17 12 11
17 13 17
17 14 3
17 16 33
18 0 33
18 1 32
18 2 15
18 3 12
18 4 34
18 5 2
18 6 15
18 7 20
18 9 23
18 10 21
18 13 14
18 17 32
19 1 11
19 3 10
19 7 9
19 8 32
19 9 36
19 12 7
19 14 2
19 15 33
19 17 13
19 18 13
20 0 20
20 1 25
20 2 6
20 3 16
20 5 18
20 6 5
20 7 18
20 8 35
20 9 15
20 11 19
20 14 11
20 17 23
20 18 9
20 19 5
21 0 25
21 1 37
21 3 32
21 6 27
21 7 2
21 8 3
21 9 30
21 13 4
21 14 38
21 15 25
22 0 34
22 1 25
22 5 34
22 13 23
22 15 37
22 16 1
22 17 17
22 18 1
22 20 11
22 21 24
23 2 39
23 4 13
23 5 23
23 7 12
23 10 34
23 11 6
23 13 11
23 18 13
23 19 38
23 20 19
23 22 13
24 2 18
24 6 38
24 10 26
24 11 40
24 12 29
24 13 26
24 15 34
24 16 22
24 17 8
24 19 2
24 21 33
24 22 23
25 0 18
25 1 33
25 2 27
25 3 29
25 5 32
25 7 23
25 11 5
25 12 33
25 14 6
25 16 28
25 17 1
25 18 39
25 21 26
26 15 19
26 16 27
26 20 17
26 21 13
26 23 36
26 24 39
27 0 27
27 2 21
27 3 10
27 5 4
27 7 28
27 9 30
27 11 40
27 14 16
27 18 29
27 19 22
27 22 11
27 24 39
27 25 3
28 0 19
28 2 27
28 4 29
28 7 12
28 8 22
28 9 38
28 10 14
28 11 3
28 15 36
28 20 13
28 22 6
28 23 5
28 25 25
28 27 31
29 1 4
29 2 2
29 3 15
29 4 22
29 5 31
29 8 33
29 13 25
29 22 8
29 23 30
29 24 13
