60
2 0 38
2 1 62
3 0 29
3 1 43
4 0 73
4 1 81
5 0 23
5 3 35
5 4 31
6 2 47
6 4 56
6 5 91
7 0 103
7 3 75
8 0 11
8 1 23
8 3 22
8 4 39
8 5 4
9 1 24
9 2 87
9 3 30
9 4 84
9 7 8
10 1 95
10 2 17
10 3 63
10 4 2
10 6 18
10 7 7
11 2 82
11 4 36
11 6 51
11 7 42
11 10 1
12 4 112
12 6 15
12 8 28
12 11 93
13 4 79
13 5 17
13 6 22
13 9 33
13 10 54
13 11 98
14 3 39
14 7 1
14 9 36
14 10 94
14 11 1
15 1 6
15 5 56
15 6 18
15 7 61
15 9 19
15 10 42
15 11 117
15 12 58
16 0 70
16 1 103
16 4 92
16 5 59
16 6 19
16 7 95
16 10 61
16 13 63
17 0 82
17 1 61
17 2 106
17 5 84
17 10 61
17 12 105
17 15 33
18 2 66
18 3 58
18 4 82
18 9 5
18 10 22
18 11 13
18 12 25
18 13 52
18 14 119
18 15 12
18 17 94
19 0 12
19 1 30
19 3 115
19 4 73
19 5 2
19 9 109
19 12 116
19 17 42
20 1 80
20 4 69
20 5 33
20 6 10
20 8 109
20 9 102
20 11 111
20 12 117
20 13 85
20 15 41
20 16 35
20 17 24
20 18 108
20 19 98
21 0 68
21 1 7
21 2 12
21 4 103
21 7 36
21 8 113
21 10 108
21 11 120
21 14 112
21 16 114
21 18 108
21 19 73
21 20 29
22 1 87
22 2 32
22 5 58
22 12 38
22 14 105
22 15 88
22 16 95
22 19 11
22 21 113
23 0 98
23 2 33
23 4 36
23 5 72
23 7 95
23 10 68
23 18 59
23 20 107
23 21 100
24 0 83
24 3 42
24 4 104
24 6 6
24 8 87
24 13 54
24 14 116
24 15 9
24 17 1
24 18 95
24 19 9
24 20 118
24 21 48
25 0 67
25 2 40
25 5 73
25 11 11
25 12 31
25 13 46
25 14 79
25 15 117
25 18 5
25 19 37
25 20 67
25 21 55
25 22 82
26 0 35
26 1 85
26 4 5
26 7 84
26 8 120
26 9 84
26 11 26
26 14 69
26 15 24
26 16 57
26 18 69
26 22 3
26 25 88
27 0 54
27 5 86
27 7 119
27 11 111
27 12 9
27 13 45
27 16 29
27 18 113
27 20 73
27 22 66
27 23 16
27 24 119
28 0 14
28 3 114
28 7 38
28 8 46
28 9 97
28 10 118
28 13 63
28 14 59
28 15 13
28 19 65
28 21 50
28 22 17
28 23 92
28 25 75
28 26 6
29 0 52
29 2 88
29 9 35
29 14 25
29 15 48
29 18 116
29 19 88
29 20 35
29 24 21
29 27 64
29 28 43
30 1 94
30 2 89
30 3 33
30 5 46
30 6 3
30 7 49
30 8 89
30 10 54
30 11 119
30 13 35
30 16 27
30 17 3
30 22 76
30 23 24
30 25 112
30 29 39
31 1 6
31 2 48
31 4 41
31 5 110
31 12 4
31 15 45
31 18 47
31 23 75
31 24 22
31 26 75
31 28 74
32 2 49
32 3 91
32 4 29
32 6 117
32 10 15
32 11 56
32 13 60
32 19 5
32 23 57
32 26 42
32 27 13
32 28 65
32 31 36
33 1 107
33 2 117
33 4 104
33 5 113
33 6 95
33 7 8
33 11 94
33 14 92
33 15 52
33 17 113
33 19 38
33 25 87
33 31 24
34 0 37
34 1 96
34 2 19
34 4 18
34 5 4
34 6 14
34 8 4
34 9 81
34 14 77
34 15 66
34 16 82
34 17 99
34 18 102
34 21 83
34 22 66
34 23 6
34 25 74
34 29 54
34 30 79
35 0 31
35 1 109
35 3 69
35 4 79
35 6 102
35 9 74
35 10 64
35 11 54
35 13 120
35 14 107
35 15 67
35 21 46
35 23 2
35 24 48
35 25 31
35 27 66
35 28 35
35 29 79
35 30 102
35 32 41
36 3 119
36 4 24
36 8 33
36 11 8
36 14 42
36 20 91
36 21 40
36 23 101
36 24 76
36 26 28
36 27 59
36 31 45
36 32 37
37 2 74
37 4 73
37 6 118
37 9 103
37 13 3
37 17 48
37 19 52
37 20 59
37 27 111
37 28 51
37 34 92
37 36 78
38 0 114
38 1 51
38 2 15
38 3 117
38 4 34
38 6 38
38 7 14
38 8 23
38 10 36
38 14 45
38 15 106
38 16 33
38 18 12
38 22 89
38 23 86
38 24 1
38 31 17
38 32 100
38 33 52
38 37 34
39 0 5
39 1 6
39 6 45
39 7 61
39 8 71
39 12 30
39 13 20
39 15 30
39 19 39
39 24 93
39 26 66
39 27 99
39 28 49
39 32 57
39 34 8
39 35 59
40 1 104
40 2 106
40 5 54
40 7 119
40 10 69
40 11 82
40 15 117
40 16 21
40 17 96
40 18 100
40 19 67
40 21 101
40 22 65
40 23 78
40 25 102
40 27 69
40 28 18
40 29 78
40 31 116
40 32 76
40 33 50
40 34 73
40 36 62
41 0 64
41 1 108
41 2 117
41 5 18
41 8 13
41 11 16
41 15 107
41 16 51
41 17 86
41 19 21
41 21 3
41 22 77
41 24 109
41 25 100
41 28 98
41 30 3
41 31 105
41 32 112
41 35 52
41 37 35
42 0 48
42 1 82
42 2 98
42 3 6
42 4 51
42 5 27
42 6 73
42 7 107
42 8 114
42 13 77
42 14 18
42 15 48
42 19 119
42 21 36
42 22 54
42 23 35
42 26 72
42 27 118
42 28 23
42 29 13
42 30 53
42 31 28
42 32 90
42 35 1
42 38 102
42 40 114
42 41 74
43 0 87
43 2 112
43 6 28
43 11 37
43 12 49
43 15 2
43 16 75
43 17 82
43 20 49
43 23 50
43 25 99
43 26 71
43 28 115
43 32 10
43 33 3
43 34 40
43 37 36
44 0 61
44 1 78
44 2 96
44 3 116
44 4 74
44 5 84
44 6 43
44 8 85
44 10 83
44 11 49
44 12 24
44 13 58
44 19 77
44 20 7
44 21 55
44 22 71
44 23 73
44 25 55
44 26 96
44 27 22
44 33 84
44 36 6
44 38 40
44 39 104
44 40 58
44 42 60
44 43 39
45 0 63
45 2 10
45 4 76
45 5 75
45 6 86
45 7 12
45 8 56
45 9 69
45 16 71
45 17 5
45 22 71
45 24 19
45 28 51
45 31 2
45 32 74
45 34 5
45 36 112
45 38 4
45 39 88
45 41 38
46 0 82
46 5 120
46 6 75
46 7 49
46 11 29
46 13 89
46 16 41
46 17 46
46 24 13
46 25 20
46 27 77
46 29 16
46 30 12
46 31 35
46 34 64
46 35 33
46 40 65
46 42 79
46 44 60
46 45 32
47 0 16
47 2 39
47 3 71
47 4 61
47 8 5
47 13 101
47 14 49
47 15 91
47 16 64
47 19 47
47 21 43
47 23 59
47 24 111
47 25 94
47 26 74
47 28 40
47 30 30
47 40 28
47 41 11
47 43 41
47 46 85
48 0 23
48 1 29
48 3 35
48 5 2
48 10 96
48 11 7
48 12 92
48 17 13
48 18 119
48 22 45
48 23 21
48 24 66
48 27 10
48 29 57
48 30 92
48 32 105
48 33 98
48 34 106
48 35 67
48 37 104
48 38 92
48 42 114
48 44 65
48 46 18
48 47 48
49 0 63
49 2 54
49 3 21
49 4 72
49 5 102
49 6 94
49 7 11
49 8 11
49 9 96
49 11 23
49 12 38
49 13 82
49 16 3
49 18 25
49 19 48
49 20 62
49 21 72
49 24 34
49 25 34
49 27 17
49 32 16
49 35 22
49 40 106
49 47 2
50 2 76
50 5 69
50 8 98
50 9 94
50 10 110
50 13 15
50 15 108
50 18 116
50 20 59
50 25 5
50 26 99
50 28 24
50 29 35
50 31 120
50 35 119
50 37 70
50 40 113
50 42 79
50 43 81
50 48 74
51 0 89
51 1 40
51 2 97
51 4 103
51 5 45
51 8 34
51 10 75
51 12 82
51 13 82
51 16 9
51 17 37
51 18 109
51 20 83
51 22 54
51 24 105
51 25 80
51 27 94
51 30 118
51 32 30
51 33 7
51 37 54
51 39 94
51 41 6
51 42 57
51 44 48
51 45 72
51 46 49
51 50 84
52 0 111
52 1 14
52 3 80
52 4 114
52 7 24
52 11 29
52 12 96
52 13 26
52 14 65
52 16 7
52 17 109
52 18 112
52 20 23
52 25 95
52 28 94
52 30 65
52 34 4
52 35 97
52 37 7
52 38 64
52 41 47
52 45 43
52 47 98
52 49 102
53 0 6
53 3 5
53 6 92
53 7 2
53 8 58
53 10 89
53 14 117
53 15 5
53 16 76
53 18 71
53 19 19
53 22 35
53 24 26
53 26 16
53 27 101
53 28 56
53 29 89
53 30 14
53 35 95
53 36 11
53 38 70
53 40 28
53 42 62
53 46 77
53 48 105
53 50 96
53 51 50
53 52 59
54 0 93
54 2 41
54 5 57
54 7 99
54 8 38
54 11 73
54 13 111
54 14 62
54 17 105
54 18 2
54 20 27
54 25 4
54 26 88
54 28 22
54 30 82
54 31 113
54 33 52
54 36 23
54 38 85
54 40 116
54 41 58
54 44 2
54 46 69
54 47 76
54 51 109
55 0 20
55 1 30
55 6 48
55 8 23
55 11 64
55 12 97
55 14 104
55 17 22
55 18 36
55 19 48
55 20 117
55 21 42
55 22 13
55 25 23
55 27 92
55 30 37
55 31 44
55 32 104
55 33 36
55 34 55
55 35 49
55 38 6
55 39 66
55 40 45
55 42 65
55 45 89
55 46 45
55 48 100
55 49 30
55 50 17
56 0 66
56 1 33
56 2 44
56 4 79
56 6 105
56 9 97
56 10 42
56 13 18
56 14 111
56 16 66
56 18 6
56 25 3
56 26 30
56 27 50
56 28 70
56 29 31
56 31 77
56 32 58
56 33 94
56 35 46
56 36 96
56 40 24
56 41 85
56 42 89
56 43 66
56 44 45
56 45 103
56 46 28
56 47 44
56 49 103
56 51 27
56 52 94
56 53 92
56 55 88
57 0 84
57 1 61
57 2 110
57 6 76
57 11 23
57 12 35
57 14 117
57 15 61
57 17 100
57 18 1
57 19 69
57 20 118
57 21 78
57 24 116
57 25 3
57 26 4
57 28 70
57 29 84
57 35 115
57 38 43
57 39 100
57 42 83
57 43 10
57 44 96
57 45 28
57 46 60
57 47 81
57 51 87
57 52 100
57 54 36
57 56 92
58 2 32
58 4 92
58 5 110
58 6 65
58 8 96
58 10 88
58 12 69
58 13 32
58 14 17
58 15 84
58 17 32
58 18 6
58 19 30
58 22 3
58 24 58
58 25 43
58 29 60
58 31 60
58 33 4
58 34 56
58 35 85
58 38 48
58 40 35
58 41 96
58 45 15
58 46 93
58 47 90
58 48 90
58 49 56
58 50 82
58 54 116
58 56 11
58 57 78
59 0 108
59 2 63
59 4 86
59 5 101
59 6 60
59 7 117
59 9 39
59 10 104
59 11 16
59 18 11
59 24 57
59 26 72
59 29 77
59 30 118
59 32 12
59 34 72
59 39 114
59 42 40
59 43 107
59 44 96
59 46 110
59 48 46
59 49 62
59 50 48
59 52 41
59 54 28
59 55 58
