70
1 0 29
2 0 30
3 2 4
4 0 19
5 0 34
5 2 17
5 4 30
6 1 29
6 3 29
6 5 9
7 1 10
7 2 25
7 3 5
7 4 9
8 1 16
8 4 35
8 5 13
8 7 27
9 0 36
9 3 20
9 4 30
9 5 17
9 6 16
9 7 39
9 8 29
10 4 33
10 9 34
11 1 34
11 3 17
11 4 9
11 5 5
11 8 22
11 9 33
11 10 16
12 0 8
12 3 29
12 4 37
12 5 16
12 6 39
12 8 40
12 10 5
13 1 25
13 5 19
13 6 40
13 9 11
13 10 14
13 11 26
14 3 12
14 6 9
14 8 35
14 9 39
14 12 37
14 13 21
15 0 13
15 1 33
15 4 9
15 6 21
15 9 13
15 12 22
16 0 10
16 2 3
16 6 31
16 7 9
16 8 31
16 9 19
16 10 1
16 12 29
16 14 15
16 15 31
17 0 9
17 1 13
17 3 17
17 5 30
17 9 38
17 11 21
17 13 40
17 16 3
18 2 27
18 4 21
18 7 11
18 8 28
18 9 4
18 10 4
18 11 31
18 15 34
19 0 15
19 1 37
19 2 7
19 4 25
19 5 40
19 6 19
19 7 34
19 10 3
19 15 11
19 16 19
20 2 4
20 3 25
20 4 9
20 5 11
20 6 35
20 7 3
20 13 12
20 14 39
20 16 8
21 2 17
21 3 35
21 4 5
21 5 20
21 6 4
21 12 20
21 14 18
21 16 19
21 17 40
21 19 11
21 20 15
22 0 5
22 2 1
22 3 39
22 4 8
22 5 13
22 7 35
22 11 10
22 13 26
22 16 11
22 17 39
22 18 33
23 2 38
23 7 14
23 8 33
23 9 4
23 10 32
23 11 5
23 14 40
23 15 35
23 17 12
23 22 25
24 0 30
24 5 10
24 7 2
24 11 29
24 14 36
24 15 20
24 16 17
24 17 10
24 19 13
24 23 26
25 0 19
25 2 23
25 3 28
25 6 4
25 7 28
25 9 15
25 10 4
25 12 30
25 15 4
25 16 29
25 21 29
25 22 2
26 1 31
26 2 17
26 3 13
26 5 38
26 6 12
26 9 3
26 10 18
26 13 27
26 14 13
26 15 39
26 20 27
26 21 21
27 0 2
27 4 8
27 6 8
27 12 18
27 18 13
27 19 26
27 20 3
27 21 25
27 24 6
28 2 8
28 3 30
28 4 20
28 6 33
28 7 32
28 9 19
28 11 40
28 13 23
28 14 16
28 15 34
28 16 36
28 17 10
28 18 21
28 19 13
28 20 4
28 23 16
28 24 38
29 2 40
29 3 24
29 4 33
29 5 7
29 6 19
29 7 3
29 9 9
29 10 13
29 11 11
29 12 16
29 17 35
29 18 18
29 19 6
29 23 31
29 28 12
30 2 6
30 3 35
30 4 21
30 6 17
30 8 34
30 9 29
30 11 9
30 13 26
30 14 5
30 16 5
30 18 39
30 19 10
30 20 21
30 21 31
30 24 33
30 25 26
30 28 31
31 1 29
31 3 3
31 5 21
31 6 34
31 7 8
31 8 6
31 14 39
31 15 1
31 16 25
31 17 36
31 18 19
31 20 31
31 24 20
31 26 23
31 27 6
31 28 23
31 30 2
32 0 13
32 1 3
32 4 2
32 5 25
32 6 19
32 7 9
32 8 4
32 11 19
32 12 8
32 13 1
32 14 24
32 16 25
32 17 29
32 21 7
32 26 35
32 30 27
32 31 29
33 0 31
33 1 28
33 2 16
33 3 23
33 10 30
33 13 33
33 14 21
33 16 17
33 17 3
33 18 29
33 21 36
33 23 32
33 24 19
33 27 33
33 28 31
33 30 27
33 32 7
34 0 37
34 1 10
34 4 40
34 6 22
34 8 36
34 9 11
34 12 38
34 14 19
34 17 6
34 20 26
34 21 20
34 22 32
34 23 32
34 25 14
34 26 15
34 28 29
34 31 7
34 32 39
34 33 10
35 0 18
35 3 20
35 4 30
35 5 24
35 6 4
35 7 31
35 9 33
35 10 8
35 11 7
35 12 26
35 14 10
35 16 7
35 17 22
35 18 11
35 19 9
35 21 35
35 22 36
35 26 40
35 28 12
35 29 35
35 30 25
35 31 17
35 32 13
35 33 29
36 1 12
36 4 28
36 5 15
36 7 27
36 8 6
36 12 20
36 14 33
36 16 36
36 21 13
36 22 14
36 24 7
36 25 32
36 26 17
36 27 14
36 29 26
36 30 16
36 32 38
36 34 6
37 1 30
37 6 38
37 7 36
37 10 7
37 12 33
37 16 3
37 17 40
37 19 3
37 20 34
37 22 39
37 23 14
37 24 17
37 26 32
37 28 33
37 31 39
37 32 18
37 33 23
37 34 21
38 0 18
38 3 31
38 7 30
38 8 35
38 9 19
38 11 33
38 13 32
38 16 35
38 17 8
38 18 30
38 21 31
38 23 14
38 26 38
38 27 7
38 28 33
38 33 22
38 36 14
39 3 36
39 6 4
39 9 5
39 12 28
39 14 3
39 15 29
39 16 8
39 17 26
39 21 31
39 25 21
39 26 28
39 31 20
39 33 3
39 35 30
39 36 20
39 37 10
39 38 8
40 5 27
40 6 29
40 7 20
40 12 40
40 13 33
40 15 39
40 16 23
40 18 34
40 19 32
40 20 4
40 21 3
40 22 7
40 23 6
40 25 38
40 28 40
40 29 17
40 30 4
40 33 6
40 35 28
40 38 27
40 39 32
41 0 37
41 1 10
41 3 19
41 4 6
41 5 21
41 7 6
41 13 6
41 14 19
41 15 39
41 19 31
41 21 40
41 22 23
41 23 15
41 30 23
41 34 18
41 39 14
42 0 3
42 1 17
42 3 15
42 4 10
42 7 32
42 10 2
42 12 13
42 15 22
42 17 3
42 18 40
42 19 36
42 20 28
42 21 18
42 23 10
42 25 1
42 26 15
42 27 25
42 29 27
42 31 14
42 32 22
42 34 12
42 35 24
42 37 13
42 39 25
42 40 33
42 41 14
43 0 26
43 2 27
43 3 11
43 4 3
43 5 3
43 6 3
43 9 23
43 10 8
43 17 11
43 21 28
43 22 21
43 23 8
43 25 24
43 26 38
43 29 11
43 30 38
43 31 27
43 33 5
43 34 14
43 35 27
43 38 36
43 41 7
44 0 12
44 1 16
44 3 15
44 4 18
44 5 6
44 9 23
44 10 17
44 16 34
44 18 37
44 19 31
44 22 12
44 24 33
44 27 6
44 29 35
44 30 15
44 32 7
44 33 36
44 36 15
44 37 37
44 38 30
44 39 36
44 40 13
44 41 29
44 42 25
44 43 40
45 1 19
45 3 37
45 4 25
45 5 9
45 6 36
45 7 21
45 8 25
45 9 29
45 10 39
45 11 9
45 12 34
45 16 16
45 21 27
45 23 12
45 24 39
45 25 12
45 26 35
45 29 40
45 32 4
45 37 3
45 39 33
45 40 2
45 41 1
46 1 12
46 2 21
46 4 20
46 8 16
46 10 25
46 12 11
46 16 23
46 19 7
46 20 18
46 22 28
46 23 7
46 25 33
46 26 6
46 29 19
46 30 4
46 31 16
46 32 23
46 35 32
46 36 38
46 37 24
46 40 40
46 41 25
46 43 3
46 45 32
47 0 23
47 5 9
47 7 13
47 10 5
47 11 8
47 13 5
47 20 16
47 21 19
47 22 12
47 23 14
47 24 22
47 28 26
47 29 1
47 30 15
47 31 17
47 32 8
47 35 35
47 37 4
47 38 35
47 41 31
47 42 20
48 1 16
48 5 24
48 10 3
48 11 36
48 13 13
48 16 21
48 17 34
48 18 26
48 20 1
48 23 1
48 26 4
48 29 26
48 30 1
48 31 1
48 33 35
48 36 3
48 37 40
48 41 37
48 43 35
48 47 1
49 0 37
49 2 28
49 4 25
49 5 6
49 6 8
49 11 18
49 13 13
49 14 31
49 15 8
49 19 33
49 20 14
49 23 5
49 24 34
49 25 31
49 26 40
49 29 39
49 30 29
49 32 29
49 37 26
49 38 38
49 44 27
49 45 10
49 46 7
49 47 5
49 48 20
50 1 40
50 2 40
50 3 21
50 5 35
50 6 13
50 7 34
50 11 31
50 12 34
50 13 14
50 17 35
50 18 35
50 21 6
50 28 34
50 29 11
50 33 25
50 35 23
50 37 19
50 40 31
50 43 24
50 44 26
50 46 8
50 47 25
50 48 6
51 0 37
51 8 30
51 9 1
51 13 10
51 15 25
51 18 37
51 21 14
51 24 7
51 26 21
51 28 35
51 29 35
51 32 34
51 33 19
51 36 29
51 40 35
51 42 29
51 43 33
51 47 2
51 48 14
51 50 32
52 1 19
52 2 2
52 3 33
52 6 5
52 7 39
52 10 20
52 11 9
52 13 39
52 14 7
52 20 37
52 23 18
52 24 33
52 25 3
52 28 14
52 29 3
52 32 15
52 33 39
52 34 5
52 35 19
52 38 14
52 39 5
52 43 23
52 44 13
52 49 19
52 51 28
53 1 11
53 4 22
53 5 34
53 6 27
53 9 38
53 11 32
53 13 21
53 14 26
53 15 23
53 16 15
53 17 37
53 18 40
53 25 34
53 28 8
53 29 15
53 30 25
53 32 24
53 33 5
53 34 1
53 35 25
53 36 39
53 43 7
53 45 34
53 49 39
53 50 36
53 52 25
54 1 28
54 3 40
54 4 15
54 6 1
54 13 22
54 16 28
54 21 14
54 22 18
54 24 15
54 25 11
54 26 26
54 27 23
54 28 13
54 29 3
54 30 38
54 31 35
54 32 9
54 33 36
54 34 14
54 36 6
54 37 29
54 38 13
54 40 38
54 43 33
54 47 8
54 48 35
54 49 27
54 50 10
54 52 5
54 53 19
55 0 27
55 1 17
55 2 28
55 4 14
55 6 29
55 8 24
55 10 10
55 12 19
55 13 33
55 14 3
55 15 31
55 17 15
55 19 21
55 22 38
55 24 14
55 25 11
55 28 30
55 33 2
55 35 13
55 36 32
55 38 26
55 39 39
55 40 8
55 43 39
55 46 27
55 48 30
55 50 33
55 52 21
55 54 33
56 0 32
56 1 36
56 3 39
56 5 40
56 6 15
56 7 11
56 8 21
56 11 27
56 14 11
56 16 25
56 17 20
56 18 14
56 20 36
56 21 30
56 23 38
56 27 18
56 29 28
56 30 3
56 35 33
56 36 34
56 37 19
56 38 16
56 40 8
56 50 29
56 51 10
56 53 5
56 54 30
57 1 4
57 2 22
57 5 15
57 6 13
57 9 39
57 12 16
57 13 13
57 17 30
57 18 36
57 19 25
57 20 30
57 22 13
57 23 24
57 24 25
57 29 28
57 31 17
57 32 5
57 34 6
57 35 16
57 36 29
57 38 11
57 41 39
57 44 32
57 47 10
57 50 25
57 51 31
57 52 40
57 53 29
57 55 15
57 56 36
58 0 39
58 1 38
58 2 1
58 6 24
58 9 17
58 12 36
58 13 29
58 15 13
58 17 21
58 18 20
58 20 2
58 21 7
58 22 19
58 23 26
58 24 9
58 25 22
58 32 31
58 33 6
58 35 8
58 36 34
58 38 36
58 39 38
58 42 3
58 43 31
58 44 1
58 48 37
58 49 2
58 51 32
58 55 15
58 56 31
59 0 3
59 1 6
59 2 5
59 3 32
59 4 16
59 5 40
59 9 8
59 10 6
59 13 28
59 16 17
59 20 25
59 23 34
59 24 17
59 25 8
59 26 7
59 29 4
59 30 37
59 33 3
59 35 1
59 37 40
59 39 35
59 41 7
59 43 2
59 44 2
59 45 34
59 48 31
59 50 5
59 55 17
59 57 32
60 2 14
60 3 34
60 4 9
60 5 4
60 6 2
60 7 22
60 8 9
60 9 36
60 10 15
60 12 6
60 13 37
60 15 9
60 16 20
60 17 38
60 18 23
60 19 20
60 20 40
60 24 6
60 25 36
60 29 16
60 30 34
60 32 26
60 36 2
60 37 21
60 38 24
60 40 3
60 41 21
60 48 2
60 49 3
60 50 15
60 53 25
60 56 30
60 57 9
60 59 15
61 0 4
61 6 40
61 9 17
61 10 38
61 11 17
61 12 3
61 15 10
61 16 13
61 19 4
61 21 22
61 22 10
61 25 4
61 26 9
61 27 34
61 28 33
61 30 35
61 32 26
61 33 3
61 34 35
61 36 36
61 38 40
61 39 14
61 40 22
61 41 10
61 44 15
61 47 2
61 49 20
61 51 15
61 53 31
61 54 20
61 56 4
61 60 34
62 1 39
62 4 20
62 6 34
62 9 9
62 12 22
62 14 36
62 15 37
62 18 32
62 19 24
62 20 3
62 21 36
62 22 37
62 23 7
62 24 25
62 25 35
62 28 21
62 29 7
62 34 19
62 36 9
62 37 23
62 38 32
62 44 18
62 48 14
62 50 38
62 51 5
62 52 19
62 53 29
62 54 35
62 56 32
62 60 13
63 1 11
63 2 32
63 3 23
63 5 25
63 7 15
63 10 30
63 14 24
63 15 18
63 20 21
63 23 15
63 24 7
63 27 31
63 30 10
63 31 7
63 33 28
63 34 33
63 39 34
63 41 16
63 44 22
63 46 39
63 54 39
63 55 39
63 56 21
63 58 18
63 59 17
63 60 12
63 61 8
63 62 2
64 0 26
64 1 21
64 3 30
64 4 18
64 5 39
64 6 8
64 7 12
64 9 1
64 10 18
64 13 3
64 16 30
64 19 7
64 20 8
64 22 13
64 23 37
64 26 33
64 28 19
64 29 28
64 30 26
64 31 40
64 32 12
64 33 40
64 36 27
64 39 17
64 40 36
64 42 12
64 45 19
64 46 12
64 48 4
64 49 31
64 50 30
64 51 17
64 52 10
64 53 26
64 57 11
64 59 24
64 60 22
65 0 17
65 1 14
65 3 16
65 5 34
65 6 20
65 7 32
65 8 15
65 9 9
65 11 5
65 12 23
65 13 1
65 14 19
65 17 2
65 19 5
65 20 3
65 23 3
65 26 17
65 29 26
65 30 39
65 31 1
65 35 3
65 39 1
65 45 39
65 46 5
65 48 34
65 50 33
65 52 37
65 56 3
65 58 29
65 59 12
65 60 33
65 63 18
66 0 16
66 1 37
66 3 31
66 4 13
66 6 15
66 7 6
66 10 29
66 13 2
66 15 35
66 16 16
66 18 35
66 21 20
66 24 22
66 26 17
66 27 37
66 29 2
66 35 34
66 38 11
66 39 34
66 41 5
66 42 30
66 48 37
66 49 4
66 50 23
66 51 23
66 54 17
66 55 40
66 56 26
66 59 20
66 60 22
66 61 28
66 62 40
66 63 40
66 64 35
67 0 3
67 2 9
67 4 36
67 5 32
67 7 15
67 8 11
67 9 34
67 10 11
67 12 26
67 13 21
67 17 37
67 18 15
67 21 25
67 24 19
67 27 3
67 28 36
67 33 33
67 35 39
67 37 31
67 39 31
67 42 23
67 43 28
67 45 6
67 47 38
67 48 13
67 50 9
67 52 39
67 53 19
67 55 26
67 57 40
67 58 12
67 59 20
67 60 20
67 61 29
67 62 1
67 63 24
67 66 18
68 0 2
68 3 31
68 4 32
68 5 32
68 6 22
68 7 15
68 9 36
68 11 31
68 13 9
68 15 34
68 20 14
68 21 20
68 22 7
68 23 31
68 24 7
68 25 39
68 29 2
68 30 33
68 31 36
68 32 32
68 33 22
68 36 3
68 39 1
68 41 3
68 45 1
68 47 6
68 50 4
68 52 25
68 53 1
68 54 25
68 55 3
68 57 14
68 59 35
68 60 34
68 67 32
69 3 9
69 5 2
69 6 4
69 7 7
69 9 38
69 10 20
69 11 27
69 14 40
69 15 14
69 16 7
69 18 32
69 21 22
69 22 23
69 27 15
69 29 17
69 30 30
69 31 25
69 32 11
69 33 38
69 34 37
69 36 9
69 37 32
69 39 8
69 44 34
69 46 6
69 51 21
69 52 36
69 54 26
69 55 37
69 56 4
69 57 23
69 58 21
69 60 35
69 63 36
69 64 33
69 65 39
69 68 6
