60
4 1 26
4 3 55
5 0 23
5 1 51
5 3 52
5 4 58
6 2 36
6 4 42
6 5 27
7 0 50
7 2 26
7 6 22
8 1 1
8 4 46
8 5 16
9 0 57
9 1 46
9 4 60
9 6 59
9 7 4
10 1 13
10 3 52
10 5 16
10 8 55
10 9 9
11 0 43
11 2 21
11 10 35
12 0 35
12 5 15
12 6 52
12 8 7
12 9 34
13 0 55
13 4 8
13 5 18
13 7 46
13 11 33
13 12 9
14 1 17
14 2 22
14 7 43
14 9 8
14 12 35
14 13 1
15 0 15
15 4 30
15 7 22
15 9 4
15 10 34
15 12 29
16 0 32
16 2 24
16 4 11
16 7 59
16 9 18
16 10 53
16 11 32
16 12 56
16 13 6
16 15 56
17 2 3
17 3 40
17 4 49
17 6 46
17 8 11
17 9 28
17 10 54
17 12 42
17 13 31
17 16 2
18 0 46
18 1 36
18 2 40
18 3 17
18 4 17
18 6 10
18 7 31
18 8 32
18 9 18
18 10 32
18 11 53
18 13 40
18 15 7
18 17 7
19 0 54
19 1 16
19 2 49
19 3 1
19 8 53
19 14 31
19 16 38
19 17 12
19 18 11
20 1 19
20 2 44
20 3 40
20 5 54
20 6 32
20 7 2
20 8 42
20 15 47
20 17 60
21 0 54
21 1 53
21 2 45
21 4 34
21 5 10
21 7 25
21 9 28
21 13 48
21 14 6
21 15 48
21 18 5
21 20 54
22 1 46
22 2 36
22 3 3
22 4 27
22 7 50
22 8 53
22 9 45
22 10 24
22 11 10
22 14 49
22 15 2
22 16 38
22 18 28
22 19 3
23 0 29
23 1 46
23 2 46
23 4 18
23 6 10
23 8 24
23 9 24
23 10 17
23 11 52
23 14 9
23 15 56
23 16 50
23 19 50
24 0 20
24 2 12
24 4 7
24 5 28
24 6 9
24 9 17
24 12 15
24 13 49
24 14 36
24 18 45
24 22 8
25 2 52
25 3 35
25 4 8
25 5 32
25 8 25
25 11 3
25 14 3
25 15 30
25 19 52
25 20 46
25 21 43
25 23 10
26 0 30
26 1 34
26 2 25
26 5 48
26 6 15
26 9 4
26 10 35
26 12 19
26 13 10
26 14 42
26 18 14
26 19 17
26 20 42
26 22 28
26 24 42
26 25 29
27 0 60
27 5 13
27 14 9
27 20 36
27 24 2
27 25 10
27 26 36
28 0 45
28 2 55
28 4 16
28 5 60
28 7 38
28 9 44
28 10 25
28 15 14
28 20 35
28 22 56
28 23 26
28 24 14
28 27 7
29 0 19
29 1 11
29 3 4
29 6 22
29 7 15
29 11 11
29 12 55
29 13 19
29 17 4
29 18 20
29 20 17
29 21 50
29 24 13
29 25 36
29 26 22
29 27 38
29 28 55
30 0 53
30 7 54
30 8 17
30 10 39
30 11 28
30 12 21
30 14 26
30 15 58
30 18 49
30 19 49
30 21 16
30 22 25
30 23 39
30 24 17
30 27 48
30 29 22
31 0 27
31 4 27
31 5 48
31 9 34
31 10 31
31 11 58
31 12 37
31 13 31
31 14 28
31 16 27
31 17 44
31 19 22
31 20 35
31 21 11
31 22 35
31 23 21
31 24 53
31 25 54
31 27 14
31 28 12
32 1 40
32 2 43
32 8 57
32 9 36
32 10 52
32 17 7
32 18 51
32 19 32
32 20 50
32 21 43
32 23 35
32 24 51
32 25 43
32 28 18
32 29 59
32 30 60
32 31 48
33 0 27
33 1 4
33 4 34
33 6 16
33 12 39
33 13 16
33 20 32
33 21 15
33 22 32
33 23 58
33 24 42
33 25 2
33 27 26
33 30 39
33 31 2
34 3 6
34 7 44
34 10 50
34 11 11
34 12 4
34 13 22
34 14 21
34 17 26
34 21 16
34 22 14
34 27 60
34 28 35
34 30 1
34 32 6
35 0 1
35 2 50
35 3 5
35 4 24
35 8 28
35 10 33
35 12 48
35 14 13
35 16 16
35 18 46
35 19 36
35 21 41
35 28 28
35 31 59
35 33 12
36 0 24
36 1 19
36 4 56
36 5 26
36 6 44
36 10 35
36 14 10
36 17 35
36 18 9
36 19 56
36 20 13
36 21 10
36 22 59
36 24 25
36 25 7
36 27 34
36 30 3
36 33 10
36 34 38
37 0 7
37 3 10
37 4 7
37 5 24
37 6 51
37 7 19
37 8 43
37 9 15
37 11 47
37 14 23
37 15 5
37 16 39
37 17 60
37 18 20
37 19 47
37 20 31
37 23 4
37 24 15
37 25 20
37 28 55
37 29 55
37 30 24
37 31 59
37 34 20
37 35 6
38 0 33
38 1 56
38 2 12
38 4 15
38 6 57
38 7 16
38 8 39
38 9 45
38 10 38
38 14 8
38 17 17
38 18 11
38 19 55
38 20 44
38 21 20
38 22 11
38 23 45
38 24 24
38 25 4
38 26 6
38 27 34
38 29 4
38 30 42
38 32 11
38 33 6
38 36 29
39 2 26
39 3 59
39 4 4
39 6 26
39 9 58
39 10 24
39 11 43
39 12 3
39 15 4
39 17 59
39 24 57
39 25 7
39 27 10
39 28 5
39 29 46
39 31 18
39 33 26
39 36 24
39 38 13
40 0 53
40 3 6
40 4 52
40 5 30
40 6 15
40 7 53
40 8 46
40 14 17
40 17 36
40 21 4
40 22 47
40 23 49
40 24 37
40 27 4
40 28 56
40 29 43
40 32 26
40 34 46
40 36 59
40 38 43
40 39 45
41 2 55
41 4 35
41 7 42
41 11 11
41 12 13
41 15 19
41 16 31
41 17 38
41 18 55
41 19 60
41 21 3
41 22 43
41 26 19
41 27 18
41 28 25
41 31 15
41 32 55
41 38 8
41 39 31
41 40 13
42 2 33
42 4 32
42 5 29
42 7 38
42 8 17
42 10 14
42 13 18
42 14 35
42 16 41
42 17 22
42 19 56
42 20 54
42 21 40
42 24 15
42 25 39
42 26 33
42 27 29
42 28 26
42 40 50
43 1 9
43 2 40
43 3 40
43 4 8
43 5 50
43 6 46
43 8 25
43 9 60
43 10 53
43 11 18
43 12 5
43 13 57
43 16 59
43 18 46
43 21 22
43 22 38
43 23 60
43 24 5
43 26 12
43 29 49
43 32 56
43 33 16
43 34 15
43 36 12
43 39 54
43 42 17
44 0 56
44 1 12
44 3 39
44 4 27
44 6 43
44 7 31
44 8 58
44 9 16
44 12 49
44 13 30
44 14 1
44 15 5
44 16 56
44 17 28
44 18 7
44 19 30
44 21 18
44 22 7
44 23 14
44 24 38
44 25 58
44 26 40
44 29 38
44 31 36
44 32 17
44 33 53
44 35 26
44 36 9
44 38 36
44 42 8
45 0 21
45 1 31
45 2 23
45 5 54
45 6 21
45 9 14
45 10 45
45 13 52
45 14 20
45 15 52
45 18 25
45 19 28
45 22 56
45 23 55
45 24 15
45 26 3
45 27 47
45 28 18
45 29 8
45 31 14
45 33 17
45 36 28
45 37 41
45 38 17
45 39 5
45 40 24
45 44 18
46 0 46
46 2 31
46 3 10
46 4 59
46 6 13
46 9 55
46 11 11
46 12 33
46 15 31
46 18 53
46 21 30
46 24 7
46 29 9
46 32 4
46 34 6
46 35 48
46 37 55
46 39 50
46 45 40
47 0 58
47 1 13
47 2 4
47 4 3
47 9 49
47 11 52
47 12 21
47 14 9
47 15 3
47 17 16
47 21 22
47 23 47
47 26 28
47 29 7
47 33 1
47 34 24
47 35 3
47 36 6
47 37 13
47 38 21
47 40 38
47 42 30
47 45 1
47 46 34
48 0 60
48 3 48
48 4 22
48 10 60
48 12 13
48 13 57
48 15 15
48 20 6
48 22 49
48 23 34
48 26 44
48 27 13
48 28 45
48 29 51
48 31 14
48 32 54
48 34 19
48 36 54
48 37 8
48 39 49
48 47 16
49 0 45
49 1 5
49 3 48
49 4 39
49 6 11
49 11 26
49 12 48
49 16 54
49 20 26
49 26 29
49 27 3
49 29 24
49 30 56
49 31 14
49 32 12
49 41 53
49 44 2
49 46 26
49 47 34
50 0 34
50 1 11
50 4 42
50 5 25
50 6 31
50 7 42
50 9 40
50 11 34
50 12 16
50 19 43
50 20 44
50 21 1
50 23 32
50 24 14
50 26 50
50 27 24
50 31 20
50 32 45
50 33 38
50 35 21
50 37 43
50 39 35
50 40 38
50 42 14
50 48 28
50 49 34
51 0 28
51 1 19
51 5 49
51 8 12
51 9 43
51 10 56
51 11 60
51 12 38
51 13 3
51 14 53
51 15 50
51 16 34
51 19 20
51 21 58
51 24 24
51 25 9
51 26 9
51 27 15
51 29 14
51 30 25
51 31 13
51 32 14
51 33 54
51 34 54
51 35 52
51 36 6
51 38 44
51 39 11
51 42 39
51 44 11
51 49 54
51 50 27
52 1 55
52 2 22
52 3 53
52 4 37
52 7 3
52 9 6
52 10 39
52 13 13
52 14 21
52 17 46
52 20 46
52 21 45
52 22 22
52 23 28
52 24 24
52 26 54
52 28 32
52 32 11
52 33 34
52 34 44
52 36 47
52 37 50
52 39 46
52 40 37
52 42 24
52 43 28
52 45 48
52 47 15
52 51 19
53 0 20
53 7 46
53 9 13
53 15 11
53 20 3
53 22 28
53 23 40
53 25 38
53 26 59
53 28 33
53 30 22
53 31 19
53 33 6
53 34 5
53 35 37
53 36 58
53 38 19
53 39 41
53 40 25
53 41 26
53 42 24
53 44 36
53 46 29
53 50 39
53 52 51
54 0 48
54 1 16
54 5 29
54 6 35
54 7 38
54 8 25
54 11 54
54 12 38
54 13 20
54 14 29
54 15 7
54 23 11
54 24 12
54 25 38
54 26 54
54 27 42
54 29 23
54 30 18
54 31 59
54 33 18
54 36 24
54 37 44
54 42 41
54 44 48
54 45 28
55 0 25
55 1 19
55 3 45
55 5 9
55 8 38
55 9 29
55 10 16
55 11 20
55 12 35
55 14 32
55 17 25
55 19 31
55 26 40
55 27 43
55 29 19
55 30 28
55 31 29
55 33 16
55 34 33
55 35 58
55 37 13
55 39 37
55 40 21
55 46 27
55 48 42
55 51 39
55 52 5
55 53 17
55 54 22
56 1 15
56 5 3
56 6 17
56 10 18
56 11 42
56 14 48
56 19 41
56 21 10
56 22 1
56 24 40
56 27 4
56 28 60
56 31 16
56 32 14
56 33 42
56 34 39
56 36 43
56 37 13
56 39 55
56 42 47
56 47 42
56 50 25
56 51 32
56 55 22
57 0 11
57 3 21
57 5 57
57 8 44
57 10 32
57 13 43
57 15 45
57 20 56
57 21 30
57 24 51
57 27 12
57 30 19
57 32 43
57 33 24
57 35 13
57 36 39
57 38 18
57 39 23
57 41 11
57 42 16
57 44 19
57 46 29
57 49 44
57 50 46
57 52 13
57 54 41
58 0 7
58 5 51
58 8 49
58 14 17
58 17 56
58 21 52
58 22 22
58 23 13
58 25 15
58 33 41
58 34 26
58 35 24
58 37 16
58 38 30
58 39 5
58 42 15
58 43 49
58 44 45
58 45 49
58 46 41
58 47 30
58 48 23
58 49 41
58 53 40
58 54 23
58 55 37
58 56 32
58 57 53
59 0 14
59 1 22
59 4 24
59 5 35
59 6 16
59 7 26
59 10 3
59 11 43
59 12 9
59 13 20
59 14 26
59 17 34
59 18 12
59 19 54
59 21 33
59 22 47
59 23 34
59 24 22
59 26 23
59 27 55
59 28 24
59 29 14
59 30 2
59 32 25
59 33 40
59 35 54
59 36 26
59 38 29
59 39 13
59 43 17
59 44 58
59 46 9
59 47 45
59 48 47
59 50 38
59 51 23
59 52 50
59 53 20
59 54 21
