40
2 0 10
2 1 32
3 0 10
4 0 7
4 2 12
5 0 39
6 1 14
7 0 8
7 1 37
7 3 33
7 4 21
7 6 12
8 0 38
8 1 32
8 3 21
8 4 11
8 5 38
9 0 22
9 3 7
9 5 38
9 7 13
10 0 23
10 5 30
10 6 16
10 7 3
11 0 29
11 2 39
11 4 39
11 8 20
11 9 28
12 0 7
12 4 1
12 6 16
12 7 29
12 9 8
13 1 30
13 2 29
13 3 10
13 5 10
13 7 36
13 8 34
13 10 9
13 12 3
14 0 23
14 1 28
14 8 40
14 9 12
14 10 25
14 12 2
14 13 30
15 1 15
15 2 31
15 8 16
15 9 10
15 10 40
15 11 8
15 12 15
15 13 12
15 14 22
16 0 9
16 1 39
16 2 19
16 4 5
16 6 32
16 7 36
16 9 5
16 10 2
16 12 37
16 15 30
17 0 40
17 2 8
17 4 4
17 5 2
17 6 4
17 11 22
17 13 1
17 14 34
17 16 13
18 0 6
18 1 39
18 2 21
18 4 1
18 6 30
18 8 22
18 9 13
18 10 3
18 12 11
18 13 5
18 16 8
19 3 5
19 4 21
19 5 15
19 7 38
19 12 38
19 13 32
19 14 4
19 15 30
19 17 6
20 0 25
20 3 17
20 6 8
20 8 16
20 10 6
20 11 29
20 12 29
20 17 31
21 1 32
21 4 13
21 7 6
21 8 30
21 12 6
21 13 17
21 14 8
21 15 2
21 16 11
21 17 5
21 18 2
21 19 24
21 20 18
22 0 1
22 1 20
22 2 31
22 3 38
22 5 37
22 6 32
22 10 37
22 11 7
22 13 38
22 17 3
22 21 21
23 0 33
23 1 25
23 5 26
23 6 19
23 7 22
23 8 19
23 9 5
23 10 4
23 11 33
23 12 20
23 16 28
23 17 4
23 18 25
23 21 6
24 0 31
24 1 24
24 6 28
24 10 27
24 11 40
24 13 21
24 14 26
24 16 7
24 22 24
24 23 34
25 2 40
25 4 26
25 5 35
25 6 38
25 7 4
25 9 19
25 11 30
25 12 24
25 13 23
25 14 30
25 16 39
25 18 29
25 23 32
25 24 35
26 0 10
26 1 35
26 2 26
26 3 15
26 4 15
26 5 4
26 6 26
26 7 24
26 9 24
26 11 25
26 13 20
26 21 9
26 22 32
26 24 17
26 25 11
27 0 35
27 4 33
27 9 19
27 10 4
27 13 15
27 14 15
27 15 28
27 16 25
27 18 9
27 24 11
27 25 31
28 2 22
28 3 17
28 4 22
28 5 13
28 10 18
28 11 4
28 14 17
28 15 10
28 18 38
28 19 8
28 22 13
28 24 8
28 26 6
28 27 13
29 3 11
29 4 7
29 7 3
29 9 19
29 10 38
29 11 14
29 13 24
29 17 23
29 18 37
29 21 15
29 24 10
29 26 11
30 1 2
30 2 22
30 3 17
30 5 11
30 6 23
30 7 36
30 10 29
30 12 31
30 22 37
30 24 13
30 25 20
30 26 27
30 28 20
31 0 9
31 2 2
31 3 1
31 6 16
31 8 14
31 10 9
31 12 18
31 15 28
31 16 12
31 17 31
31 19 12
31 22 1
31 23 8
31 24 34
31 27 3
32 3 15
32 4 4
32 5 14
32 7 16
32 9 29
32 10 36
32 14 28
32 15 27
32 16 16
32 17 3
32 18 37
32 20 26
32 21 29
32 22 22
32 24 11
32 25 6
32 26 11
32 28 37
32 29 15
32 30 27
32 31 15
33 5 7
33 9 23
33 11 2
33 12 16
33 15 1
33 17 17
33 21 17
33 22 31
33 23 13
33 27 21
33 28 36
33 29 28
34 1 6
34 2 8
34 3 15
34 4 21
34 5 6
34 7 8
34 8 35
34 10 23
34 12 4
34 13 39
34 17 7
34 19 8
34 21 20
34 22 32
34 24 20
34 25 13
34 27 10
34 28 26
34 29 15
34 32 8
34 33 39
35 0 37
35 2 39
35 4 16
35 9 31
35 10 1
35 12 22
35 16 8
35 17 6
35 18 18
35 19 5
35 22 40
35 23 25
35 25 7
35 26 25
35 27 27
35 29 23
35 31 37
35 33 32
35 34 10
36 0 5
36 2 2
36 3 37
36 4 34
36 5 2
36 6 30
36 9 11
36 10 17
36 12 10
36 15 37
36 16 11
36 17 31
36 18 6
36 21 31
36 23 1
36 27 31
36 28 3
36 29 15
36 30 14
37 0 13
37 1 37
37 4 15
37 6 9
37 9 22
37 10 1
37 11 11
37 13 7
37 16 19
37 18 24
37 19 9
37 22 36
37 23 1
37 24 21
37 25 37
37 27 25
37 28 11
37 29 21
37 32 4
37 33 28
37 35 34
37 36 38
38 0 8
38 5 29
38 9 20
38 13 24
38 14 26
38 17 20
38 18 9
38 20 35
38 21 35
38 22 32
38 23 36
38 24 33
38 26 14
38 28 8
38 29 24
38 30 25
38 31 35
38 35 35
39 1 15
39 2 9
39 4 33
39 5 36
39 10 14
39 14 32
39 15 27
39 16 31
39 19 18
39 23 25
39 24 7
39 25 22
39 27 28
39 28 19
39 29 1
39 30 14
39 32 36
39 33 2
39 34 31
39 36 32
39 38 40
