20
3 0 25
3 1 43
4 0 60
4 1 56
4 2 34
5 0 75
5 1 38
5 2 74
5 3 67
6 0 29
6 2 22
6 3 47
6 5 34
7 0 42
7 2 30
7 6 50
8 0 44
8 2 31
8 3 55
8 4 64
8 5 57
8 7 27
9 0 60
9 2 22
9 5 44
9 6 72
9 7 58
10 2 2
10 5 24
10 9 24
11 0 55
11 1 42
11 2 28
11 3 21
11 5 68
11 8 47
11 9 20
12 0 51
12 1 21
12 3 75
12 5 64
12 6 28
12 7 71
12 9 29
12 11 58
13 0 18
13 1 23
13 3 66
13 6 39
13 8 6
13 10 4
13 11 3
13 12 58
14 0 59
14 1 55
14 4 27
14 7 7
14 8 5
14 9 77
14 11 51
15 0 76
15 2 48
15 3 63
15 5 77
15 6 74
15 8 36
15 9 4
15 11 43
15 13 80
16 1 30
16 2 17
16 6 14
16 10 37
16 11 39
16 12 27
16 13 42
16 14 71
17 0 54
17 1 48
17 2 61
17 4 7
17 5 36
17 9 6
17 10 47
17 15 75
18 0 75
18 1 16
18 2 73
18 3 78
18 5 11
18 7 29
18 8 16
18 10 41
18 15 12
18 16 29
19 3 53
19 5 59
19 6 43
19 7 14
19 8 73
19 11 25
19 13 42
19 17 17
19 18 32
