40
1 0 6
2 1 11
3 1 8
4 3 11
5 2 20
6 0 3
6 1 19
6 2 10
7 1 3
7 2 19
7 3 1
7 5 16
8 2 6
8 3 11
8 4 5
9 0 3
9 2 19
9 3 9
9 4 3
9 6 15
9 7 10
10 2 5
10 3 4
10 4 10
10 5 17
10 6 10
11 0 3
11 2 18
11 3 17
11 9 17
11 10 4
12 0 12
12 1 4
12 3 13
12 6 19
12 7 10
12 9 16
12 10 3
13 2 1
13 3 17
13 4 20
13 6 17
13 9 14
13 10 15
13 11 18
14 1 3
14 2 3
14 3 20
14 5 7
14 6 9
14 7 7
14 8 18
14 9 20
14 11 19
15 0 11
15 5 1
15 10 7
15 12 4
15 13 8
16 1 8
16 2 18
16 5 13
16 7 7
16 8 5
16 9 7
16 11 11
16 13 13
16 14 1
16 15 3
17 1 4
17 3 7
17 4 16
17 5 3
17 6 12
17 7 11
17 8 20
17 10 7
17 15 11
18 2 14
18 3 1
18 5 18
18 8 11
18 12 16
18 13 19
18 14 2
18 15 7
19 0 7
19 1 19
19 2 19
19 3 12
19 5 8
19 8 20
19 9 6
19 10 15
19 13 12
19 14 14
20 0 18
20 2 6
20 4 13
20 6 18
20 7 8
20 8 18
20 9 15
20 14 7
20 15 13
20 17 5
21 2 5
21 3 12
21 4 7
21 6 5
21 8 17
21 11 10
21 12 6
21 13 12
21 14 6
21 19 13
21 20 13
22 0 4
22 1 8
22 3 11
22 4 9
22 5 9
22 7 12
22 9 2
22 10 16
22 13 12
22 14 12
22 15 3
22 16 11
22 17 6
22 21 20
23 1 3
23 3 2
23 4 12
23 5 15
23 7 13
23 9 14
23 10 10
23 11 11
23 13 5
23 14 11
23 16 3
23 21 15
24 2 7
24 7 4
24 8 15
24 9 13
24 10 1
24 11 17
24 12 19
24 13 5
24 16 6
24 17 4
24 18 3
24 19 4
24 20 14
24 21 2
24 23 1
25 1 1
25 3 20
25 5 3
25 6 2
25 8 6
25 14 8
25 19 18
25 20 15
25 21 18
25 22 2
26 0 18
26 3 6
26 5 4
26 8 15
26 9 13
26 12 20
26 13 1
26 14 9
26 15 6
26 17 17
26 20 14
26 21 9
26 22 9
26 23 7
26 24 3
26 25 8
27 1 1
27 2 6
27 3 16
27 4 14
27 6 16
27 10 17
27 12 13
27 16 10
27 19 2
27 21 3
27 24 10
27 25 11
28 0 8
28 1 3
28 2 18
28 3 9
28 4 14
28 7 8
28 8 11
28 10 7
28 13 6
28 15 14
28 17 18
28 19 13
28 21 7
28 22 13
28 23 7
28 25 3
28 26 11
28 27 12
29 0 4
29 1 3
29 3 6
29 6 20
29 8 14
29 9 4
29 13 16
29 14 5
29 16 9
29 17 6
29 20 13
29 21 16
29 27 13
30 0 19
30 1 15
30 2 11
30 3 5
30 7 3
30 8 7
30 9 6
30 10 12
30 11 10
30 12 8
30 13 1
30 14 6
30 17 5
30 20 10
30 24 20
30 25 4
30 26 12
30 29 19
31 1 9
31 3 8
31 7 3
31 8 14
31 9 14
31 11 3
31 12 16
31 15 17
31 19 7
31 20 3
31 21 19
31 22 19
31 23 4
31 24 16
31 25 15
31 26 19
31 27 12
32 0 13
32 3 14
32 4 17
32 5 16
32 6 11
32 7 7
32 8 15
32 10 16
32 12 6
32 13 12
32 15 4
32 16 19
32 17 3
32 18 3
32 22 18
32 23 1
32 24 19
32 25 12
32 28 3
32 30 6
33 2 3
33 4 16
33 6 10
33 7 3
33 9 6
33 10 8
33 11 8
33 12 17
33 13 17
33 23 7
33 24 10
33 26 3
33 28 19
33 32 12
34 0 14
34 1 17
34 2 13
34 3 8
34 4 6
34 5 9
34 11 14
34 15 3
34 18 7
34 19 6
34 25 10
34 28 9
34 30 7
34 33 12
35 1 10
35 2 1
35 3 15
35 4 10
35 5 16
35 6 6
35 8 15
35 10 20
35 12 10
35 13 3
35 14 10
35 16 18
35 18 7
35 19 6
35 20 9
35 22 5
35 24 13
35 25 14
35 26 10
35 28 5
35 29 9
35 31 2
35 32 8
35 33 19
35 34 16
36 4 18
36 6 11
36 9 3
36 10 1
36 14 15
36 16 17
36 17 6
36 22 10
36 23 19
36 25 8
36 26 19
36 27 4
36 28 19
36 30 7
36 34 14
37 0 9
37 2 5
37 4 17
37 6 13
37 8 17
37 9 9
37 10 10
37 15 3
37 17 9
37 19 17
37 20 11
37 24 20
37 27 9
37 28 15
37 30 6
37 35 6
37 36 16
38 0 19
38 3 11
38 5 7
38 8 12
38 9 19
38 10 3
38 15 3
38 17 5
38 18 2
38 19 13
38 21 3
38 22 9
38 23 13
38 25 7
38 26 6
38 28 18
38 35 11
38 37 6
39 1 7
39 3 1
39 5 3
39 6 11
39 8 9
39 9 1
39 10 7
39 14 17
39 15 2
39 17 16
39 18 20
39 19 12
39 20 4
39 21 16
39 23 2
39 26 3
39 28 7
39 29 7
39 34 11
39 36 2
39 37 1
39 38 20
