20
2 0 10
3 0 5
3 1 7
3 2 16
4 0 3
5 1 25
5 2 6
5 3 19
6 0 19
6 1 21
6 3 5
6 4 21
7 1 25
7 2 31
7 4 8
7 5 21
7 6 18
8 3 4
8 7 20
9 0 11
9 1 6
9 4 15
9 7 3
9 8 10
10 1 18
10 2 23
10 3 39
10 5 18
10 7 14
10 9 9
11 1 34
11 6 2
11 7 7
11 9 37
11 10 7
12 0 19
12 8 10
12 9 26
13 0 31
13 2 5
13 3 20
13 4 17
13 5 16
13 6 22
13 7 3
13 11 27
14 1 26
14 4 28
14 6 13
14 11 37
14 13 9
15 1 28
15 3 25
15 4 21
15 5 13
15 7 11
15 8 10
15 10 29
15 11 6
15 12 6
16 0 24
16 2 15
16 3 7
16 4 4
16 7 27
16 8 9
16 11 40
16 13 19
16 14 5
16 15 20
17 0 10
17 2 17
17 4 17
17 5 6
17 6 15
17 8 8
17 12 13
17 13 10
17 14 29
17 15 18
17 16 17
18 0 9
18 1 23
18 2 14
18 4 37
18 5 12
18 10 35
18 11 18
18 13 15
18 15 3
18 16 4
18 17 24
19 0 21
19 5 10
19 7 1
19 10 12
19 11 12
19 13 13
19 15 13
19 18 12
