60
1 0 12
3 0 2
3 1 16
3 2 5
4 2 13
5 1 12
5 3 18
6 1 17
6 2 7
6 3 14
6 4 14
6 5 3
7 0 6
7 1 8
7 2 8
7 3 6
7 4 18
7 5 20
7 6 6
8 1 1
8 2 19
8 5 12
8 7 8
9 0 12
9 1 10
9 2 9
9 4 2
9 6 12
9 7 16
10 0 11
10 2 10
10 4 20
10 5 18
11 3 11
11 9 8
12 3 5
12 5 11
12 9 19
13 3 7
13 6 1
13 9 8
13 11 10
14 0 10
14 1 15
14 3 11
14 5 1
14 7 15
14 10 11
14 11 2
14 13 7
15 0 2
15 4 7
15 8 16
15 10 10
15 12 13
15 13 14
16 1 11
16 4 16
16 6 7
16 11 16
16 12 3
16 14 10
17 0 2
17 1 17
17 4 1
17 5 3
17 8 7
17 9 15
17 10 17
17 12 5
17 13 9
17 15 12
17 16 16
18 0 16
18 1 18
18 4 14
18 6 4
18 9 3
18 10 16
18 15 20
18 17 15
19 0 3
19 1 15
19 2 18
19 3 10
19 4 3
19 5 12
19 9 4
19 13 1
19 14 3
19 15 6
19 16 20
19 18 16
20 0 16
20 1 11
20 2 6
20 3 8
20 4 5
20 5 9
20 12 4
20 13 17
20 14 20
20 17 3
20 18 19
21 3 5
21 4 8
21 6 3
21 7 3
21 9 5
21 10 5
21 11 5
21 13 2
21 15 15
21 16 3
21 19 9
22 1 14
22 2 10
22 4 9
22 6 7
22 12 2
22 14 5
22 19 2
22 20 10
22 21 5
23 0 8
23 3 9
23 4 20
23 5 13
23 7 10
23 9 10
23 11 2
23 12 3
23 13 12
23 18 18
23 19 6
23 20 4
23 21 17
23 22 5
24 0 4
24 1 14
24 2 13
24 3 18
24 4 9
24 5 10
24 6 13
24 10 16
24 11 20
24 12 14
24 14 6
24 15 4
24 16 2
24 18 12
24 20 16
25 3 20
25 6 10
25 7 5
25 8 4
25 9 8
25 11 14
25 13 19
25 14 10
25 16 3
25 23 15
26 3 14
26 6 18
26 7 15
26 11 12
26 14 7
26 15 13
26 16 17
27 0 19
27 1 10
27 6 8
27 7 12
27 10 18
27 16 5
27 17 16
27 18 13
27 20 4
27 22 3
27 23 16
27 24 1
27 25 3
27 26 4
28 1 1
28 2 1
28 4 1
28 11 6
28 12 19
28 14 17
28 15 9
28 16 17
28 18 19
28 19 13
28 24 5
28 25 18
28 26 13
28 27 11
29 2 5
29 4 4
29 5 8
29 6 1
29 10 18
29 11 15
29 12 15
29 14 5
29 15 15
29 18 4
29 19 5
29 20 15
29 21 14
29 24 10
30 1 18
30 2 20
30 5 13
30 7 15
30 11 18
30 13 14
30 14 7
30 17 12
30 20 17
30 22 18
30 27 9
30 28 12
30 29 1
31 0 5
31 2 4
31 7 19
31 10 7
31 12 7
31 14 5
31 18 10
31 19 15
31 21 5
31 28 15
31 29 19
31 30 1
32 0 7
32 1 12
32 2 14
32 3 13
32 5 6
32 6 15
32 8 11
32 10 14
32 11 13
32 12 14
32 13 7
32 14 3
32 16 1
32 17 12
32 18 11
32 20 5
32 22 6
32 25 2
32 27 18
33 1 14
33 2 12
33 4 18
33 5 20
33 6 14
33 8 10
33 11 12
33 13 6
33 14 14
33 18 9
33 19 14
33 21 14
33 22 5
33 25 7
33 31 1
34 2 13
34 3 8
34 7 16
34 9 15
34 11 18
34 14 5
34 15 5
34 19 19
34 23 7
34 27 12
34 28 9
34 33 4
35 1 7
35 6 12
35 8 6
35 9 14
35 10 2
35 14 9
35 15 16
35 16 7
35 17 9
35 18 1
35 20 17
35 21 19
35 24 17
35 26 16
35 29 6
35 30 19
35 31 2
35 32 5
35 34 15
36 1 10
36 5 9
36 7 13
36 8 17
36 11 13
36 12 13
36 14 7
36 16 6
36 17 19
36 19 8
36 21 19
36 27 18
36 28 3
36 32 12
36 34 16
37 1 12
37 2 15
37 4 20
37 9 6
37 10 17
37 12 18
37 14 19
37 17 18
37 18 8
37 19 9
37 21 3
37 22 18
37 23 15
37 24 6
37 26 16
37 27 17
37 28 1
37 32 2
37 33 4
37 34 6
37 36 17
38 1 2
38 2 15
38 6 14
38 9 10
38 10 2
38 14 7
38 17 17
38 22 7
38 23 3
38 24 20
38 25 15
38 27 16
38 30 4
38 31 9
38 32 19
38 34 14
38 36 19
39 4 10
39 5 17
39 7 8
39 8 12
39 10 2
39 12 16
39 13 3
39 15 12
39 16 4
39 18 15
39 19 20
39 20 20
39 23 10
39 27 2
39 28 4
39 29 19
39 32 12
39 36 7
39 37 2
40 0 12
40 4 11
40 6 18
40 8 18
40 10 14
40 12 14
40 16 4
40 17 7
40 24 15
40 28 2
40 29 3
40 30 13
40 31 11
40 33 5
40 34 15
40 35 12
40 37 17
40 38 12
40 39 16
41 1 17
41 2 9
41 3 7
41 7 8
41 8 1
41 10 13
41 14 13
41 15 17
41 16 13
41 17 10
41 18 19
41 19 8
41 20 12
41 25 16
41 29 9
41 30 11
41 33 13
41 34 7
41 37 18
41 39 19
41 40 19
42 0 18
42 1 13
42 2 10
42 3 2
42 5 9
42 6 8
42 7 16
42 9 20
42 11 5
42 12 9
42 14 4
42 16 2
42 18 6
42 19 13
42 20 19
42 21 15
42 24 11
42 28 20
42 29 7
42 32 7
42 37 2
42 38 14
42 39 13
42 40 19
43 0 4
43 1 16
43 2 19
43 4 15
43 7 1
43 8 17
43 9 17
43 11 5
43 13 14
43 15 16
43 17 8
43 18 16
43 20 19
43 21 17
43 22 16
43 23 10
43 26 3
43 28 16
43 29 9
43 31 18
43 32 13
43 33 4
43 34 8
43 36 9
43 37 17
43 38 14
43 39 3
43 40 13
43 42 1
44 2 20
44 3 9
44 6 12
44 12 10
44 13 16
44 14 10
44 16 18
44 19 7
44 21 8
44 23 4
44 25 16
44 27 2
44 28 20
44 32 8
44 33 8
44 34 15
44 41 20
45 1 2
45 4 8
45 6 18
45 11 7
45 12 14
45 13 3
45 14 5
45 16 4
45 17 11
45 19 13
45 21 9
45 22 16
45 23 6
45 24 1
45 26 10
45 28 15
45 32 20
45 34 19
45 36 18
45 40 17
45 42 4
45 43 10
46 0 8
46 1 16
46 2 2
46 4 17
46 5 6
46 6 7
46 7 1
46 8 6
46 12 6
46 13 4
46 14 1
46 15 3
46 17 5
46 18 14
46 20 10
46 21 16
46 22 3
46 23 7
46 25 5
46 27 2
46 29 2
46 33 9
46 35 18
46 39 3
46 41 14
46 43 11
46 44 19
46 45 12
47 0 10
47 1 14
47 2 19
47 5 6
47 10 16
47 14 17
47 19 14
47 20 16
47 21 3
47 22 2
47 24 12
47 25 16
47 27 11
47 28 2
47 30 3
47 31 3
47 33 13
47 36 15
47 38 3
47 39 20
47 40 2
47 43 9
47 44 1
47 45 8
48 0 18
48 1 5
48 4 9
48 6 5
48 7 19
48 10 1
48 15 4
48 16 12
48 17 5
48 18 6
48 19 10
48 22 3
48 24 11
48 29 19
48 30 15
48 32 6
48 34 2
48 36 10
48 37 20
48 38 19
48 42 15
48 43 14
48 47 4
49 2 2
49 3 8
49 5 19
49 7 8
49 8 4
49 9 1
49 10 10
49 13 16
49 14 2
49 15 1
49 17 2
49 19 11
49 20 17
49 24 9
49 25 10
49 26 2
49 27 17
49 29 6
49 30 16
49 32 20
49 35 7
49 39 1
49 41 5
49 44 17
49 45 18
49 46 10
49 47 18
49 48 7
50 0 4
50 1 20
50 2 20
50 5 3
50 6 4
50 7 1
50 8 17
50 10 8
50 12 13
50 13 1
50 15 13
50 16 6
50 17 6
50 18 12
50 19 12
50 22 11
50 23 15
50 24 2
50 26 9
50 27 10
50 28 10
50 30 16
50 31 7
50 32 2
50 33 18
50 35 12
50 36 14
50 40 17
50 41 6
50 44 6
50 45 12
50 47 3
50 48 11
51 0 11
51 4 11
51 7 10
51 8 10
51 9 13
51 10 15
51 12 4
51 16 6
51 17 20
51 21 9
51 22 16
51 23 5
51 24 12
51 25 12
51 26 7
51 28 14
51 29 4
51 30 5
51 32 18
51 33 7
51 34 17
51 35 6
51 38 14
51 41 13
51 42 16
51 44 17
51 46 19
51 50 20
52 0 4
52 1 15
52 4 10
52 6 4
52 8 2
52 14 18
52 18 3
52 21 5
52 22 20
52 23 7
52 24 4
52 25 5
52 26 10
52 27 10
52 28 9
52 32 20
52 36 8
52 38 12
52 41 19
52 42 2
52 43 15
52 44 2
52 46 4
52 47 14
53 0 9
53 1 15
53 2 4
53 7 2
53 8 8
53 10 16
53 12 7
53 13 1
53 14 3
53 15 1
53 16 9
53 17 17
53 21 6
53 22 6
53 24 6
53 26 20
53 29 18
53 33 4
53 34 3
53 35 12
53 36 11
53 37 15
53 38 13
53 42 5
53 44 17
53 45 12
53 46 15
53 47 15
53 50 15
53 51 15
54 7 15
54 8 16
54 9 9
54 10 1
54 11 20
54 17 9
54 20 1
54 21 15
54 23 13
54 25 4
54 27 6
54 30 10
54 31 1
54 32 15
54 34 10
54 35 17
54 38 11
54 40 11
54 41 12
54 42 16
54 44 14
54 46 7
54 47 7
54 48 7
54 49 15
54 51 19
54 52 2
54 53 5
55 0 15
55 1 17
55 2 7
55 3 1
55 4 6
55 6 1
55 11 16
55 12 7
55 14 7
55 15 9
55 17 7
55 19 9
55 22 10
55 23 16
55 24 6
55 25 16
55 29 2
55 30 19
55 31 2
55 34 17
55 35 10
55 37 7
55 38 9
55 42 9
55 43 10
55 46 1
55 52 13
55 54 11
56 3 2
56 4 7
56 5 7
56 6 13
56 12 14
56 14 6
56 15 18
56 19 11
56 22 11
56 23 13
56 27 2
56 30 15
56 31 3
56 32 16
56 33 9
56 35 17
56 36 14
56 37 2
56 39 14
56 42 8
56 45 11
56 46 4
56 48 20
56 51 2
56 55 18
57 1 1
57 3 10
57 5 19
57 8 16
57 9 8
57 11 15
57 14 1
57 15 3
57 16 17
57 19 12
57 23 2
57 24 2
57 32 14
57 34 19
57 35 10
57 38 19
57 39 9
57 41 6
57 47 18
57 50 14
57 51 16
57 53 7
57 56 8
58 2 3
58 6 1
58 7 6
58 8 6
58 11 18
58 13 18
58 14 15
58 15 15
58 17 16
58 18 5
58 20 1
58 23 13
58 25 5
58 27 1
58 32 4
58 33 14
58 39 14
58 40 18
58 41 1
58 43 6
58 45 14
58 47 5
58 48 4
58 49 3
58 55 20
58 57 8
59 0 18
59 1 11
59 2 20
59 3 12
59 4 16
59 8 18
59 9 10
59 10 18
59 11 4
59 12 1
59 13 5
59 17 10
59 18 4
59 21 18
59 23 3
59 27 5
59 28 5
59 30 10
59 32 3
59 33 16
59 37 16
59 39 11
59 42 7
59 44 20
59 46 3
59 48 12
59 50 16
59 55 19
59 56 12
