30
1 0 91
2 0 65
2 1 29
3 1 38
4 2 42
5 0 39
5 1 69
5 2 85
5 4 7
6 0 33
6 2 42
6 4 1
7 1 3
7 4 91
7 5 26
7 6 73
8 0 5
8 2 23
8 5 75
8 6 99
8 7 81
9 2 72
9 4 14
9 6 90
9 7 85
9 8 20
10 0 12
10 1 82
10 6 54
10 8 18
11 4 92
11 5 68
11 6 49
11 7 95
11 9 33
12 0 65
12 5 29
12 6 68
12 7 62
13 0 63
13 4 35
13 5 60
13 9 37
13 11 20
14 0 59
14 2 73
14 3 83
14 5 84
14 6 100
14 9 21
14 11 9
14 13 23
15 0 62
15 2 24
15 5 78
15 6 47
15 7 1
15 8 9
15 11 18
15 12 52
16 0 8
16 1 96
16 2 49
16 7 80
16 10 97
16 12 93
16 15 49
17 0 59
17 1 51
17 2 30
17 4 60
17 5 17
17 7 86
17 9 32
17 14 56
17 15 81
18 0 57
18 1 76
18 2 84
18 3 71
18 7 9
18 8 100
18 10 69
18 13 75
18 14 68
19 0 27
19 1 81
19 4 5
19 5 74
19 6 63
19 8 46
19 10 39
19 14 48
19 17 39
20 4 44
20 5 96
20 6 47
20 7 41
20 9 35
20 10 9
20 11 4
20 14 66
20 18 80
20 19 44
21 2 77
21 4 91
21 6 22
21 7 17
21 9 100
21 10 81
21 12 26
21 14 37
21 15 38
21 16 23
21 18 70
21 19 23
22 3 57
22 4 50
22 7 33
22 8 32
22 9 53
22 13 10
22 14 55
22 15 28
22 17 93
23 1 36
23 3 91
23 4 74
23 9 77
23 11 14
23 12 9
23 16 24
23 20 40
23 21 86
24 0 15
24 1 48
24 3 73
24 4 32
24 7 55
24 8 78
24 11 100
24 13 52
24 14 14
24 15 96
24 17 41
24 20 75
24 22 68
25 1 31
25 2 93
25 3 43
25 6 73
25 10 75
25 11 100
25 14 29
25 16 77
25 17 3
25 20 18
25 21 34
25 22 62
26 1 99
26 3 32
26 8 56
26 10 95
26 11 16
26 12 99
26 13 92
26 19 95
26 23 95
26 24 10
27 2 85
27 6 17
27 8 59
27 9 34
27 10 10
27 12 100
27 14 15
27 15 6
27 16 44
27 17 14
27 18 70
27 19 18
27 23 44
27 25 39
27 26 27
28 0 86
28 1 18
28 2 3
28 9 66
28 10 30
28 11 50
28 12 5
28 14 58
28 20 1
28 22 83
28 23 50
28 25 96
28 26 22
29 0 65
29 2 33
29 4 94
29 7 96
29 9 74
29 10 73
29 12 66
29 13 65
29 14 11
29 15 24
29 16 74
29 17 61
29 18 25
29 19 90
29 21 62
29 23 95
29 24 29
29 26 35
29 27 71
