70
1 0 15
2 1 26
3 0 4
3 1 54
4 1 16
4 2 33
5 3 44
6 0 21
6 2 28
6 5 26
7 0 10
7 1 2
7 2 33
7 3 72
7 4 35
8 0 49
8 1 62
8 2 9
9 0 52
9 1 39
9 5 17
9 7 12
10 0 5
10 1 40
10 3 77
10 4 54
10 7 21
10 8 77
10 9 60
11 0 24
11 2 55
11 3 48
11 7 15
11 10 40
12 0 16
12 1 73
12 2 45
12 3 38
12 8 69
12 11 27
13 2 43
13 4 1
13 5 49
13 7 28
13 8 14
13 11 46
13 12 16
14 0 67
14 2 38
14 6 27
14 7 50
14 10 64
14 11 9
15 0 52
15 1 29
15 2 75
15 4 10
15 5 20
15 6 50
15 7 48
15 12 14
15 13 9
15 14 13
16 2 58
16 5 41
16 6 40
16 7 60
16 12 15
16 13 32
16 14 50
17 3 20
17 5 66
17 6 71
17 7 27
17 9 15
17 10 9
17 11 61
17 14 41
17 16 42
18 0 56
18 1 59
18 2 13
18 3 52
18 5 54
18 6 68
18 7 56
18 9 78
18 11 80
18 12 74
18 13 80
18 17 43
19 5 24
19 8 67
19 10 14
19 14 10
19 16 56
19 18 11
20 3 37
20 6 30
20 8 26
21 0 68
21 2 20
21 5 23
21 6 63
21 7 4
21 11 34
21 14 16
21 18 12
21 20 39
22 4 63
22 6 68
22 9 1
22 10 15
22 11 62
22 13 7
22 15 15
22 17 26
22 18 12
22 19 30
22 21 43
23 0 50
23 1 25
23 6 69
23 7 61
23 9 14
23 11 26
23 14 54
23 16 76
23 18 55
23 22 58
24 1 5
24 2 67
24 4 43
24 5 12
24 6 11
24 8 37
24 10 26
24 13 8
24 16 40
24 19 25
24 20 19
24 23 9
25 0 8
25 2 11
25 3 59
25 6 64
25 7 71
25 8 72
25 9 73
25 13 18
25 15 9
25 17 1
25 19 12
25 20 5
25 21 16
25 22 66
25 24 29
26 2 9
26 7 74
26 8 39
26 11 24
26 12 70
26 16 76
26 17 70
26 18 51
26 20 12
26 21 50
26 22 11
26 24 72
26 25 41
27 0 57
27 1 67
27 2 44
27 3 78
27 5 36
27 7 38
27 8 51
27 11 61
27 12 63
27 14 11
27 15 11
27 18 69
27 22 41
27 23 66
27 25 80
27 26 9
28 1 5
28 2 44
28 5 75
28 6 35
28 8 50
28 9 28
28 10 22
28 14 25
28 15 41
28 17 10
28 18 21
28 22 60
28 23 24
28 24 53
28 25 64
28 26 39
28 27 10
29 0 17
29 1 62
29 2 49
29 3 47
29 5 5
29 6 36
29 8 9
29 10 3
29 11 50
29 13 52
29 16 63
29 18 48
29 19 43
29 21 12
29 23 54
29 24 19
29 28 37
30 1 13
30 2 11
30 3 70
30 7 32
30 8 76
30 10 11
30 13 14
30 14 68
30 15 73
30 16 8
30 21 76
30 24 6
30 25 36
30 26 27
30 27 2
30 28 74
30 29 57
31 0 72
31 1 7
31 4 75
31 11 40
31 12 39
31 17 40
31 18 38
31 19 58
31 21 17
31 23 48
31 25 14
31 27 31
31 29 52
31 30 51
32 1 62
32 3 74
32 5 65
32 7 9
32 8 47
32 9 49
32 10 65
32 11 29
32 12 6
32 13 72
32 14 29
32 21 63
32 23 21
32 24 27
32 26 55
32 28 68
32 29 10
32 30 76
33 0 9
33 1 63
33 2 52
33 8 74
33 9 21
33 11 49
33 14 1
33 20 32
33 21 56
33 22 43
33 28 32
33 29 42
33 30 35
34 3 50
34 9 56
34 10 31
34 11 68
34 14 30
34 15 48
34 17 80
34 19 63
34 20 25
34 21 45
34 29 28
34 31 49
35 0 62
35 2 71
35 3 12
35 4 59
35 7 4
35 10 18
35 11 9
35 12 52
35 15 41
35 16 48
35 19 53
35 20 63
35 21 80
35 24 20
35 25 80
35 27 60
35 28 13
35 33 42
36 0 3
36 1 47
36 2 68
36 4 9
36 6 19
36 10 45
36 11 63
36 13 19
36 15 41
36 17 38
36 18 64
36 19 48
36 20 42
36 21 52
36 22 59
36 24 43
36 28 43
36 29 45
36 30 51
36 31 69
36 32 67
36 34 9
37 0 49
37 3 20
37 5 75
37 6 48
37 8 50
37 12 27
37 13 65
37 20 21
37 21 10
37 23 71
37 24 79
37 25 13
37 26 52
37 28 75
37 33 43
37 35 14
38 0 42
38 1 8
38 4 26
38 7 70
38 8 5
38 10 58
38 13 36
38 14 27
38 17 34
38 19 77
38 20 37
38 21 11
38 22 1
38 26 65
38 28 33
38 31 60
38 32 2
38 34 49
38 35 3
39 0 41
39 1 56
39 2 30
39 3 68
39 4 68
39 7 57
39 8 51
39 9 23
39 12 62
39 14 29
39 15 44
39 16 72
39 19 64
39 24 76
39 26 65
39 27 11
39 29 59
39 32 57
39 33 7
39 36 70
39 37 42
40 4 74
40 5 40
40 6 56
40 7 37
40 8 62
40 10 45
40 18 68
40 22 15
40 24 22
40 25 68
40 27 3
40 29 73
40 31 67
40 32 55
40 33 45
40 34 12
40 37 44
40 39 51
41 0 31
41 1 70
41 3 56
41 6 58
41 11 13
41 12 47
41 13 78
41 25 47
41 28 36
41 31 44
41 33 50
41 34 36
41 36 54
41 38 30
42 2 47
42 3 9
42 4 67
42 5 45
42 6 46
42 7 4
42 8 34
42 10 67
42 11 78
42 13 3
42 14 61
42 15 2
42 16 22
42 17 78
42 20 54
42 22 42
42 28 63
42 30 35
42 31 34
42 32 52
42 35 42
42 36 7
42 39 66
43 0 33
43 2 25
43 3 66
43 6 39
43 11 26
43 12 40
43 13 9
43 14 62
43 15 15
43 16 53
43 17 44
43 20 2
43 21 27
43 24 45
43 26 75
43 28 34
43 30 9
43 36 30
43 38 51
43 40 30
43 42 52
44 0 20
44 4 30
44 7 14
44 8 35
44 9 26
44 10 41
44 11 52
44 12 27
44 13 31
44 15 29
44 16 61
44 17 73
44 19 73
44 20 78
44 24 9
44 25 74
44 27 36
44 28 14
44 29 60
44 33 11
44 34 60
44 38 50
44 40 55
44 41 26
45 1 78
45 2 48
45 4 59
45 5 74
45 7 17
45 9 74
45 10 27
45 13 76
45 15 32
45 18 65
45 21 65
45 22 17
45 26 45
45 27 6
45 28 73
45 31 73
45 33 34
45 35 71
45 36 40
45 38 9
45 43 20
46 2 49
46 4 10
46 5 33
46 6 46
46 7 30
46 12 17
46 14 28
46 15 34
46 18 19
46 20 30
46 21 12
46 22 32
46 25 17
46 26 21
46 27 62
46 30 15
46 31 72
46 34 44
46 36 65
46 37 35
46 40 27
46 42 35
47 0 44
47 1 8
47 2 55
47 4 47
47 8 64
47 10 72
47 11 47
47 12 36
47 14 47
47 15 49
47 18 21
47 19 14
47 20 75
47 23 65
47 24 20
47 25 21
47 26 46
47 33 52
47 35 11
47 36 12
47 37 55
47 40 73
47 43 64
47 44 24
47 45 17
48 0 50
48 2 79
48 3 63
48 4 18
48 9 31
48 10 15
48 12 79
48 13 65
48 14 69
48 15 68
48 18 42
48 19 15
48 20 43
48 21 80
48 22 20
48 23 6
48 26 16
48 27 19
48 28 15
48 30 5
48 31 45
48 34 62
48 35 3
48 37 8
48 41 73
48 43 2
48 44 29
48 45 60
48 47 57
49 2 34
49 6 46
49 7 71
49 11 7
49 12 24
49 13 11
49 14 23
49 15 67
49 18 69
49 24 11
49 25 50
49 28 52
49 29 75
49 31 30
49 33 20
49 37 1
49 40 69
49 41 12
49 42 75
49 43 59
49 44 66
49 45 36
49 47 60
49 48 17
50 2 45
50 4 39
50 6 52
50 8 62
50 9 9
50 11 8
50 14 25
50 17 75
50 19 52
50 21 12
50 22 72
50 23 71
50 28 52
50 29 11
50 31 30
50 34 7
50 36 27
50 38 68
50 40 32
50 42 41
50 45 3
50 47 80
51 1 11
51 2 24
51 6 62
51 9 17
51 10 52
51 12 45
51 13 62
51 16 45
51 17 54
51 19 58
51 23 37
51 24 44
51 29 6
51 35 73
51 37 46
51 39 57
51 40 69
51 41 61
51 43 79
51 46 13
51 48 41
52 1 73
52 2 75
52 5 5
52 7 18
52 8 1
52 13 33
52 16 25
52 17 39
52 18 32
52 22 63
52 23 57
52 25 50
52 26 24
52 27 69
52 28 22
52 29 13
52 30 72
52 31 37
52 36 73
52 39 11
52 41 25
52 44 17
52 45 79
52 49 3
52 50 5
53 0 71
53 5 11
53 8 41
53 9 34
53 13 68
53 14 24
53 16 29
53 17 53
53 18 38
53 20 71
53 25 35
53 26 24
53 27 28
53 28 29
53 31 58
53 33 79
53 36 10
53 37 3
53 41 21
53 43 80
53 44 69
53 45 57
53 46 15
53 49 29
53 50 35
53 51 80
54 0 45
54 5 57
54 12 24
54 13 38
54 14 34
54 16 2
54 17 47
54 18 18
54 19 35
54 22 8
54 25 78
54 26 8
54 30 69
54 31 66
54 32 35
54 33 2
54 39 29
54 40 11
54 41 53
54 42 80
54 43 55
54 44 10
54 45 39
54 46 4
54 47 60
54 48 67
54 49 50
54 51 25
54 52 30
54 53 62
55 3 77
55 4 51
55 9 1
55 13 49
55 14 35
55 15 37
55 18 45
55 19 78
55 21 14
55 22 70
55 23 3
55 24 35
55 31 18
55 33 69
55 34 69
55 37 79
55 38 5
55 39 60
55 41 39
55 42 39
55 45 24
55 48 23
55 49 8
55 51 51
55 53 45
56 0 8
56 2 52
56 8 57
56 9 44
56 11 33
56 12 1
56 13 46
56 15 15
56 17 3
56 19 57
56 20 43
56 21 71
56 25 74
56 26 59
56 28 79
56 29 62
56 30 32
56 31 41
56 34 34
56 36 17
56 37 25
56 38 62
56 39 62
56 40 48
56 41 47
56 42 31
56 43 19
56 47 46
56 48 18
56 49 38
56 52 34
56 53 60
56 54 39
56 55 18
57 0 39
57 1 12
57 3 76
57 5 69
57 7 39
57 8 39
57 12 42
57 14 44
57 15 32
57 17 9
57 18 65
57 20 71
57 22 35
57 25 69
57 27 69
57 28 70
57 30 2
57 32 47
57 34 12
57 35 50
57 36 58
57 38 16
57 39 7
57 41 5
57 42 74
57 43 56
57 45 58
57 46 6
57 47 5
57 48 78
57 51 70
57 53 16
57 54 77
58 2 61
58 4 47
58 6 22
58 7 16
58 10 23
58 14 35
58 20 73
58 23 30
58 24 49
58 25 4
58 26 60
58 28 79
58 30 75
58 34 51
58 35 36
58 36 63
58 38 51
58 39 18
58 40 40
58 41 76
58 43 11
58 45 64
58 46 3
58 48 33
58 49 31
58 50 65
58 51 75
58 52 9
58 53 34
58 56 46
59 0 24
59 4 10
59 5 54
59 6 64
59 9 49
59 13 70
59 16 6
59 18 66
59 21 50
59 23 48
59 28 69
59 29 64
59 30 60
59 34 16
59 38 44
59 40 37
59 41 18
59 42 45
59 43 1
59 44 4
59 45 72
59 46 27
59 50 8
59 53 64
59 54 6
59 56 45
59 58 3
60 3 6
60 6 69
60 8 34
60 10 5
60 12 18
60 15 17
60 17 73
60 19 28
60 20 5
60 23 47
60 27 53
60 29 76
60 31 10
60 32 17
60 38 79
60 40 40
60 43 36
60 45 26
60 46 49
60 48 20
60 49 60
60 51 26
60 53 76
60 54 15
60 56 60
60 57 56
60 59 9
61 0 15
61 1 44
61 2 24
61 7 53
61 11 9
61 12 7
61 14 29
61 16 53
61 20 63
61 22 53
61 23 12
61 24 22
61 26 19
61 27 76
61 28 14
61 31 47
61 33 4
61 35 50
61 36 48
61 37 17
61 39 43
61 41 37
61 42 13
61 43 19
61 44 51
61 45 61
61 47 28
61 49 13
61 52 17
61 53 25
61 54 15
61 56 48
61 59 45
62 0 70
62 3 5
62 4 72
62 5 12
62 6 25
62 7 11
62 12 38
62 13 68
62 15 64
62 16 19
62 22 19
62 28 17
62 30 72
62 31 10
62 33 62
62 34 37
62 35 63
62 38 17
62 40 3
62 41 34
62 42 14
62 45 24
62 46 34
62 49 75
62 51 71
62 53 53
62 55 25
62 56 39
62 61 56
63 0 4
63 1 33
63 2 31
63 3 69
63 5 39
63 8 1
63 10 45
63 11 8
63 14 76
63 15 50
63 21 37
63 22 79
63 23 64
63 24 39
63 25 20
63 26 36
63 27 7
63 28 62
63 29 40
63 30 1
63 31 27
63 32 46
63 36 70
63 37 60
63 38 58
63 39 27
63 41 20
63 45 11
63 48 67
63 49 9
63 54 69
63 56 34
63 58 29
63 59 65
63 61 49
64 0 67
64 1 61
64 2 72
64 4 51
64 5 60
64 6 76
64 9 29
64 10 56
64 11 41
64 12 64
64 13 63
64 15 12
64 16 63
64 20 57
64 24 53
64 27 33
64 30 78
64 34 59
64 36 72
64 37 64
64 38 80
64 39 71
64 41 79
64 43 71
64 44 62
64 52 64
64 53 10
64 55 80
64 56 42
64 57 36
64 58 23
64 63 2
65 2 15
65 6 49
65 7 4
65 13 4
65 14 30
65 15 72
65 17 50
65 20 6
65 25 13
65 32 78
65 33 1
65 38 40
65 39 68
65 41 15
65 42 43
65 43 50
65 48 54
65 50 70
65 51 19
65 52 64
65 55 49
65 57 66
65 58 52
65 60 8
65 63 35
65 64 58
66 2 61
66 3 67
66 5 11
66 6 54
66 7 19
66 9 80
66 12 54
66 13 80
66 15 55
66 16 42
66 19 72
66 20 20
66 22 73
66 24 24
66 25 46
66 26 4
66 28 50
66 30 50
66 31 65
66 33 70
66 38 21
66 39 16
66 40 62
66 42 1
66 44 53
66 47 9
66 48 76
66 49 31
66 51 6
66 54 24
66 55 12
66 56 63
66 58 16
66 60 19
66 61 46
66 64 44
66 65 78
67 1 24
67 2 39
67 4 4
67 5 12
67 6 20
67 9 10
67 11 56
67 15 50
67 17 16
67 18 62
67 20 27
67 22 24
67 23 77
67 26 40
67 27 79
67 29 26
67 34 13
67 35 31
67 39 30
67 41 33
67 42 57
67 50 28
67 51 57
67 54 59
67 59 30
67 60 37
67 63 21
68 0 10
68 3 4
68 6 37
68 7 39
68 8 72
68 9 13
68 10 52
68 12 58
68 15 46
68 16 50
68 17 74
68 19 38
68 20 25
68 21 77
68 22 79
68 23 75
68 25 15
68 27 27
68 28 55
68 29 66
68 30 79
68 35 6
68 37 38
68 38 47
68 40 70
68 41 15
68 42 7
68 44 30
68 45 22
68 47 60
68 49 27
68 51 4
68 52 52
68 53 1
68 54 25
68 59 50
68 60 40
68 61 76
68 62 41
68 64 19
68 66 58
69 0 18
69 1 7
69 2 15
69 3 6
69 4 59
69 6 42
69 7 12
69 8 21
69 18 2
69 21 22
69 24 60
69 26 21
69 27 63
69 29 29
69 30 47
69 32 49
69 33 10
69 34 6
69 35 50
69 38 28
69 39 28
69 42 45
69 45 41
69 52 11
69 53 22
69 54 60
69 58 65
69 59 26
69 61 63
69 63 61
69 64 32
69 67 8
69 68 4
