50
3 1 16
4 0 35
4 2 11
5 2 55
5 3 77
5 4 55
6 2 58
6 3 63
6 4 9
7 0 61
7 1 12
7 2 35
7 4 27
7 6 31
8 0 37
8 2 46
8 3 31
8 4 1
8 7 37
9 3 18
9 5 48
9 6 58
9 7 17
10 0 55
10 3 60
10 5 70
10 7 11
10 8 7
11 2 54
11 4 65
11 5 22
11 6 68
11 7 58
11 8 67
11 9 61
12 1 15
12 2 13
12 3 18
12 6 46
12 7 2
12 8 54
12 9 8
13 2 39
13 4 55
13 6 55
13 7 3
13 9 75
13 11 80
14 0 46
14 4 40
14 5 74
14 6 61
14 8 19
14 11 40
14 12 38
15 2 70
15 4 12
15 10 41
15 14 50
16 1 34
16 3 28
16 5 56
16 8 34
16 10 64
17 0 51
17 1 20
17 6 1
17 8 13
17 9 43
17 10 52
17 14 23
17 15 4
18 2 12
18 3 63
18 5 1
18 6 73
18 10 9
18 12 17
18 13 6
18 14 34
18 15 77
18 16 76
19 2 78
19 3 22
19 5 60
19 10 66
19 12 63
19 14 3
19 15 58
19 16 80
19 17 53
20 1 17
20 2 30
20 3 32
20 4 16
20 7 38
20 13 9
20 15 4
20 16 43
20 17 48
20 18 35
21 1 15
21 4 34
21 7 18
21 9 71
21 11 20
21 12 70
21 15 28
21 17 28
21 19 32
22 2 80
22 4 1
22 6 56
22 7 18
22 9 37
22 10 2
22 11 15
22 13 75
22 17 12
23 0 9
23 4 37
23 5 12
23 7 39
23 8 68
23 10 45
23 12 38
23 13 28
23 14 68
23 18 17
23 19 42
23 20 27
24 0 29
24 2 21
24 3 50
24 4 72
24 5 20
24 8 39
24 9 26
24 15 18
24 17 60
24 19 53
24 23 38
25 0 69
25 2 59
25 3 61
25 5 69
25 10 20
25 13 33
25 14 51
25 15 15
25 18 9
25 22 70
25 24 68
26 1 22
26 5 69
26 8 10
26 9 51
26 11 57
26 12 64
26 16 52
26 17 54
26 19 53
26 22 39
27 1 5
27 2 31
27 3 59
27 4 66
27 5 20
27 6 45
27 12 54
27 13 24
27 14 47
27 17 30
27 18 12
27 20 79
27 22 38
27 23 15
27 25 64
27 26 44
28 0 24
28 4 51
28 11 12
28 12 3
28 16 45
28 19 12
28 20 44
28 22 43
28 23 58
28 25 13
29 2 42
29 6 70
29 8 69
29 11 18
29 13 40
29 18 42
29 19 14
29 20 77
29 26 15
29 28 28
30 0 36
30 1 50
30 3 25
30 4 79
30 6 22
30 7 28
30 8 7
30 9 28
30 10 23
30 12 6
30 17 24
30 18 42
30 20 79
30 24 52
30 25 24
30 26 72
31 0 29
31 1 17
31 2 66
31 4 8
31 11 31
31 13 14
31 14 60
31 15 11
31 18 15
31 19 35
31 20 28
31 23 11
31 24 60
31 26 16
31 27 21
31 29 65
32 0 59
32 1 45
32 5 42
32 6 66
32 8 3
32 9 25
32 12 79
32 15 60
32 17 4
32 20 34
32 21 46
32 24 52
32 25 23
32 26 41
32 31 25
33 0 2
33 1 42
33 2 76
33 3 11
33 7 72
33 9 17
33 10 59
33 11 28
33 13 69
33 14 45
33 21 76
33 22 41
33 23 42
33 24 61
33 25 48
33 27 40
33 28 47
33 32 2
34 1 4
34 4 63
34 6 26
34 7 71
34 8 19
34 11 47
34 12 44
34 14 52
34 17 60
34 21 69
34 22 57
34 24 3
34 25 20
34 26 15
34 30 79
35 4 3
35 5 13
35 7 60
35 8 29
35 9 45
35 16 16
35 17 5
35 18 11
35 19 13
35 20 72
35 22 22
35 25 29
35 26 21
35 31 4
35 33 36
35 34 33
36 0 16
36 2 75
36 7 52
36 8 74
36 10 58
36 12 4
36 13 14
36 15 46
36 18 45
36 24 5
36 25 19
36 31 42
36 33 60
37 0 64
37 2 12
37 7 35
37 9 39
37 10 39
37 12 8
37 13 6
37 15 42
37 18 10
37 22 37
37 23 44
37 24 79
37 25 52
37 28 13
37 32 47
37 34 27
38 2 51
38 4 57
38 6 44
38 7 4
38 10 14
38 14 43
38 17 23
38 21 40
38 23 25
38 24 54
38 25 76
38 26 53
38 27 24
38 28 55
38 29 9
38 31 70
38 33 15
39 1 25
39 2 66
39 5 22
39 6 8
39 8 52
39 9 24
39 10 30
39 11 79
39 12 18
39 13 67
39 14 3
39 15 26
39 16 73
39 18 40
39 21 58
39 23 24
39 25 9
39 26 58
39 27 61
39 30 53
39 32 32
39 33 22
39 34 14
39 35 72
39 36 77
39 37 12
40 1 39
40 3 38
40 5 36
40 6 15
40 8 21
40 9 8
40 12 45
40 13 4
40 14 41
40 15 53
40 16 36
40 17 75
40 21 71
40 23 43
40 24 50
40 25 70
40 27 67
40 28 32
40 30 45
40 32 77
40 34 25
40 35 8
40 39 49
41 1 36
41 2 33
41 3 11
41 4 74
41 5 63
41 6 43
41 11 15
41 12 51
41 15 4
41 17 26
41 18 53
41 25 70
41 29 43
41 31 54
41 33 66
41 34 1
41 36 6
41 37 4
41 38 74
41 40 69
42 0 52
42 1 40
42 2 6
42 3 19
42 5 43
42 6 7
42 8 44
42 9 78
42 14 32
42 18 74
42 20 65
42 21 80
42 24 21
42 26 4
42 27 2
42 29 71
42 34 52
42 36 7
42 37 46
43 0 17
43 3 39
43 4 64
43 8 78
43 9 12
43 10 75
43 12 43
43 14 76
43 15 64
43 16 64
43 18 71
43 20 29
43 21 56
43 25 77
43 27 66
43 28 7
43 30 3
43 32 50
43 34 48
43 36 62
43 41 46
44 0 70
44 1 63
44 2 42
44 4 15
44 9 49
44 16 59
44 18 43
44 21 25
44 22 36
44 23 73
44 25 30
44 26 40
44 27 48
44 30 4
44 31 53
44 34 33
44 35 22
44 37 64
44 42 73
45 2 34
45 3 58
45 4 23
45 5 3
45 6 16
45 7 40
45 11 59
45 14 70
45 16 48
45 19 5
45 20 5
45 21 16
45 22 68
45 23 41
45 30 12
45 31 31
45 33 68
45 34 45
45 35 11
45 37 24
45 40 56
45 41 66
45 42 22
45 43 11
45 44 41
46 1 30
46 4 23
46 5 53
46 9 27
46 11 76
46 12 24
46 16 21
46 21 75
46 22 78
46 23 65
46 25 64
46 26 79
46 27 53
46 29 2
46 33 58
46 38 64
46 40 4
46 41 60
46 42 47
46 45 62
47 0 10
47 1 3
47 5 22
47 9 40
47 10 7
47 14 64
47 15 54
47 16 7
47 17 15
47 19 7
47 20 44
47 21 13
47 22 28
47 24 34
47 26 53
47 28 59
47 31 29
47 32 58
47 33 55
47 38 54
47 40 80
47 42 42
47 44 56
47 45 79
47 46 5
48 1 61
48 2 15
48 3 19
48 5 74
48 6 73
48 7 36
48 8 50
48 9 27
48 11 34
48 12 26
48 13 21
48 14 9
48 18 61
48 22 78
48 23 21
48 24 77
48 26 44
48 27 54
48 28 79
48 35 74
48 37 57
48 38 43
48 39 39
48 42 67
48 45 14
48 47 15
49 2 6
49 5 22
49 6 55
49 7 20
49 8 17
49 9 28
49 10 55
49 11 76
49 12 34
49 13 18
49 16 59
49 18 38
49 20 26
49 21 54
49 22 30
49 23 39
49 25 32
49 26 20
49 31 21
49 33 39
49 35 46
49 36 1
49 38 13
49 39 40
49 40 51
49 41 13
49 42 16
49 44 52
49 46 80
