60
1 0 20
2 0 19
2 1 6
3 0 17
3 1 8
3 2 1
4 0 7
4 1 3
4 2 8
4 3 20
5 0 2
5 1 13
5 2 9
5 3 2
5 4 16
6 0 4
6 1 8
6 2 7
6 3 9
6 4 1
6 5 2
7 0 12
7 1 19
7 2 6
7 3 16
7 4 7
7 5 18
7 6 4
8 0 18
8 1 11
8 2 12
8 3 13
8 4 19
8 5 19
8 6 16
8 7 3
9 0 3
9 1 14
9 2 11
9 3 5
9 4 20
9 5 5
9 6 17
9 7 19
9 8 12
10 0 3
10 1 9
10 2 5
10 3 3
10 4 2
10 5 9
10 6 20
10 7 8
10 8 5
10 9 2
11 0 1
11 1 5
11 2 7
11 3 6
11 4 1
11 5 8
11 6 9
11 7 12
11 8 3
11 9 5
11 10 12
12 0 9
12 1 1
12 2 2
12 3 16
12 4 11
12 5 16
12 6 6
12 7 9
12 8 17
12 9 2
12 10 11
12 11 1
13 0 3
13 1 16
13 2 5
13 3 16
13 4 5
13 5 10
13 6 2
13 7 14
13 8 14
13 9 15
13 10 2
13 11 8
13 12 15
14 0 19
14 1 5
14 2 8
14 3 10
14 4 6
14 5 16
14 6 16
14 7 4
14 8 13
14 9 1
14 10 10
14 11 8
14 12 5
14 13 1
15 0 17
15 1 2
15 2 16
15 3 16
15 4 20
15 5 17
15 6 10
15 7 8
15 8 15
15 9 13
15 10 12
15 11 3
15 12 2
15 13 9
15 14 13
16 0 4
16 1 6
16 2 5
16 3 6
16 4 14
16 5 18
16 6 1
16 7 15
16 8 3
16 9 18
16 10 2
16 11 1
16 12 17
16 13 9
16 14 7
16 15 11
17 0 7
17 1 13
17 2 18
17 3 4
17 4 2
17 5 9
17 6 18
17 7 14
17 8 6
17 9 6
17 10 11
17 11 9
17 12 19
17 13 1
17 14 19
17 15 1
17 16 6
18 0 10
18 1 18
18 2 3
18 3 14
18 4 18
18 5 8
18 6 5
18 7 10
18 8 5
18 9 5
18 10 11
18 11 3
18 12 7
18 13 11
18 14 13
18 15 15
18 16 6
18 17 14
19 0 9
19 1 9
19 2 18
19 3 6
19 4 18
19 5 18
19 6 12
19 7 15
19 8 15
19 9 6
19 10 14
19 11 18
19 12 4
19 13 20
19 14 7
19 15 16
19 16 15
19 17 17
19 18 13
20 0 3
20 1 12
20 2 15
20 3 12
20 4 18
20 5 5
20 6 10
20 7 5
20 8 1
20 9 20
20 10 2
20 11 1
20 12 15
20 13 1
20 14 12
20 15 18
20 16 5
20 17 2
20 18 2
20 19 16
21 0 5
21 1 20
21 2 2
21 3 8
21 4 14
21 5 4
21 6 9
21 7 14
21 8 19
21 9 17
21 10 1
21 11 11
21 12 3
21 13 10
21 14 20
21 15 7
21 16 1
21 17 7
21 18 1
21 19 3
21 20 13
22 0 14
22 1 6
22 2 4
22 3 6
22 4 2
22 5 7
22 6 18
22 7 4
22 8 3
22 9 12
22 10 9
22 11 16
22 12 5
22 13 9
22 14 20
22 15 11
22 16 19
22 17 13
22 18 5
22 19 6
22 20 5
22 21 13
23 0 5
23 1 10
23 2 13
23 3 16
23 4 3
23 5 13
23 6 12
23 7 10
23 8 1
23 9 17
23 10 4
23 11 9
23 12 12
23 13 7
23 14 20
23 15 7
23 16 6
23 17 17
23 18 6
23 19 20
23 20 3
23 21 16
23 22 2
24 0 9
24 1 5
24 2 4
24 3 18
24 4 19
24 5 16
24 6 9
24 7 18
24 8 4
24 9 4
24 10 7
24 11 7
24 12 1
24 13 4
24 14 5
24 15 14
24 16 3
24 17 16
24 18 13
24 19 9
24 20 11
24 21 19
24 22 13
24 23 11
25 0 19
25 1 17
25 2 17
25 3 8
25 4 13
25 5 12
25 6 11
25 7 8
25 8 5
25 9 5
25 10 19
25 11 5
25 12 6
25 13 17
25 14 13
25 15 14
25 16 12
25 17 2
25 18 19
25 19 16
25 20 15
25 21 15
25 22 3
25 23 15
25 24 12
26 0 4
26 1 15
26 2 12
26 3 10
26 4 8
26 5 10
26 6 14
26 7 20
26 8 9
26 9 18
26 10 11
26 11 8
26 12 6
26 13 15
26 14 10
26 15 16
26 16 17
26 17 12
26 18 10
26 19 16
26 20 1
26 21 15
26 22 10
26 23 12
26 24 3
26 25 7
27 0 9
27 1 18
27 2 6
27 3 1
27 4 11
27 5 17
27 6 8
27 7 20
27 8 2
27 9 1
27 10 15
27 11 15
27 12 10
27 13 2
27 14 3
27 15 11
27 16 7
27 17 15
27 18 15
27 19 14
27 20 16
27 21 15
27 22 20
27 23 6
27 24 15
27 25 20
27 26 5
28 0 2
28 1 18
28 2 2
28 3 12
28 4 11
28 5 13
28 6 11
28 7 6
28 8 5
28 9 1
28 10 2
28 11 11
28 12 14
28 13 5
28 14 13
28 15 1
28 16 12
28 17 1
28 18 4
28 19 13
28 20 2
28 21 6
28 22 10
28 23 2
28 24 20
28 25 20
28 26 10
28 27 5
29 0 9
29 1 3
29 2 10
29 3 7
29 4 6
29 5 7
29 6 17
29 7 2
29 8 4
29 9 16
29 10 13
29 11 5
29 12 6
29 13 16
29 14 13
29 15 19
29 16 6
29 17 12
29 18 6
29 19 15
29 20 14
29 21 7
29 22 9
29 23 16
29 24 12
29 25 7
29 26 19
29 27 5
29 28 13
30 0 11
30 1 1
30 2 1
30 3 10
30 4 5
30 5 19
30 6 8
30 7 8
30 8 15
30 9 8
30 10 1
30 11 14
30 12 15
30 13 18
30 14 9
30 15 19
30 16 6
30 17 16
30 18 11
30 19 8
30 20 8
30 21 12
30 22 8
30 23 16
30 24 3
30 25 11
30 26 1
30 27 12
30 28 1
30 29 9
31 0 9
31 1 16
31 2 3
31 3 15
31 4 6
31 5 3
31 6 10
31 7 1
31 8 5
31 9 8
31 10 14
31 11 20
31 12 2
31 13 16
31 14 11
31 15 15
31 16 20
31 17 5
31 18 11
31 19 16
31 20 10
31 21 13
31 22 18
31 23 9
31 24 17
31 25 17
31 26 3
31 27 2
31 28 12
31 29 6
31 30 5
32 0 13
32 1 14
32 2 15
32 3 20
32 4 10
32 5 11
32 6 19
32 7 14
32 8 5
32 9 12
32 10 12
32 11 2
32 12 11
32 13 11
32 14 17
32 15 8
32 16 3
32 17 11
32 18 4
32 19 2
32 20 16
32 21 4
32 22 11
32 23 18
32 24 5
32 25 14
32 26 16
32 27 9
32 28 18
32 29 3
32 30 2
32 31 6
33 0 4
33 1 2
33 2 14
33 3 8
33 4 7
33 5 13
33 6 8
33 7 2
33 8 19
33 9 16
33 10 4
33 11 7
33 12 8
33 13 14
33 14 12
33 15 7
33 16 13
33 17 12
33 18 17
33 19 20
33 20 13
33 21 3
33 22 11
33 23 19
33 24 9
33 25 17
33 26 13
33 27 18
33 28 15
33 29 19
33 30 17
33 31 10
33 32 14
34 0 7
34 1 18
34 2 20
34 3 14
34 4 18
34 5 14
34 6 5
34 7 2
34 8 1
34 9 7
34 10 17
34 11 8
34 12 6
34 13 19
34 14 13
34 15 4
34 16 15
34 17 1
34 18 12
34 19 17
34 20 20
34 21 13
34 22 1
34 23 16
34 24 12
34 25 2
34 26 12
34 27 3
34 28 11
34 29 13
34 30 12
34 31 13
34 32 19
34 33 9
35 0 3
35 1 18
35 2 14
35 3 18
35 4 1
35 5 6
35 6 16
35 7 19
35 8 9
35 9 14
35 10 17
35 11 19
35 12 2
35 13 1
35 14 7
35 15 9
35 16 10
35 17 8
35 18 2
35 19 14
35 20 13
35 21 20
35 22 7
35 23 15
35 24 5
35 25 13
35 26 18
35 27 12
35 28 2
35 29 7
35 30 17
35 31 2
35 32 12
35 33 8
35 34 15
36 0 9
36 1 7
36 2 14
36 3 4
36 4 12
36 5 16
36 6 14
36 7 5
36 8 18
36 9 10
36 10 14
36 11 15
36 12 10
36 13 11
36 14 19
36 15 18
36 16 20
36 17 9
36 18 15
36 19 19
36 20 16
36 21 10
36 22 5
36 23 20
36 24 19
36 25 14
36 26 13
36 27 14
36 28 5
36 29 12
36 30 12
36 31 13
36 32 10
36 33 5
36 34 14
36 35 10
37 0 13
37 1 16
37 2 19
37 3 18
37 4 18
37 5 20
37 6 16
37 7 16
37 8 2
37 9 11
37 10 7
37 11 9
37 12 7
37 13 14
37 14 12
37 15 19
37 16 1
37 17 11
37 18 14
37 19 4
37 20 15
37 21 14
37 22 4
37 23 6
37 24 18
37 25 9
37 26 12
37 27 2
37 28 10
37 29 11
37 30 4
37 31 10
37 32 16
37 33 19
37 34 20
37 35 6
37 36 1
38 0 13
38 1 19
38 2 3
38 3 15
38 4 9
38 5 15
38 6 11
38 7 18
38 8 8
38 9 18
38 10 2
38 11 14
38 12 6
38 13 5
38 14 10
38 15 1
38 16 6
38 17 18
38 18 2
38 19 10
38 20 18
38 21 8
38 22 9
38 23 5
38 24 3
38 25 4
38 26 17
38 27 7
38 28 14
38 29 9
38 30 11
38 31 4
38 32 12
38 33 15
38 34 15
38 35 6
38 36 16
38 37 12
39 0 9
39 1 20
39 2 18
39 3 11
39 4 17
39 5 10
39 6 20
39 7 8
39 8 3
39 9 12
39 10 7
39 11 5
39 12 7
39 13 16
39 14 9
39 15 11
39 16 3
39 17 14
39 18 11
39 19 18
39 20 10
39 21 15
39 22 1
39 23 14
39 24 7
39 25 18
39 26 14
39 27 15
39 28 4
39 29 20
39 30 5
39 31 6
39 32 1
39 33 7
39 34 6
39 35 4
39 36 13
39 37 6
39 38 9
40 0 4
40 1 1
40 2 13
40 3 5
40 4 19
40 5 17
40 6 18
40 7 19
40 8 1
40 9 19
40 10 3
40 11 1
40 12 9
40 13 6
40 14 18
40 15 17
40 16 18
40 17 19
40 18 8
40 19 15
40 20 2
40 21 4
40 22 4
40 23 18
40 24 7
40 25 7
40 26 11
40 27 18
40 28 16
40 29 7
40 30 7
40 31 10
40 32 15
40 33 18
40 34 6
40 35 15
40 36 20
40 37 2
40 38 1
40 39 17
41 0 11
41 1 10
41 2 13
41 3 7
41 4 1
41 5 19
41 6 15
41 7 2
41 8 20
41 9 2
41 10 5
41 11 20
41 12 14
41 13 18
41 14 9
41 15 14
41 16 1
41 17 20
41 18 7
41 19 7
41 20 19
41 21 13
41 22 15
41 23 11
41 24 8
41 25 18
41 26 17
41 27 6
41 28 7
41 29 14
41 30 10
41 31 14
41 32 18
41 33 13
41 34 8
41 35 16
41 36 12
41 37 19
41 38 6
41 39 11
41 40 7
42 0 14
42 1 13
42 2 12
42 3 1
42 4 7
42 5 6
42 6 16
42 7 12
42 8 10
42 9 6
42 10 7
42 11 5
42 12 8
42 13 18
42 14 16
42 15 8
42 16 1
42 17 2
42 18 6
42 19 3
42 20 20
42 21 13
42 22 8
42 23 6
42 24 19
42 25 8
42 26 1
42 27 18
42 28 12
42 29 10
42 30 20
42 31 18
42 32 4
42 33 1
42 34 17
42 35 20
42 36 18
42 37 7
42 38 2
42 39 18
42 40 13
42 41 15
43 0 18
43 1 14
43 2 6
43 3 18
43 4 13
43 5 2
43 6 11
43 7 3
43 8 11
43 9 9
43 10 6
43 11 14
43 12 17
43 13 1
43 14 18
43 15 8
43 16 2
43 17 6
43 18 11
43 19 4
43 20 12
43 21 1
43 22 16
43 23 2
43 24 13
43 25 19
43 26 13
43 27 19
43 28 10
43 29 10
43 30 2
43 31 16
43 32 15
43 33 8
43 34 19
43 35 16
43 36 5
43 37 11
43 38 1
43 39 5
43 40 15
43 41 20
43 42 4
44 0 11
44 1 3
44 2 12
44 3 12
44 4 15
44 5 20
44 6 15
44 7 5
44 8 1
44 9 11
44 10 8
44 11 4
44 12 11
44 13 3
44 14 10
44 15 14
44 16 3
44 17 8
44 18 7
44 19 13
44 20 3
44 21 18
44 22 7
44 23 8
44 24 5
44 25 16
44 26 14
44 27 9
44 28 14
44 29 17
44 30 10
44 31 5
44 32 20
44 33 2
44 34 6
44 35 18
44 36 10
44 37 3
44 38 14
44 39 7
44 40 8
44 41 5
44 42 15
44 43 13
45 0 7
45 1 14
45 2 8
45 3 14
45 4 16
45 5 1
45 6 19
45 7 12
45 8 1
45 9 14
45 10 12
45 11 14
45 12 14
45 13 1
45 14 20
45 15 19
45 16 18
45 17 11
45 18 3
45 19 3
45 20 7
45 21 11
45 22 9
45 23 18
45 24 1
45 25 14
45 26 19
45 27 19
45 28 1
45 29 15
45 30 2
45 31 12
45 32 5
45 33 15
45 34 13
45 35 7
45 36 3
45 37 2
45 38 4
45 39 6
45 40 4
45 41 14
45 42 19
45 43 19
45 44 20
46 0 11
46 1 12
46 2 9
46 3 1
46 4 8
46 5 14
46 6 4
46 7 9
46 8 17
46 9 2
46 10 9
46 11 6
46 12 20
46 13 11
46 14 6
46 15 9
46 16 5
46 17 9
46 18 20
46 19 19
46 20 18
46 21 1
46 22 10
46 23 2
46 24 16
46 25 1
46 26 8
46 27 10
46 28 12
46 29 20
46 30 4
46 31 10
46 32 3
46 33 2
46 34 7
46 35 5
46 36 13
46 37 10
46 38 16
46 39 11
46 40 7
46 41 2
46 42 10
46 43 6
46 44 19
46 45 16
47 0 16
47 1 9
47 2 9
47 3 13
47 4 15
47 5 17
47 6 8
47 7 11
47 8 16
47 9 17
47 10 10
47 11 15
47 12 7
47 13 4
47 14 2
47 15 18
47 16 7
47 17 19
47 18 10
47 19 8
47 20 8
47 21 5
47 22 5
47 23 3
47 24 14
47 25 5
47 26 12
47 27 15
47 28 7
47 29 8
47 30 7
47 31 1
47 32 17
47 33 1
47 34 18
47 35 9
47 36 2
47 37 1
47 38 13
47 39 15
47 40 2
47 41 16
47 42 2
47 43 12
47 44 18
47 45 15
47 46 17
48 0 8
48 1 18
48 2 6
48 3 6
48 4 16
48 5 12
48 6 10
48 7 12
48 8 11
48 9 12
48 10 8
48 11 17
48 12 20
48 13 7
48 14 20
48 15 11
48 16 13
48 17 18
48 18 12
48 19 12
48 20 7
48 21 20
48 22 6
48 23 10
48 24 1
48 25 13
48 26 14
48 27 7
48 28 16
48 29 4
48 30 10
48 31 6
48 32 16
48 33 5
48 34 14
48 35 14
48 36 14
48 37 7
48 38 17
48 39 14
48 40 16
48 41 7
48 42 19
48 43 11
48 44 3
48 45 1
48 46 12
48 47 11
49 0 18
49 1 2
49 2 11
49 3 1
49 4 10
49 5 12
49 6 13
49 7 14
49 8 9
49 9 16
49 10 5
49 11 9
49 12 11
49 13 11
49 14 18
49 15 16
49 16 11
49 17 2
49 18 7
49 19 17
49 20 13
49 21 16
49 22 16
49 23 12
49 24 1
49 25 10
49 26 18
49 27 12
49 28 16
49 29 15
49 30 9
49 31 13
49 32 18
49 33 11
49 34 7
49 35 2
49 36 10
49 37 11
49 38 16
49 39 7
49 40 10
49 41 4
49 42 5
49 43 3
49 44 13
49 45 12
49 46 4
49 47 2
49 48 12
50 0 16
50 1 10
50 2 5
50 3 4
50 4 10
50 5 18
50 6 19
50 7 10
50 8 13
50 9 7
50 10 18
50 11 17
50 12 17
50 13 16
50 14 14
50 15 9
50 16 16
50 17 9
50 18 19
50 19 11
50 20 10
50 21 9
50 22 3
50 23 5
50 24 4
50 25 8
50 26 10
50 27 14
50 28 17
50 29 9
50 30 14
50 31 17
50 32 18
50 33 2
50 34 2
50 35 16
50 36 12
50 37 5
50 38 5
50 39 3
50 40 18
50 41 1
50 42 11
50 43 7
50 44 5
50 45 9
50 46 12
50 47 19
50 48 3
50 49 20
51 0 18
51 1 2
51 2 9
51 3 15
51 4 1
51 5 1
51 6 9
51 7 3
51 8 20
51 9 18
51 10 20
51 11 7
51 12 10
51 13 9
51 14 9
51 15 3
51 16 13
51 17 14
51 18 5
51 19 19
51 20 7
51 21 20
51 22 3
51 23 12
51 24 12
51 25 6
51 26 16
51 27 19
51 28 11
51 29 8
51 30 4
51 31 1
51 32 9
51 33 19
51 34 5
51 35 17
51 36 8
51 37 9
51 38 2
51 39 15
51 40 2
51 41 17
51 42 8
51 43 4
51 44 16
51 45 10
51 46 6
51 47 3
51 48 18
51 49 19
51 50 5
52 0 2
52 1 16
52 2 10
52 3 13
52 4 8
52 5 1
52 6 15
52 7 13
52 8 8
52 9 16
52 10 4
52 11 2
52 12 4
52 13 18
52 14 20
52 15 17
52 16 17
52 17 11
52 18 6
52 19 5
52 20 20
52 21 12
52 22 14
52 23 7
52 24 15
52 25 2
52 26 17
52 27 17
52 28 6
52 29 13
52 30 2
52 31 3
52 32 18
52 33 6
52 34 19
52 35 6
52 36 4
52 37 12
52 38 10
52 39 14
52 40 5
52 41 12
52 42 2
52 43 4
52 44 14
52 45 15
52 46 7
52 47 15
52 48 20
52 49 3
52 50 9
52 51 9
53 0 7
53 1 2
53 2 16
53 3 15
53 4 6
53 5 4
53 6 8
53 7 2
53 8 5
53 9 2
53 10 7
53 11 17
53 12 8
53 13 2
53 14 1
53 15 2
53 16 9
53 17 17
53 18 4
53 19 1
53 20 7
53 21 19
53 22 2
53 23 1
53 24 2
53 25 1
53 26 20
53 27 12
53 28 1
53 29 12
53 30 14
53 31 1
53 32 11
53 33 6
53 34 15
53 35 3
53 36 4
53 37 18
53 38 11
53 39 5
53 40 3
53 41 4
53 42 6
53 43 18
53 44 8
53 45 7
53 46 18
53 47 11
53 48 18
53 49 15
53 50 4
53 51 6
53 52 17
54 0 18
54 1 7
54 2 5
54 3 10
54 4 16
54 5 17
54 6 5
54 7 16
54 8 8
54 9 15
54 10 11
54 11 16
54 12 11
54 13 5
54 14 9
54 15 5
54 16 2
54 17 7
54 18 19
54 19 8
54 20 1
54 21 18
54 22 20
54 23 7
54 24 11
54 25 2
54 26 2
54 27 11
54 28 20
54 29 6
54 30 18
54 31 19
54 32 19
54 33 2
54 34 12
54 35 4
54 36 6
54 37 12
54 38 11
54 39 10
54 40 14
54 41 4
54 42 2
54 43 10
54 44 2
54 45 1
54 46 6
54 47 5
54 48 8
54 49 9
54 50 20
54 51 14
54 52 9
54 53 7
55 0 6
55 1 7
55 2 19
55 3 7
55 4 7
55 5 14
55 6 12
55 7 17
55 8 18
55 9 2
55 10 8
55 11 11
55 12 10
55 13 13
55 14 16
55 15 14
55 16 9
55 17 19
55 18 10
55 19 3
55 20 16
55 21 5
55 22 12
55 23 17
55 24 5
55 25 1
55 26 9
55 27 17
55 28 9
55 29 15
55 30 1
55 31 1
55 32 20
55 33 19
55 34 1
55 35 11
55 36 17
55 37 13
55 38 1
55 39 13
55 40 18
55 41 11
55 42 17
55 43 15
55 44 10
55 45 8
55 46 12
55 47 3
55 48 10
55 49 10
55 50 6
55 51 9
55 52 6
55 53 14
55 54 11
56 0 3
56 1 8
56 2 8
56 3 9
56 4 18
56 5 1
56 6 9
56 7 19
56 8 8
56 9 9
56 10 5
56 11 16
56 12 12
56 13 2
56 14 18
56 15 16
56 16 13
56 17 15
56 18 10
56 19 11
56 20 10
56 21 12
56 22 3
56 23 13
56 24 12
56 25 8
56 26 16
56 27 3
56 28 8
56 29 18
56 30 9
56 31 12
56 32 4
56 33 16
56 34 18
56 35 7
56 36 3
56 37 17
56 38 11
56 39 1
56 40 17
56 41 18
56 42 8
56 43 3
56 44 9
56 45 4
56 46 15
56 47 16
56 48 3
56 49 19
56 50 19
56 51 18
56 52 9
56 53 14
56 54 5
56 55 18
57 0 19
57 1 3
57 2 15
57 3 10
57 4 15
57 5 6
57 6 19
57 7 20
57 8 20
57 9 12
57 10 18
57 11 8
57 12 7
57 13 10
57 14 15
57 15 9
57 16 13
57 17 11
57 18 1
57 19 10
57 20 17
57 21 3
57 22 6
57 23 15
57 24 9
57 25 18
57 26 12
57 27 13
57 28 13
57 29 18
57 30 20
57 31 13
57 32 11
57 33 12
57 34 10
57 35 6
57 36 11
57 37 15
57 38 12
57 39 19
57 40 19
57 41 15
57 42 9
57 43 12
57 44 6
57 45 10
57 46 8
57 47 16
57 48 18
57 49 5
57 50 16
57 51 20
57 52 8
57 53 7
57 54 9
57 55 10
57 56 19
58 0 8
58 1 14
58 2 10
58 3 15
58 4 1
58 5 8
58 6 2
58 7 19
58 8 20
58 9 3
58 10 8
58 11 1
58 12 11
58 13 5
58 14 4
58 15 1
58 16 8
58 17 20
58 18 20
58 19 14
58 20 17
58 21 10
58 22 17
58 23 8
58 24 17
58 25 5
58 26 18
58 27 5
58 28 18
58 29 15
58 30 14
58 31 18
58 32 1
58 33 1
58 34 11
58 35 16
58 36 4
58 37 2
58 38 12
58 39 18
58 40 1
58 41 17
58 42 4
58 43 14
58 44 9
58 45 11
58 46 4
58 47 12
58 48 19
58 49 13
58 50 3
58 51 3
58 52 7
58 53 17
58 54 16
58 55 9
58 56 8
58 57 3
59 0 3
59 1 7
59 2 1
59 3 5
59 4 17
59 5 7
59 6 14
59 7 18
59 8 8
59 9 4
59 10 14
59 11 4
59 12 4
59 13 3
59 14 12
59 15 14
59 16 16
59 17 19
59 18 2
59 19 10
59 20 14
59 21 4
59 22 20
59 23 15
59 24 10
59 25 20
59 26 20
59 27 8
59 28 10
59 29 19
59 30 18
59 31 16
59 32 14
59 33 18
59 34 12
59 35 10
59 36 18
59 37 4
59 38 16
59 39 15
59 40 18
59 41 10
59 42 20
59 43 6
59 44 18
59 45 7
59 46 20
59 47 11
59 48 11
59 49 3
59 50 7
59 51 12
59 52 1
59 53 14
59 54 4
59 55 19
59 56 17
59 57 6
59 58 8
