30
2 0 27
3 2 40
4 1 37
4 2 60
5 2 59
6 0 29
6 1 1
6 3 8
6 4 26
6 5 52
7 0 41
7 4 15
8 0 5
8 1 12
8 5 29
9 0 59
9 4 51
10 0 52
10 1 50
10 2 15
10 4 6
10 5 37
10 6 58
10 9 11
11 2 54
11 4 17
11 6 33
11 8 7
11 9 1
11 10 19
12 1 16
12 2 25
12 5 39
12 7 19
12 9 26
12 10 33
12 11 59
13 0 58
13 2 36
13 5 43
13 6 41
13 7 40
13 8 13
13 12 2
14 0 34
14 1 35
14 2 54
14 3 39
14 4 17
14 6 3
14 7 45
14 8 51
14 9 9
14 10 44
14 11 50
15 3 38
15 6 47
15 8 6
15 11 10
15 13 6
16 4 17
16 6 7
16 7 58
16 10 44
17 0 58
17 4 33
17 5 50
17 7 60
17 8 30
17 9 60
17 10 10
17 11 13
17 15 14
17 16 34
18 0 25
18 1 19
18 6 25
18 10 38
18 12 41
18 13 50
18 15 27
19 0 8
19 6 14
19 7 4
19 9 55
19 10 53
19 12 27
19 14 41
20 3 42
20 4 30
20 5 51
20 7 57
20 9 59
20 10 54
20 15 54
20 17 18
20 19 8
21 0 60
21 1 22
21 3 1
21 5 25
21 6 47
21 7 59
21 8 18
21 10 49
21 11 28
21 13 56
21 15 25
21 16 54
21 19 46
22 0 13
22 7 27
22 10 30
22 12 11
22 16 14
22 17 11
22 19 25
22 20 41
23 0 9
23 1 34
23 3 55
23 5 60
23 8 38
23 9 60
23 12 49
23 13 20
23 14 11
23 15 2
23 16 34
23 19 8
23 21 27
24 1 53
24 2 40
24 3 35
24 4 54
24 5 28
24 6 45
24 7 12
24 15 49
24 22 50
25 1 12
25 2 2
25 4 37
25 6 58
25 7 60
25 9 18
25 11 7
25 12 7
25 14 26
25 15 35
25 16 3
25 18 38
25 19 10
25 20 52
25 22 59
25 24 37
26 0 52
26 3 42
26 5 3
26 6 35
26 12 55
26 14 26
26 15 34
26 16 27
26 17 55
26 19 24
26 21 29
26 22 9
26 23 38
27 0 21
27 1 57
27 2 6
27 5 50
27 6 26
27 7 4
27 11 1
27 12 27
28 0 35
28 2 32
28 3 8
28 5 59
28 7 45
28 8 36
28 9 20
28 11 26
28 17 29
28 19 53
28 20 12
28 21 38
28 23 7
28 27 22
29 0 26
29 8 22
29 9 37
29 13 20
29 17 38
29 18 3
29 21 45
29 23 47
29 26 47
29 27 60
