50
1 0 73
3 0 103
3 2 35
4 1 54
4 2 7
4 3 67
5 1 112
5 2 79
5 3 86
6 0 51
6 3 8
6 4 112
6 5 17
7 0 82
7 2 88
7 4 81
8 2 112
8 3 71
8 6 47
9 1 30
9 4 111
9 7 114
9 8 110
10 0 48
10 3 108
10 4 50
10 5 68
10 6 97
11 0 12
11 1 89
11 2 97
11 4 50
11 5 50
11 7 97
11 9 65
11 10 17
12 0 32
12 4 32
12 5 115
12 7 70
12 11 26
13 1 110
13 4 49
13 7 32
13 8 14
13 11 4
13 12 21
14 1 30
14 2 1
14 3 9
14 4 17
14 6 59
14 8 70
14 9 31
14 10 78
14 13 26
15 0 92
15 2 14
15 3 104
15 7 10
15 8 38
15 9 63
15 11 98
16 1 54
16 3 55
16 6 71
16 7 102
16 9 107
16 10 90
16 12 56
16 14 39
17 3 61
17 5 3
17 6 100
17 7 51
17 8 81
17 11 79
17 12 29
17 13 36
17 15 89
17 16 39
18 4 36
18 5 37
18 9 7
18 10 77
18 15 65
19 0 38
19 2 74
19 4 25
19 8 51
19 9 76
19 11 107
19 13 24
19 17 30
19 18 55
20 0 25
20 3 60
20 4 34
20 5 3
20 6 42
20 7 17
20 8 6
20 9 11
20 10 82
20 12 103
20 13 72
20 15 22
20 16 95
20 18 77
21 0 68
21 1 90
21 2 33
21 3 13
21 8 102
21 9 13
21 10 60
21 14 6
21 15 99
21 17 120
21 19 72
22 0 1
22 1 38
22 2 94
22 7 48
22 10 67
22 11 4
22 12 45
22 13 47
22 14 61
22 15 84
22 16 40
22 17 115
22 19 69
22 20 14
23 0 93
23 1 40
23 3 69
23 5 81
23 6 101
23 7 113
23 8 120
23 9 58
23 10 80
23 11 18
23 12 61
23 13 26
23 16 64
23 21 58
24 2 114
24 3 84
24 5 29
24 6 86
24 11 77
24 12 23
24 18 50
24 20 14
25 0 31
25 1 26
25 2 116
25 3 51
25 4 94
25 8 108
25 9 72
25 14 29
25 21 73
25 24 32
26 2 8
26 5 63
26 7 45
26 8 32
26 9 110
26 10 72
26 17 69
26 20 104
26 21 41
26 22 66
26 24 75
27 0 85
27 3 109
27 5 39
27 7 84
27 9 97
27 12 50
27 14 100
27 15 27
27 16 70
27 18 22
27 19 93
27 23 25
27 25 27
28 0 44
28 1 24
28 4 89
28 5 22
28 7 25
28 11 71
28 15 9
28 16 84
28 17 69
28 18 11
28 19 76
28 20 109
28 23 7
28 25 30
29 4 63
29 6 49
29 8 65
29 13 9
29 14 41
29 20 74
29 21 88
29 24 47
29 25 108
29 27 107
30 0 32
30 1 84
30 4 101
30 6 20
30 8 20
30 9 85
30 11 73
30 13 24
30 17 82
30 19 81
30 21 102
30 24 93
30 28 99
31 1 94
31 2 24
31 3 114
31 4 52
31 5 58
31 7 6
31 8 105
31 12 13
31 16 4
31 18 35
31 19 15
31 20 105
31 23 4
31 24 15
31 25 31
31 26 60
31 28 73
31 29 17
31 30 52
32 2 13
32 4 89
32 5 24
32 6 38
32 8 56
32 9 12
32 10 8
32 16 94
32 20 75
32 21 78
32 22 43
32 25 70
32 26 9
32 28 76
32 30 17
32 31 74
33 2 73
33 3 108
33 4 73
33 5 110
33 6 116
33 9 34
33 10 48
33 12 41
33 13 114
33 14 80
33 15 34
33 17 98
33 18 54
33 19 27
33 20 31
33 26 90
33 27 47
33 29 31
33 30 105
33 32 63
34 0 44
34 1 57
34 2 46
34 4 31
34 5 68
34 6 115
34 7 31
34 8 72
34 9 18
34 10 12
34 12 5
34 15 105
34 17 20
34 20 44
34 21 24
34 22 91
34 23 119
34 24 25
34 27 28
34 28 31
34 29 83
34 31 32
34 32 7
34 33 89
35 1 87
35 2 106
35 6 12
35 8 53
35 9 36
35 10 73
35 11 55
35 12 83
35 13 53
35 14 18
35 15 49
35 16 74
35 17 17
35 21 120
35 22 99
35 24 101
35 25 119
35 26 94
35 27 59
35 30 40
35 31 12
35 32 44
35 34 36
36 2 71
36 3 95
36 4 29
36 10 7
36 13 77
36 15 52
36 16 92
36 19 7
36 21 76
36 22 19
36 26 48
36 29 5
36 30 35
36 31 32
36 32 88
36 33 19
36 34 34
37 2 51
37 3 118
37 4 1
37 6 47
37 7 73
37 10 55
37 11 98
37 16 35
37 17 42
37 18 45
37 19 105
37 20 44
37 22 89
37 25 34
37 26 73
37 27 99
37 28 23
37 29 115
37 32 42
37 33 30
37 34 109
37 35 107
37 36 103
38 0 14
38 1 92
38 4 100
38 6 30
38 7 105
38 8 110
38 9 71
38 10 97
38 13 85
38 14 62
38 15 84
38 16 115
38 18 79
38 19 55
38 20 76
38 21 64
38 22 74
38 23 76
38 24 106
38 25 54
38 26 116
38 27 77
38 28 79
38 29 25
38 35 27
38 36 99
39 5 51
39 6 71
39 7 5
39 8 71
39 10 43
39 12 117
39 13 99
39 14 21
39 17 101
39 19 49
39 21 118
39 23 90
39 24 14
39 31 43
39 32 13
39 34 15
39 35 116
39 36 25
39 37 93
40 0 107
40 1 61
40 3 58
40 4 44
40 5 102
40 6 107
40 7 6
40 8 87
40 10 28
40 12 12
40 13 35
40 14 76
40 18 72
40 19 53
40 23 86
40 26 64
40 28 116
40 29 107
40 30 83
40 33 78
40 38 9
41 0 41
41 1 32
41 3 83
41 5 1
41 6 103
41 7 18
41 10 37
41 11 44
41 13 37
41 15 8
41 16 80
41 21 105
41 23 117
41 25 25
41 26 1
41 27 111
41 30 11
41 34 111
41 40 94
42 4 108
42 7 66
42 8 7
42 10 72
42 14 39
42 16 67
42 18 78
42 19 101
42 20 49
42 21 55
42 22 57
42 26 83
42 27 55
42 29 74
42 36 14
42 38 118
42 41 104
43 1 119
43 3 81
43 4 54
43 6 60
43 16 14
43 22 61
43 23 112
43 24 112
43 25 61
43 27 42
43 30 62
43 33 53
43 34 55
43 35 85
43 37 35
43 38 97
43 40 117
43 41 106
43 42 83
44 0 11
44 1 117
44 2 69
44 5 20
44 8 16
44 10 28
44 11 46
44 12 88
44 13 83
44 14 119
44 22 33
44 23 40
44 28 42
44 30 94
44 35 77
44 36 111
44 39 7
44 40 25
44 41 62
44 42 44
45 0 60
45 1 59
45 3 46
45 4 89
45 6 80
45 7 65
45 8 18
45 10 66
45 11 5
45 14 26
45 15 72
45 19 87
45 20 72
45 21 55
45 22 70
45 23 102
45 26 46
45 27 48
45 35 92
45 37 35
45 39 98
45 40 64
45 44 43
46 0 34
46 1 17
46 3 80
46 5 11
46 9 65
46 10 51
46 12 18
46 16 63
46 17 119
46 20 25
46 22 21
46 23 105
46 26 15
46 27 89
46 28 114
46 31 54
46 32 83
46 38 10
46 39 65
46 40 110
46 43 81
46 45 112
47 0 78
47 3 14
47 4 78
47 7 2
47 8 104
47 11 85
47 15 15
47 17 41
47 19 78
47 21 87
47 29 28
47 32 74
47 33 14
47 36 54
47 38 89
47 39 106
47 40 63
47 41 25
47 42 54
47 45 2
47 46 65
48 0 91
48 4 109
48 5 13
48 6 59
48 9 53
48 10 54
48 13 32
48 14 80
48 15 113
48 19 96
48 25 47
48 26 105
48 27 107
48 29 79
48 31 36
48 33 82
48 34 49
48 36 115
48 37 96
48 40 114
48 41 13
48 42 39
48 43 1
48 44 63
48 46 100
49 0 32
49 3 104
49 4 11
49 5 114
49 8 32
49 10 43
49 18 98
49 20 106
49 22 94
49 23 50
49 24 52
49 26 70
49 27 86
49 29 12
49 32 52
49 39 108
49 44 25
