50
1 0 4
2 0 40
3 0 23
3 2 1
4 0 21
4 2 72
4 3 37
6 1 78
6 3 22
6 4 62
6 5 27
7 1 47
7 4 40
7 5 30
7 6 68
8 1 3
8 3 72
8 6 4
8 7 3
9 0 72
9 1 75
9 5 49
9 7 33
9 8 69
10 0 78
10 1 73
10 2 68
10 4 26
10 5 18
10 6 70
10 9 69
11 0 75
11 2 61
11 6 37
11 7 5
12 1 42
12 4 40
12 6 36
12 7 28
12 11 30
13 0 2
13 3 48
13 4 59
13 5 43
13 7 54
13 9 4
13 12 14
14 0 4
14 1 49
14 2 68
14 4 10
14 5 12
14 6 76
14 9 74
14 10 55
14 11 72
14 12 27
14 13 42
15 0 61
15 2 61
15 4 41
15 5 19
15 6 62
15 10 13
15 11 19
15 12 47
15 14 68
16 0 76
16 2 47
16 4 22
16 5 66
16 7 36
16 10 56
16 11 30
16 12 58
16 15 45
17 0 34
17 3 55
17 7 72
17 8 56
17 9 24
17 10 9
17 12 53
17 14 46
17 15 77
18 5 30
18 8 5
18 13 71
18 14 61
18 15 46
18 16 38
19 1 44
19 4 39
19 6 69
19 7 54
19 10 33
19 17 5
20 0 19
20 1 73
20 2 62
20 7 70
20 10 65
20 12 33
20 14 5
20 15 3
20 16 3
20 17 73
20 19 57
21 4 49
21 6 43
21 7 60
21 15 61
21 16 9
21 18 77
21 19 48
21 20 22
22 0 1
22 1 38
22 2 18
22 4 11
22 5 33
22 6 23
22 7 36
22 8 69
22 11 44
22 13 30
22 14 76
22 18 9
22 20 22
22 21 11
23 0 20
23 2 11
23 4 73
23 6 62
23 8 43
23 9 31
23 11 69
23 12 27
23 14 16
23 16 22
23 17 27
23 18 45
23 21 72
23 22 79
24 3 9
24 4 18
24 6 36
24 9 73
24 10 34
24 12 79
24 14 4
24 16 40
24 18 64
24 19 18
24 21 71
24 23 29
25 0 72
25 3 27
25 4 43
25 5 3
25 6 1
25 8 75
25 9 40
25 11 6
25 13 53
25 15 48
25 16 76
25 17 80
25 24 63
26 0 5
26 1 36
26 4 44
26 5 50
26 6 8
26 7 48
26 9 7
26 10 32
26 12 44
26 17 20
26 18 75
26 19 6
26 20 39
26 21 62
26 22 22
26 24 21
26 25 74
27 3 15
27 6 16
27 7 79
27 8 8
27 9 28
27 10 49
27 11 47
27 14 80
27 15 63
27 17 28
27 18 75
27 20 52
27 25 70
28 1 29
28 3 30
28 5 67
28 6 50
28 12 55
28 15 16
28 16 27
28 18 61
28 19 74
28 20 45
28 27 80
29 0 51
29 1 56
29 4 39
29 5 20
29 6 64
29 7 59
29 12 11
29 14 39
29 15 57
29 16 61
29 17 36
29 18 9
29 19 74
29 21 80
29 22 29
29 23 65
29 26 47
29 28 39
30 3 11
30 5 46
30 6 6
30 7 9
30 8 41
30 9 27
30 11 11
30 12 12
30 13 6
30 16 6
30 17 33
30 18 30
30 19 20
30 20 35
30 24 64
30 25 46
30 27 16
30 28 62
31 0 21
31 1 10
31 2 39
31 4 45
31 8 71
31 9 9
31 10 43
31 12 49
31 14 69
31 16 13
31 18 63
31 19 27
31 20 15
31 22 13
31 23 39
31 24 73
31 29 67
31 30 42
32 0 26
32 2 25
32 6 31
32 8 63
32 11 36
32 14 2
32 15 59
32 16 10
32 20 71
32 21 13
32 22 21
32 23 74
32 27 33
32 28 20
33 2 78
33 4 18
33 5 69
33 8 19
33 9 29
33 11 76
33 12 65
33 14 50
33 18 47
33 24 28
33 32 68
34 0 44
34 1 58
34 3 32
34 4 57
34 6 72
34 7 69
34 8 61
34 9 78
34 10 39
34 16 20
34 18 9
34 20 77
34 21 4
34 22 76
34 27 56
34 28 25
34 30 47
35 0 19
35 1 42
35 2 48
35 4 18
35 5 79
35 6 40
35 9 70
35 14 12
35 16 35
35 20 13
35 23 78
35 24 39
35 25 66
35 26 38
35 28 44
35 29 24
35 33 14
36 0 56
36 2 50
36 5 11
36 6 67
36 10 34
36 12 64
36 13 37
36 14 14
36 17 78
36 18 65
36 19 61
36 20 3
36 21 32
36 25 67
36 27 69
36 28 29
36 32 26
36 33 31
36 34 38
37 3 4
37 4 47
37 6 53
37 7 70
37 8 2
37 16 1
37 21 63
37 23 24
37 25 46
37 27 57
37 28 36
37 29 75
37 30 76
37 32 13
37 34 38
37 35 56
38 0 42
38 1 46
38 5 74
38 7 15
38 9 74
38 11 36
38 12 20
38 13 47
38 17 11
38 19 39
38 20 4
38 21 78
38 25 31
38 26 1
38 30 1
38 31 28
38 34 71
38 35 36
38 37 69
39 0 25
39 3 22
39 4 25
39 6 47
39 8 29
39 11 50
39 13 69
39 14 23
39 17 75
39 18 75
39 19 45
39 20 1
39 21 2
39 23 16
39 24 27
39 25 58
39 27 4
39 28 34
39 31 35
39 33 53
39 34 71
39 37 65
40 1 58
40 2 2
40 3 77
40 4 13
40 6 13
40 7 35
40 9 75
40 10 7
40 11 59
40 12 64
40 13 27
40 15 44
40 19 21
40 22 78
40 26 48
40 27 47
40 30 78
40 33 42
40 34 6
40 36 61
41 4 77
41 7 3
41 8 49
41 13 54
41 17 60
41 19 71
41 20 36
41 21 25
41 22 14
41 30 57
41 31 73
41 34 8
41 35 68
41 37 34
41 38 55
42 0 47
42 2 5
42 5 29
42 6 11
42 7 49
42 8 35
42 9 18
42 10 49
42 11 20
42 16 16
42 18 66
42 22 42
42 23 36
42 24 23
42 28 30
42 33 14
42 37 56
42 38 42
42 39 4
42 41 51
43 0 5
43 1 47
43 2 70
43 3 10
43 4 51
43 5 32
43 7 2
43 8 59
43 12 21
43 13 80
43 14 78
43 15 68
43 16 67
43 17 36
43 21 21
43 22 6
43 23 7
43 24 11
43 27 19
43 29 13
43 32 56
43 33 30
43 34 32
43 35 19
43 39 36
43 40 4
43 42 55
44 0 67
44 4 24
44 7 63
44 10 53
44 14 39
44 15 62
44 17 42
44 18 31
44 19 8
44 23 60
44 24 17
44 28 7
44 34 50
44 36 44
44 37 23
44 38 55
44 41 19
44 42 23
45 0 74
45 1 19
45 3 20
45 6 27
45 8 15
45 11 65
45 13 31
45 14 15
45 15 25
45 16 8
45 18 69
45 19 66
45 21 60
45 22 27
45 23 3
45 26 54
45 28 28
45 32 14
45 36 49
45 37 61
46 0 50
46 1 49
46 2 56
46 5 29
46 7 60
46 10 28
46 15 67
46 16 29
46 17 73
46 19 6
46 20 61
46 21 23
46 25 44
46 26 69
46 27 78
46 28 75
46 30 79
46 32 46
46 35 47
46 39 8
47 0 41
47 4 58
47 9 64
47 11 68
47 17 9
47 23 58
47 24 22
47 26 67
47 27 79
47 30 4
47 31 47
47 33 48
47 34 24
47 39 66
47 40 80
47 41 72
47 42 52
47 43 16
47 46 1
48 0 41
48 5 50
48 9 15
48 11 22
48 13 49
48 15 36
48 16 78
48 18 77
48 22 20
48 23 26
48 25 67
48 27 69
48 30 32
48 31 16
48 32 21
48 33 21
48 34 43
48 35 24
48 36 47
48 37 13
48 41 31
48 44 12
48 45 59
48 47 69
49 0 69
49 2 39
49 3 59
49 4 47
49 5 29
49 9 16
49 10 18
49 11 4
49 14 49
49 17 2
49 20 4
49 21 2
49 24 55
49 27 9
49 29 34
49 32 21
49 33 12
49 34 54
49 37 44
49 40 80
49 42 12
49 43 6
49 46 22
49 47 36
49 48 40
