30
1 0 4
2 1 13
3 0 12
3 1 15
4 0 13
5 4 6
6 1 7
6 2 10
7 0 15
7 1 11
7 6 5
8 0 16
8 1 17
9 1 10
9 3 10
9 6 15
9 7 20
9 8 1
10 0 4
10 2 17
10 3 18
10 5 15
10 7 20
11 0 3
11 1 14
11 2 1
11 4 13
11 7 13
11 8 19
11 10 11
12 2 8
12 3 1
12 7 10
12 10 2
12 11 18
13 1 15
13 2 10
13 4 14
13 7 2
13 8 9
13 9 12
13 11 19
13 12 6
14 5 10
14 8 9
14 9 10
14 11 17
14 13 4
15 3 17
15 4 13
15 5 7
15 7 3
15 8 14
15 12 20
15 13 7
15 14 8
16 0 17
16 1 17
16 4 3
16 7 12
16 9 20
16 14 10
17 4 4
17 6 9
17 7 11
17 10 12
17 11 3
17 14 12
17 16 5
18 0 14
18 2 7
18 3 3
18 5 19
18 7 3
18 11 3
18 12 2
18 15 10
18 16 9
19 6 17
19 10 14
19 12 2
19 14 18
19 15 2
19 17 9
20 0 12
20 1 6
20 5 6
20 6 7
20 9 20
20 11 7
20 13 2
20 18 3
20 19 4
21 0 4
21 1 9
21 2 7
21 4 18
21 5 1
21 6 7
21 7 14
21 10 14
21 11 17
21 14 11
21 15 13
21 18 2
21 20 11
22 0 14
22 1 5
22 3 7
22 4 20
22 5 1
22 6 10
22 8 8
22 12 12
22 15 11
23 1 17
23 2 16
23 7 5
23 8 10
23 9 12
23 13 4
23 16 1
23 18 1
23 21 8
24 1 16
24 2 16
24 4 17
24 5 6
24 6 8
24 7 11
24 9 5
24 10 16
24 17 11
24 18 16
24 19 8
24 20 2
24 21 3
24 22 2
25 0 12
25 1 4
25 2 16
25 4 11
25 6 19
25 9 17
25 10 13
25 13 20
25 15 2
25 16 18
25 18 5
25 19 12
25 23 5
25 24 8
26 0 8
26 3 2
26 4 17
26 6 3
26 7 5
26 10 7
26 12 7
26 15 7
26 17 11
26 18 15
26 20 19
26 21 8
26 25 17
27 0 2
27 2 4
27 4 7
27 6 1
27 8 5
27 10 20
27 12 15
27 13 11
27 14 5
27 15 15
27 16 17
27 18 4
27 19 14
27 22 17
27 23 19
27 24 18
27 25 5
28 0 18
28 1 14
28 2 2
28 3 20
28 4 2
28 7 15
28 9 16
28 10 11
28 14 16
28 15 10
28 17 4
28 18 15
28 21 2
28 23 11
28 25 15
28 26 5
29 1 2
29 2 2
29 4 7
29 6 12
29 7 15
29 8 1
29 15 19
29 16 9
29 17 1
29 21 1
29 23 13
29 24 3
29 27 2
