50
3 1 68
3 2 80
4 2 68
5 0 3
5 1 69
5 3 74
6 1 68
6 2 56
6 3 29
6 5 74
7 0 99
7 2 71
7 4 30
7 5 7
8 1 46
8 2 66
8 4 37
8 5 78
8 7 37
9 1 42
9 3 38
9 4 45
9 5 60
9 8 80
10 1 81
10 5 48
11 1 45
11 3 46
11 9 77
11 10 90
12 0 41
12 2 43
12 4 16
12 5 84
13 0 80
13 1 8
13 6 85
13 8 3
13 9 29
13 10 63
13 11 50
14 1 83
14 2 29
14 3 62
14 6 60
14 7 28
14 9 48
14 10 87
14 13 35
15 3 36
15 8 87
15 13 28
15 14 92
16 0 66
16 1 86
16 2 83
16 3 72
16 6 32
16 7 69
16 9 89
16 10 86
16 12 96
16 13 27
17 0 17
17 1 69
17 2 51
17 3 16
17 5 24
17 7 6
17 9 21
17 10 73
17 11 14
17 12 56
17 13 23
18 0 19
18 2 28
18 3 13
18 5 22
18 9 52
18 11 47
18 12 39
18 13 21
18 15 89
19 1 57
19 3 91
19 6 57
19 7 43
19 13 27
19 14 96
19 18 41
20 0 94
20 1 83
20 2 46
20 4 88
20 6 31
20 7 31
20 12 40
20 14 58
20 15 86
20 19 73
21 1 53
21 4 38
21 5 24
21 6 37
21 7 7
21 8 17
21 12 51
21 14 97
21 16 87
21 17 41
21 18 58
21 19 50
22 1 49
22 2 21
22 4 20
22 7 10
22 13 12
22 15 83
22 16 100
22 18 34
22 20 47
23 2 77
23 3 100
23 4 43
23 5 64
23 7 66
23 9 17
23 13 18
23 14 92
23 16 17
23 18 55
23 19 43
23 20 87
23 22 72
24 0 55
24 2 29
24 6 66
24 7 84
24 9 73
24 10 77
24 11 80
24 12 35
24 13 70
24 16 10
24 19 90
24 20 21
24 23 18
25 0 84
25 1 45
25 2 34
25 3 18
25 4 4
25 5 63
25 7 71
25 11 87
25 12 79
25 18 33
25 19 65
25 20 26
25 22 35
26 1 98
26 2 92
26 3 30
26 4 66
26 5 30
26 6 69
26 10 98
26 14 32
26 17 27
26 19 15
26 25 83
27 2 7
27 4 6
27 5 25
27 7 38
27 9 20
27 12 54
27 14 81
27 15 91
27 16 100
27 22 81
27 23 47
28 0 83
28 1 75
28 2 6
28 4 51
28 5 47
28 6 17
28 7 94
28 11 77
28 12 5
28 13 5
28 14 10
28 16 8
28 17 59
28 18 20
28 19 54
28 24 21
28 27 27
29 1 99
29 2 49
29 8 33
29 10 79
29 14 32
29 15 94
29 16 14
29 17 38
29 18 93
29 19 13
29 20 72
29 21 23
29 22 98
29 23 54
29 26 20
30 0 11
30 5 80
30 6 17
30 8 90
30 9 5
30 14 88
30 15 66
30 16 32
30 18 50
30 20 42
30 23 13
30 24 99
30 26 21
30 27 72
31 0 68
31 4 92
31 5 3
31 8 57
31 10 99
31 12 52
31 13 75
31 16 74
31 17 42
31 19 100
31 22 70
31 25 9
31 28 73
31 29 76
32 0 41
32 1 4
32 2 23
32 4 32
32 5 11
32 10 85
32 13 34
32 14 98
32 15 30
32 16 22
32 21 16
32 24 64
32 25 74
32 26 25
32 27 9
32 28 70
33 0 26
33 1 60
33 5 20
33 6 25
33 8 83
33 9 14
33 10 42
33 14 11
33 15 24
33 16 99
33 18 15
33 19 36
33 21 88
33 22 21
33 24 84
33 26 28
33 28 38
34 0 14
34 1 44
34 4 46
34 5 80
34 6 12
34 7 26
34 9 87
34 10 16
34 13 4
34 14 20
34 15 40
34 16 82
34 18 58
34 19 4
34 21 69
34 22 56
34 24 66
34 25 39
34 26 12
34 27 13
34 28 49
34 29 55
34 31 35
34 32 67
34 33 3
35 0 77
35 4 66
35 10 94
35 11 72
35 13 23
35 20 57
35 21 90
35 22 34
35 24 23
35 26 78
35 27 21
35 28 91
35 29 47
35 33 49
35 34 14
36 4 77
36 5 37
36 6 100
36 9 84
36 10 69
36 11 69
36 14 99
36 16 42
36 17 15
36 20 25
36 21 12
36 22 21
36 24 35
36 25 33
36 26 98
36 27 11
36 28 37
36 29 50
36 30 52
36 32 68
37 2 3
37 5 79
37 6 83
37 7 100
37 10 47
37 11 48
37 14 100
37 16 81
37 18 73
37 20 13
37 21 49
37 25 86
37 28 77
37 29 46
37 33 21
38 0 59
38 1 23
38 2 72
38 5 99
38 6 32
38 7 98
38 8 15
38 10 24
38 12 2
38 14 67
38 15 99
38 16 100
38 17 57
38 19 41
38 20 15
38 21 97
38 22 21
38 23 45
38 25 57
38 26 8
38 27 25
38 29 15
38 31 21
38 32 63
38 33 45
38 37 20
39 1 2
39 2 93
39 4 75
39 6 81
39 9 23
39 13 49
39 14 25
39 15 96
39 17 44
39 18 63
39 19 71
39 20 93
39 22 52
39 23 44
39 27 8
39 28 7
39 29 80
39 31 59
39 34 60
39 35 86
39 36 26
39 38 2
40 2 59
40 3 57
40 8 4
40 10 31
40 13 18
40 15 99
40 16 90
40 19 49
40 20 84
40 24 23
40 25 89
40 26 30
40 32 27
40 35 100
40 36 91
41 0 38
41 1 46
41 4 42
41 5 21
41 7 59
41 9 87
41 12 3
41 13 12
41 16 72
41 19 41
41 20 22
41 21 95
41 24 27
41 29 39
41 30 78
41 31 68
41 32 43
41 36 19
41 37 77
41 39 5
41 40 87
42 1 3
42 3 30
42 5 40
42 11 79
42 14 5
42 15 50
42 17 21
42 18 46
42 20 42
42 22 88
42 24 28
42 27 36
42 29 84
42 30 1
42 31 24
42 32 20
42 33 46
42 38 64
42 39 57
42 41 72
43 1 58
43 2 49
43 4 88
43 5 40
43 6 72
43 10 52
43 14 80
43 18 66
43 19 92
43 23 12
43 27 83
43 28 36
43 32 83
43 33 99
43 34 6
43 36 81
43 37 78
43 38 54
43 39 54
43 41 67
43 42 86
44 1 83
44 2 76
44 3 11
44 4 1
44 8 96
44 9 99
44 10 60
44 13 89
44 15 16
44 17 31
44 18 97
44 19 9
44 25 87
44 26 50
44 27 39
44 28 88
44 29 29
44 31 38
44 33 42
44 34 11
44 38 43
44 39 96
44 41 16
44 42 67
44 43 41
45 2 65
45 12 3
45 14 100
45 15 86
45 21 87
45 22 75
45 23 30
45 28 83
45 30 58
45 31 36
45 34 68
45 35 91
45 37 57
45 38 57
45 42 88
46 0 81
46 3 27
46 10 52
46 11 37
46 16 29
46 19 40
46 20 85
46 21 20
46 24 88
46 28 53
46 29 59
46 35 82
46 41 100
46 42 67
47 1 80
47 3 69
47 4 68
47 5 13
47 6 15
47 9 28
47 11 96
47 12 69
47 13 18
47 15 88
47 16 11
47 17 6
47 18 70
47 19 88
47 21 63
47 23 99
47 25 85
47 29 71
47 30 8
47 33 26
47 35 36
47 37 20
47 38 12
47 39 19
47 40 81
47 42 80
47 46 85
48 1 47
48 4 96
48 5 19
48 6 5
48 9 33
48 11 7
48 12 94
48 13 25
48 15 63
48 16 39
48 18 10
48 19 37
48 21 34
48 22 4
48 24 28
48 25 75
48 28 23
48 29 41
48 33 7
48 35 45
48 37 47
48 40 19
48 41 32
48 43 55
48 44 40
48 46 17
48 47 83
49 1 66
49 3 64
49 5 27
49 7 98
49 9 13
49 10 9
49 11 96
49 15 18
49 20 6
49 22 68
49 25 74
49 26 14
49 28 16
49 29 14
49 30 80
49 31 54
49 33 41
49 34 74
49 36 27
49 38 86
49 40 33
49 41 59
49 44 5
49 45 65
49 46 66
49 47 14
49 48 70
