50
1 0 46
3 1 8
3 2 42
4 1 23
5 0 12
5 1 50
6 0 34
6 1 42
6 2 42
6 3 56
7 0 4
7 2 44
7 4 32
7 5 42
8 0 43
8 4 9
8 5 49
8 7 56
9 0 34
9 1 37
9 2 60
9 3 18
9 4 10
9 5 38
9 6 49
9 7 5
10 1 3
10 3 55
10 4 54
10 5 7
10 6 49
10 7 53
10 8 59
10 9 6
11 0 11
11 1 30
11 2 44
11 3 12
11 4 26
11 5 41
11 6 22
11 7 59
11 8 47
11 9 15
12 5 57
12 7 10
12 8 32
13 0 52
13 1 3
13 2 31
13 5 58
13 8 39
13 9 24
14 0 29
14 1 40
14 9 8
14 10 40
14 11 31
14 13 10
15 0 2
15 1 34
15 3 45
15 7 24
15 9 44
15 10 30
15 11 23
15 14 47
16 1 17
16 3 5
16 5 12
16 6 39
16 7 31
16 8 11
16 9 30
16 11 41
16 14 52
16 15 3
17 0 51
17 3 21
17 6 53
17 7 56
17 8 3
17 10 34
17 11 28
17 12 51
17 13 20
17 14 51
17 16 23
18 0 36
18 1 9
18 2 55
18 3 37
18 4 34
18 5 42
18 6 24
18 12 24
18 16 41
18 17 39
19 1 4
19 2 34
19 3 30
19 5 8
19 6 60
19 7 22
19 8 49
19 9 17
19 10 4
19 11 22
19 13 7
19 14 46
19 17 5
20 0 60
20 4 49
20 6 58
20 7 33
20 8 49
20 9 30
20 12 2
20 14 29
20 15 44
20 16 44
20 18 31
21 2 16
21 3 43
21 5 24
21 7 29
21 8 11
21 12 33
21 14 49
21 15 23
21 17 56
21 18 33
21 19 5
21 20 46
22 5 54
22 7 44
22 13 41
22 14 53
22 17 44
23 0 50
23 2 37
23 3 53
23 4 53
23 5 2
23 6 48
23 9 34
23 12 23
23 15 38
23 18 49
23 20 48
24 1 40
24 2 14
24 5 30
24 6 18
24 8 16
24 9 25
24 10 14
24 13 51
24 14 14
24 16 6
24 17 2
24 18 8
24 20 34
24 21 2
24 22 26
25 2 44
25 6 21
25 14 48
25 15 5
25 16 15
25 17 26
25 18 60
25 19 32
25 21 38
25 24 49
26 1 52
26 2 26
26 3 54
26 4 10
26 5 6
26 7 39
26 9 20
26 11 4
26 13 36
26 14 51
26 15 26
26 18 4
26 21 52
27 1 17
27 2 20
27 4 42
27 5 46
27 9 52
27 11 40
27 13 47
27 14 4
27 15 12
27 18 55
27 19 45
27 22 49
27 23 48
27 24 37
27 26 25
28 0 5
28 1 44
28 2 36
28 6 9
28 7 60
28 8 25
28 10 59
28 12 17
28 14 15
28 15 18
28 16 24
28 19 26
28 23 21
28 24 36
29 1 43
29 3 58
29 4 47
29 9 23
29 11 33
29 16 59
29 17 19
29 18 20
29 19 29
29 23 8
29 24 19
29 26 43
29 28 44
30 1 16
30 2 47
30 4 2
30 5 34
30 6 52
30 11 29
30 14 11
30 16 2
30 18 39
30 19 22
30 20 53
30 21 30
30 24 6
30 29 4
31 1 7
31 2 29
31 3 60
31 4 20
31 6 44
31 7 29
31 9 29
31 10 34
31 12 37
31 13 59
31 15 46
31 16 7
31 17 27
31 21 14
31 22 51
31 24 35
31 26 12
31 27 32
31 28 47
31 29 10
32 0 6
32 6 48
32 7 11
32 10 8
32 13 7
32 14 30
32 15 47
32 16 30
32 17 30
32 18 32
32 19 55
32 20 22
32 21 50
32 22 19
32 24 37
32 25 50
32 27 5
32 29 16
32 30 15
32 31 1
33 1 1
33 7 48
33 8 23
33 12 58
33 14 14
33 15 43
33 18 45
33 21 38
33 22 23
33 23 40
33 24 20
33 26 13
33 27 14
33 30 35
34 0 25
34 1 57
34 4 24
34 5 10
34 7 6
34 11 47
34 12 21
34 13 7
34 19 20
34 21 22
34 22 20
34 23 46
34 24 49
34 26 30
34 28 11
34 29 6
34 33 3
35 0 32
35 1 32
35 6 45
35 9 44
35 12 48
35 14 17
35 16 14
35 18 37
35 20 54
35 21 5
35 22 27
35 23 48
35 28 41
35 30 44
35 32 49
36 0 58
36 1 25
36 3 30
36 5 7
36 7 4
36 8 55
36 11 56
36 12 51
36 14 28
36 17 9
36 18 14
36 20 39
36 22 36
36 24 33
36 25 27
36 26 22
36 27 60
36 28 31
36 34 12
37 0 49
37 2 17
37 6 29
37 9 46
37 12 28
37 14 3
37 17 43
37 18 5
37 20 28
37 21 60
37 28 2
37 30 34
37 32 57
37 33 16
37 34 9
37 36 46
38 0 39
38 1 19
38 4 30
38 5 58
38 8 53
38 9 15
38 11 26
38 13 3
38 16 2
38 17 54
38 19 55
38 20 32
38 21 35
38 24 16
38 27 19
38 29 42
38 31 1
38 33 34
38 37 50
39 1 25
39 2 17
39 3 41
39 5 59
39 7 53
39 8 21
39 9 53
39 12 11
39 17 26
39 20 4
39 21 15
39 28 21
39 29 29
39 30 44
39 31 48
39 33 37
39 34 56
39 35 16
39 37 3
39 38 35
40 1 44
40 7 39
40 9 46
40 10 19
40 14 49
40 15 34
40 16 29
40 17 27
40 18 5
40 24 54
40 27 25
40 30 55
40 31 14
40 33 22
40 34 43
40 35 54
40 37 34
41 0 35
41 2 51
41 3 5
41 4 36
41 5 40
41 8 35
41 10 17
41 11 53
41 12 6
41 14 43
41 17 45
41 19 29
41 20 43
41 21 26
41 22 31
41 23 38
41 24 31
41 25 7
41 26 20
41 27 17
41 28 5
41 30 45
41 31 11
41 32 18
41 34 32
41 35 24
41 36 11
41 38 30
41 40 49
42 0 56
42 1 14
42 2 29
42 3 33
42 4 24
42 6 8
42 8 35
42 10 29
42 11 13
42 12 30
42 16 36
42 17 37
42 20 25
42 22 53
42 23 33
42 24 14
42 25 40
42 27 45
42 28 21
42 29 49
42 31 50
42 34 17
42 35 59
42 37 12
42 40 2
42 41 24
43 0 55
43 1 44
43 2 4
43 3 58
43 14 37
43 16 50
43 18 18
43 19 44
43 22 50
43 23 33
43 25 13
43 26 16
43 33 34
43 34 53
43 35 50
43 36 4
43 38 5
43 42 57
44 1 37
44 3 31
44 4 42
44 6 39
44 9 21
44 10 41
44 11 11
44 12 47
44 13 13
44 14 34
44 18 30
44 19 52
44 21 55
44 22 8
44 23 14
44 26 3
44 30 40
44 32 31
44 34 20
44 35 29
44 36 54
44 39 3
44 41 10
44 43 46
45 5 22
45 6 53
45 8 17
45 9 11
45 10 6
45 11 24
45 12 22
45 16 16
45 17 8
45 19 31
45 20 44
45 21 39
45 23 5
45 26 9
45 31 51
45 36 10
45 37 4
45 39 54
45 41 57
45 42 44
45 43 7
46 4 14
46 10 5
46 12 23
46 13 44
46 16 54
46 20 46
46 23 15
46 24 57
46 26 35
46 27 23
46 28 14
46 29 16
46 32 36
46 33 19
46 34 53
46 35 34
46 36 45
46 37 53
46 38 3
46 39 57
46 40 14
46 41 52
47 0 8
47 2 52
47 3 19
47 5 52
47 6 10
47 9 4
47 10 33
47 11 20
47 12 54
47 13 30
47 15 23
47 16 60
47 17 48
47 18 60
47 19 38
47 21 10
47 22 56
47 23 21
47 24 55
47 27 10
47 28 10
47 30 57
47 31 39
47 35 24
47 37 19
47 39 9
47 40 29
47 44 21
48 1 28
48 3 6
48 5 30
48 7 29
48 8 37
48 12 51
48 13 37
48 14 25
48 16 46
48 18 4
48 19 10
48 20 14
48 21 3
48 22 5
48 23 54
48 24 31
48 25 56
48 26 59
48 28 35
48 29 50
48 30 20
48 31 30
48 32 13
48 34 52
48 35 7
48 37 49
48 38 29
48 39 14
48 40 13
48 45 22
48 47 31
49 2 60
49 3 12
49 6 19
49 7 20
49 9 35
49 10 2
49 12 31
49 13 19
49 16 13
49 19 18
49 24 50
49 28 33
49 30 57
49 33 21
49 36 48
49 37 12
49 40 10
49 41 44
49 42 42
49 46 44
49 48 21
