40
1 0 29
3 0 90
3 1 87
4 0 94
6 0 48
6 2 59
6 4 88
6 5 58
7 0 7
7 1 73
7 6 2
8 0 69
8 1 57
8 3 13
8 4 97
9 0 57
9 1 82
9 2 37
9 3 81
9 4 97
9 5 20
9 8 2
10 0 8
10 2 47
10 5 19
10 7 81
10 8 61
10 9 86
11 0 30
11 1 93
11 3 29
11 4 72
11 6 23
11 8 48
11 9 62
12 3 3
12 5 83
12 8 40
12 9 5
12 10 73
12 11 60
13 0 77
13 1 58
13 2 88
13 3 20
13 5 82
13 7 22
13 10 91
14 1 71
14 2 65
14 4 23
14 5 77
14 7 77
14 8 91
14 12 25
14 13 79
15 1 18
15 4 29
15 10 2
15 13 4
16 0 65
16 2 8
16 3 32
16 5 24
16 7 96
16 12 81
16 13 76
16 14 92
17 0 76
17 3 19
17 5 20
17 6 25
17 10 95
17 13 98
17 14 60
17 15 53
17 16 100
18 7 81
18 9 77
18 13 14
18 15 34
18 16 25
18 17 58
19 1 29
19 5 2
19 6 66
19 9 19
19 11 95
19 14 9
19 15 58
19 17 6
20 0 36
20 3 42
20 5 78
20 6 43
20 9 45
20 17 51
20 19 92
21 2 49
21 3 63
21 7 94
21 8 7
21 9 1
21 11 63
21 12 72
21 13 58
21 15 35
21 16 33
21 18 50
21 20 18
22 1 79
22 2 11
22 3 22
22 4 53
22 5 93
22 8 57
22 10 79
22 12 15
22 13 2
22 14 84
22 16 24
22 17 99
22 18 36
22 21 21
23 0 13
23 3 67
23 4 19
23 5 84
23 8 76
23 10 61
23 11 2
23 13 37
23 14 38
23 15 98
23 16 24
23 17 48
23 20 10
23 21 49
23 22 84
24 0 83
24 1 9
24 3 94
24 4 94
24 5 27
24 7 57
24 8 29
24 12 1
24 13 19
24 15 30
24 16 94
24 17 5
24 20 40
24 21 65
25 1 25
25 2 26
25 3 87
25 4 64
25 5 71
25 6 33
25 7 17
25 9 20
25 11 92
25 13 89
25 14 46
25 16 13
25 17 8
25 18 72
25 20 35
25 21 95
26 0 70
26 2 35
26 3 11
26 4 98
26 9 18
26 10 20
26 13 95
26 14 36
26 16 94
27 0 46
27 1 37
27 3 14
27 6 76
27 7 12
27 10 78
27 11 87
27 12 90
27 13 28
27 18 93
27 19 79
27 20 83
27 21 19
27 22 83
27 23 97
27 24 58
27 25 57
28 3 42
28 5 38
28 7 38
28 8 77
28 10 14
28 11 51
28 14 90
28 15 59
28 16 29
28 20 34
28 21 90
28 22 90
28 23 31
28 27 89
29 3 6
29 4 53
29 6 69
29 11 68
29 13 90
29 15 50
29 17 7
29 18 95
29 20 100
29 21 3
29 22 50
29 23 73
29 25 40
29 26 39
29 27 57
29 28 40
30 2 35
30 3 95
30 5 77
30 6 77
30 8 89
30 9 32
30 10 75
30 11 58
30 12 6
30 13 61
30 14 8
30 15 88
30 18 79
30 19 7
30 20 40
30 21 97
30 22 87
30 24 79
30 28 43
30 29 47
31 3 1
31 4 21
31 5 44
31 6 21
31 8 72
31 9 29
31 13 99
31 21 67
31 29 92
32 0 42
32 1 78
32 2 41
32 4 98
32 5 51
32 8 77
32 9 29
32 12 84
32 13 29
32 16 84
32 17 26
32 19 55
32 22 75
32 27 54
32 28 94
32 29 34
32 30 71
32 31 77
33 1 24
33 3 47
33 4 48
33 6 72
33 9 94
33 10 27
33 11 58
33 12 48
33 14 77
33 16 25
33 20 51
33 21 29
33 22 36
33 23 84
33 24 34
33 26 86
33 30 61
34 0 33
34 3 32
34 4 38
34 6 45
34 10 6
34 11 24
34 12 42
34 24 37
34 27 34
34 28 20
34 29 24
34 32 8
35 1 74
35 2 55
35 3 12
35 4 14
35 6 12
35 8 99
35 9 95
35 11 48
35 12 44
35 16 5
35 17 80
35 19 24
35 21 39
35 23 5
35 24 23
35 27 81
35 28 56
35 31 87
36 0 37
36 2 5
36 3 97
36 5 86
36 6 86
36 8 8
36 10 81
36 12 91
36 13 27
36 17 57
36 20 38
36 21 94
36 24 71
36 25 17
36 26 7
36 27 64
36 29 25
36 32 76
36 35 15
37 0 59
37 1 69
37 2 34
37 3 62
37 5 68
37 6 48
37 9 61
37 14 13
37 17 94
37 18 75
37 20 48
37 23 89
37 24 24
37 26 28
37 27 12
37 28 59
37 29 94
38 0 96
38 2 17
38 4 43
38 6 5
38 12 65
38 14 39
38 18 6
38 19 50
38 24 72
38 26 99
38 31 84
38 34 65
38 35 19
38 36 98
39 2 50
39 4 89
39 5 7
39 6 86
39 7 70
39 9 1
39 12 85
39 14 19
39 16 59
39 17 44
39 18 82
39 19 48
39 20 87
39 23 84
39 24 31
39 26 59
39 28 63
39 31 76
39 36 33
39 37 69
