70
3 2 6
5 3 16
5 4 13
6 3 2
6 4 19
7 0 20
7 3 2
7 4 9
8 0 7
8 1 3
8 2 5
8 3 11
8 6 6
8 7 18
9 0 8
9 1 16
9 4 14
9 5 13
9 6 13
10 0 11
10 8 16
10 9 20
11 0 9
11 3 1
11 7 10
11 8 3
11 10 6
12 1 9
12 2 12
12 3 13
12 4 18
12 8 10
12 11 14
13 1 6
13 5 5
13 7 20
13 9 14
13 10 14
13 12 15
14 0 12
14 1 1
14 2 13
14 4 11
14 6 20
14 8 16
14 9 12
14 13 8
15 0 9
15 1 11
15 2 11
15 3 4
15 7 18
15 9 19
15 10 12
15 12 5
15 14 3
16 1 2
16 2 1
16 3 5
16 4 10
16 7 18
16 13 2
16 15 9
17 0 11
17 4 8
17 6 18
17 7 1
17 8 12
17 11 5
17 13 8
18 1 2
18 2 18
18 3 8
18 7 6
18 13 2
18 14 7
18 15 13
18 16 9
19 2 16
19 3 9
19 5 19
19 7 12
19 8 6
19 14 7
19 16 3
19 18 10
20 0 12
20 1 19
20 2 19
20 3 19
20 4 9
20 9 9
20 10 14
20 11 2
20 14 5
20 15 5
20 19 6
21 0 16
21 1 16
21 2 10
21 3 14
21 4 13
21 5 12
21 13 8
21 14 13
21 17 3
21 18 9
21 20 10
22 0 12
22 1 4
22 2 15
22 4 14
22 5 7
22 6 20
22 8 16
22 10 3
22 14 17
22 15 10
22 16 20
22 18 10
22 19 15
22 20 17
23 0 3
23 2 7
23 3 2
23 4 9
23 7 16
23 8 12
23 9 20
23 11 16
23 12 12
23 13 19
23 15 2
23 16 4
23 22 11
24 0 20
24 2 7
24 6 16
24 8 5
24 9 12
24 12 4
24 13 11
24 14 15
24 17 12
24 18 14
24 19 10
24 23 20
25 0 2
25 2 14
25 5 7
25 8 4
25 12 5
25 13 7
25 18 13
25 21 20
26 0 12
26 5 18
26 6 8
26 7 12
26 9 13
26 11 10
26 13 10
26 16 17
26 21 19
27 0 20
27 1 20
27 3 14
27 5 6
27 7 11
27 9 13
27 10 13
27 12 12
27 17 6
27 18 11
27 19 13
27 23 14
27 24 2
27 25 20
27 26 2
28 1 17
28 2 8
28 3 2
28 5 13
28 6 10
28 12 2
28 13 16
28 14 2
28 15 4
28 20 7
28 21 17
28 22 8
28 23 2
28 24 16
28 26 9
29 1 10
29 3 2
29 4 6
29 5 19
29 9 7
29 13 12
29 15 14
29 16 10
29 17 15
29 19 14
29 22 3
29 23 2
29 24 3
29 25 20
30 2 2
30 4 14
30 5 5
30 6 2
30 7 7
30 8 9
30 9 15
30 10 15
30 11 2
30 15 15
30 17 20
30 19 15
30 20 1
30 21 13
30 25 2
30 26 17
30 27 7
31 0 13
31 1 20
31 2 15
31 4 16
31 10 3
31 11 20
31 13 9
31 14 20
31 15 2
31 18 12
31 19 10
31 20 7
31 21 5
31 23 11
31 25 7
32 0 16
32 1 17
32 2 13
32 4 8
32 8 18
32 9 20
32 12 9
32 13 12
32 15 13
32 16 20
32 21 11
32 22 12
32 24 9
32 26 10
32 27 9
32 29 20
32 30 1
33 1 20
33 3 6
33 5 4
33 9 18
33 10 1
33 13 16
33 16 14
33 19 20
33 21 9
33 22 6
33 26 13
33 28 7
33 32 4
34 0 17
34 1 7
34 3 18
34 4 13
34 6 13
34 7 15
34 8 17
34 12 1
34 13 1
34 14 6
34 15 12
34 17 2
34 18 17
34 20 1
34 21 7
34 24 4
34 25 9
34 26 14
34 27 19
34 28 1
34 29 3
35 0 20
35 1 15
35 2 19
35 5 4
35 6 6
35 8 4
35 11 15
35 12 11
35 13 10
35 16 11
35 20 11
35 21 6
35 22 19
35 23 14
35 24 16
35 26 13
35 27 10
35 28 14
35 29 18
35 31 5
35 32 15
35 33 6
36 0 9
36 3 14
36 4 9
36 6 11
36 7 17
36 9 14
36 10 17
36 11 18
36 12 7
36 15 13
36 17 17
36 19 19
36 20 4
36 21 3
36 22 6
36 23 18
36 26 17
36 28 2
36 30 18
36 31 1
36 32 14
37 0 17
37 2 10
37 3 15
37 4 4
37 5 10
37 6 7
37 7 6
37 8 14
37 10 11
37 11 9
37 13 12
37 16 6
37 17 6
37 21 16
37 24 17
37 26 17
37 28 11
37 29 13
37 30 1
37 32 18
37 33 16
37 36 12
38 0 7
38 1 5
38 2 3
38 7 3
38 8 9
38 10 13
38 12 20
38 13 12
38 14 7
38 15 14
38 17 20
38 19 16
38 22 10
38 24 2
38 25 8
38 29 12
38 32 9
38 35 7
38 36 19
38 37 18
39 2 4
39 3 2
39 5 4
39 6 5
39 7 9
39 8 7
39 11 3
39 12 11
39 13 19
39 17 12
39 18 14
39 20 14
39 22 14
39 25 18
39 27 14
39 32 8
39 35 1
39 36 20
39 37 6
40 3 15
40 4 1
40 5 5
40 7 3
40 8 6
40 12 4
40 13 3
40 14 9
40 16 11
40 17 17
40 18 9
40 21 1
40 22 7
40 24 4
40 27 12
40 30 5
40 31 1
40 32 14
40 34 6
40 38 3
40 39 3
41 9 16
41 11 20
41 13 13
41 16 1
41 17 1
41 18 11
41 21 2
41 22 17
41 23 16
41 24 3
41 25 18
41 26 10
41 28 17
41 31 1
41 35 3
41 36 16
41 37 15
41 38 6
41 40 3
42 0 9
42 1 7
42 6 18
42 7 18
42 9 10
42 11 20
42 12 20
42 14 4
42 20 13
42 21 4
42 23 19
42 24 19
42 25 15
42 26 5
42 28 10
42 31 5
42 34 2
42 35 15
42 36 1
42 37 7
42 38 14
42 40 19
43 0 18
43 5 3
43 6 19
43 9 9
43 13 15
43 16 13
43 18 13
43 21 20
43 23 6
43 28 1
43 31 16
43 32 18
43 38 13
43 40 12
43 42 16
44 1 3
44 3 18
44 4 19
44 7 15
44 8 19
44 11 8
44 12 17
44 13 1
44 15 17
44 17 4
44 20 15
44 22 19
44 25 6
44 26 20
44 28 19
44 29 15
44 32 14
44 35 15
44 37 2
44 39 20
44 40 3
44 43 17
45 0 4
45 1 11
45 2 8
45 3 20
45 6 17
45 8 5
45 9 13
45 10 12
45 12 4
45 14 14
45 15 10
45 16 12
45 17 10
45 20 19
45 23 11
45 25 18
45 27 7
45 32 18
45 33 13
45 34 3
45 36 11
45 37 1
45 40 15
45 41 10
45 42 7
45 43 6
45 44 16
46 2 7
46 3 11
46 6 5
46 7 16
46 9 14
46 10 14
46 12 2
46 13 7
46 15 14
46 16 12
46 19 10
46 22 20
46 25 13
46 28 11
46 29 11
46 30 4
46 32 19
46 33 4
46 34 13
46 36 16
46 42 19
46 44 14
46 45 13
47 3 13
47 4 15
47 6 6
47 8 18
47 11 6
47 13 17
47 20 11
47 21 10
47 23 8
47 29 2
47 32 8
47 33 14
47 34 15
47 37 7
47 38 20
47 39 15
47 41 19
47 42 13
47 44 18
47 46 18
48 1 5
48 4 8
48 5 17
48 8 4
48 9 11
48 10 12
48 13 16
48 15 10
48 16 3
48 17 20
48 18 7
48 19 7
48 21 17
48 28 8
48 29 16
48 30 9
48 31 5
48 34 3
48 37 18
48 38 2
48 42 18
48 43 2
48 45 2
49 1 6
49 2 19
49 3 18
49 5 12
49 6 17
49 7 10
49 9 15
49 10 5
49 12 5
49 14 4
49 21 11
49 22 6
49 24 14
49 28 7
49 29 16
49 31 11
49 32 4
49 33 16
49 36 3
49 37 11
49 39 15
49 41 10
49 44 13
49 45 12
49 46 20
49 47 19
49 48 6
50 2 2
50 3 20
50 8 1
50 15 13
50 16 17
50 19 4
50 21 6
50 22 17
50 23 16
50 24 16
50 30 8
50 33 5
50 36 16
50 38 6
50 40 16
50 41 2
50 43 7
50 44 16
50 46 10
50 47 11
50 49 20
51 2 11
51 3 18
51 4 9
51 7 13
51 8 18
51 9 5
51 12 8
51 16 4
51 17 16
51 20 18
51 21 7
51 22 13
51 23 10
51 24 14
51 26 7
51 28 20
51 29 13
51 35 19
51 36 1
51 40 10
51 42 15
51 46 3
51 48 12
51 49 19
52 0 5
52 2 17
52 4 8
52 5 6
52 6 11
52 8 20
52 10 15
52 11 16
52 12 11
52 13 17
52 14 16
52 17 12
52 18 5
52 20 8
52 25 3
52 27 6
52 29 18
52 30 9
52 31 4
52 32 16
52 35 10
52 37 4
52 41 3
52 42 4
52 44 5
52 46 10
52 47 7
52 49 20
52 50 3
53 1 15
53 2 17
53 3 16
53 4 12
53 5 15
53 7 9
53 9 16
53 11 14
53 14 10
53 15 15
53 16 18
53 21 19
53 23 19
53 28 1
53 30 10
53 35 18
53 36 4
53 37 16
53 38 17
53 40 11
53 41 17
53 43 4
53 50 4
53 52 7
54 0 17
54 1 20
54 2 8
54 3 11
54 4 16
54 5 6
54 9 3
54 10 15
54 12 12
54 16 14
54 18 2
54 21 2
54 22 15
54 29 9
54 31 10
54 37 9
54 38 8
54 40 3
54 41 4
54 44 12
54 46 5
54 48 2
54 49 3
54 50 3
54 52 13
54 53 15
55 0 4
55 8 20
55 9 1
55 11 16
55 14 2
55 15 10
55 16 6
55 20 16
55 21 9
55 22 8
55 23 12
55 25 13
55 30 3
55 32 4
55 33 4
55 34 15
55 35 16
55 36 13
55 37 17
55 39 2
55 40 3
55 41 18
55 42 13
55 48 13
55 49 5
55 52 6
55 53 4
55 54 9
56 2 9
56 3 9
56 5 17
56 7 7
56 12 12
56 14 16
56 16 8
56 17 19
56 18 16
56 19 17
56 20 17
56 21 10
56 22 11
56 23 2
56 24 10
56 26 13
56 29 18
56 31 16
56 33 11
56 34 3
56 36 14
56 38 1
56 39 18
56 40 20
56 48 20
56 52 14
56 54 7
57 1 19
57 5 4
57 9 19
57 12 9
57 13 14
57 14 5
57 15 14
57 16 3
57 20 14
57 22 13
57 24 19
57 25 7
57 27 6
57 30 15
57 32 10
57 34 19
57 36 16
57 39 15
57 41 18
57 44 16
57 46 19
57 47 5
57 49 16
57 50 4
57 52 5
57 53 15
57 55 4
58 0 5
58 2 6
58 4 10
58 15 17
58 18 11
58 19 4
58 23 20
58 25 8
58 26 6
58 32 3
58 34 20
58 35 6
58 38 3
58 39 20
58 40 16
58 41 4
58 43 19
58 46 15
58 47 16
58 48 1
58 50 2
58 51 8
58 53 13
58 54 20
58 55 4
58 56 14
58 57 12
59 1 20
59 2 1
59 5 19
59 7 5
59 8 20
59 11 7
59 12 18
59 14 8
59 15 17
59 16 1
59 19 18
59 20 5
59 22 20
59 24 8
59 27 17
59 28 15
59 29 1
59 30 3
59 31 5
59 32 1
59 33 19
59 35 3
59 37 12
59 40 19
59 43 4
59 44 17
59 45 1
59 46 6
59 47 19
59 48 1
59 50 15
59 51 2
59 53 13
59 54 7
59 55 20
59 57 7
60 1 20
60 2 11
60 3 17
60 5 2
60 9 10
60 10 2
60 11 18
60 15 15
60 19 7
60 20 20
60 24 6
60 28 6
60 30 1
60 31 1
60 35 12
60 36 3
60 38 8
60 39 11
60 41 6
60 43 1
60 47 2
60 50 13
60 51 1
60 52 5
60 53 18
60 54 3
60 56 11
60 57 16
60 59 2
61 0 6
61 3 4
61 6 11
61 7 1
61 10 20
61 11 7
61 13 8
61 14 11
61 16 6
61 19 5
61 23 16
61 25 17
61 26 17
61 32 11
61 33 18
61 36 14
61 38 4
61 40 17
61 41 18
61 42 19
61 43 7
61 46 1
61 47 12
61 50 1
61 51 1
61 52 12
61 53 14
61 54 7
61 56 12
62 1 7
62 2 5
62 4 18
62 5 4
62 6 6
62 7 11
62 8 20
62 10 17
62 11 9
62 14 20
62 15 5
62 16 17
62 17 19
62 19 14
62 20 19
62 21 12
62 22 20
62 24 19
62 30 16
62 32 15
62 33 14
62 34 4
62 36 1
62 40 11
62 49 12
62 51 4
62 52 2
62 54 19
62 55 15
62 56 16
62 59 9
63 0 2
63 1 3
63 3 5
63 4 15
63 6 10
63 7 8
63 9 14
63 11 12
63 12 19
63 16 17
63 20 3
63 21 1
63 22 11
63 24 11
63 25 6
63 26 8
63 29 7
63 36 3
63 40 17
63 43 11
63 44 12
63 46 18
63 47 2
63 49 8
63 52 20
63 54 17
63 57 13
63 59 1
63 62 13
64 2 9
64 3 14
64 6 7
64 10 8
64 13 17
64 15 3
64 16 16
64 19 16
64 20 2
64 24 1
64 25 2
64 26 2
64 27 18
64 28 8
64 29 8
64 30 14
64 34 4
64 35 20
64 41 2
64 42 13
64 47 9
64 48 12
64 49 9
64 50 18
64 51 11
64 52 1
64 53 20
64 56 10
64 58 5
64 60 17
64 62 16
65 0 20
65 3 14
65 4 12
65 7 6
65 8 5
65 9 6
65 10 15
65 14 5
65 16 16
65 17 4
65 19 18
65 21 5
65 24 4
65 25 10
65 27 17
65 29 19
65 30 13
65 31 19
65 32 3
65 33 1
65 34 1
65 35 18
65 38 14
65 41 1
65 42 20
65 45 15
65 46 3
65 47 14
65 49 1
65 53 6
65 54 14
65 56 7
65 58 7
65 59 14
65 60 19
65 61 12
65 62 12
65 64 20
66 0 1
66 2 12
66 7 14
66 11 17
66 12 13
66 13 10
66 15 4
66 19 14
66 20 11
66 21 9
66 22 16
66 23 12
66 24 6
66 25 15
66 27 17
66 29 16
66 30 3
66 31 16
66 36 9
66 38 20
66 39 10
66 40 15
66 42 12
66 44 3
66 46 10
66 48 10
66 49 8
66 50 12
66 53 17
66 54 8
66 55 6
66 56 8
66 57 1
66 61 20
66 62 9
66 64 4
66 65 18
67 0 14
67 1 5
67 2 6
67 3 17
67 4 18
67 6 20
67 7 18
67 8 1
67 11 8
67 13 15
67 14 18
67 17 11
67 18 19
67 19 2
67 20 9
67 23 3
67 25 10
67 26 10
67 29 9
67 31 19
67 32 7
67 33 5
67 35 16
67 36 20
67 37 10
67 38 10
67 39 6
67 44 4
67 46 11
67 47 13
67 51 12
67 53 1
67 54 12
67 56 18
67 58 6
67 59 13
67 61 8
67 62 1
68 3 18
68 4 16
68 5 6
68 6 12
68 7 18
68 8 15
68 10 15
68 12 5
68 13 3
68 15 5
68 16 14
68 17 15
68 18 7
68 19 20
68 20 11
68 23 2
68 24 10
68 25 3
68 27 14
68 28 3
68 32 2
68 34 13
68 35 4
68 37 6
68 41 2
68 42 13
68 44 19
68 45 3
68 46 16
68 47 13
68 51 5
68 52 15
68 54 12
68 56 4
68 57 8
68 60 16
68 61 18
68 62 6
68 64 4
68 65 10
68 66 13
69 0 20
69 2 5
69 3 2
69 4 1
69 11 5
69 14 4
69 17 1
69 18 11
69 20 13
69 23 13
69 24 12
69 28 7
69 29 14
69 35 2
69 38 6
69 40 8
69 45 7
69 46 19
69 47 19
69 50 20
69 51 15
69 52 12
69 53 3
69 55 16
69 57 17
69 58 12
69 59 1
69 60 5
69 63 6
69 64 5
69 67 7
69 68 12
