70
1 0 17
2 0 14
2 1 19
3 0 16
4 3 13
5 0 12
5 1 13
5 2 5
5 4 16
6 3 7
6 4 1
6 5 3
7 0 9
7 1 18
7 2 16
7 5 9
8 2 18
8 3 14
8 4 18
8 6 9
8 7 12
9 6 10
9 7 6
9 8 4
10 0 13
10 6 6
10 7 6
10 9 9
11 3 19
11 4 13
11 8 18
11 9 19
11 10 16
12 2 19
12 5 13
12 7 10
12 9 2
13 1 16
13 2 5
13 4 20
13 7 16
13 8 2
13 11 10
13 12 16
14 0 6
14 3 20
14 5 19
14 12 6
14 13 8
15 1 7
15 8 11
15 9 8
15 10 4
15 11 7
15 13 7
16 1 14
16 2 3
16 3 17
16 4 18
16 7 13
16 9 19
16 13 5
16 14 12
16 15 12
17 1 1
17 2 5
17 4 19
17 7 18
17 9 2
17 12 1
17 13 13
17 16 1
18 2 12
18 4 5
18 6 13
18 7 10
18 8 3
18 14 18
18 15 6
18 17 16
19 4 17
19 7 11
19 11 2
19 13 9
19 15 17
19 18 2
20 0 20
20 4 6
20 7 18
20 9 7
20 12 14
20 15 5
20 16 5
20 18 5
20 19 19
21 2 15
21 3 1
21 4 13
21 5 18
21 6 5
21 8 14
21 9 4
21 12 7
21 15 10
21 17 3
21 20 19
22 2 3
22 4 18
22 5 13
22 6 10
22 8 2
22 9 10
22 10 1
22 11 19
22 18 5
22 20 12
22 21 1
23 0 5
23 3 14
23 4 2
23 5 1
23 8 11
23 9 8
23 10 10
23 13 17
23 14 16
23 16 7
23 18 4
23 21 3
23 22 20
24 1 12
24 2 2
24 4 5
24 5 5
24 6 17
24 7 16
24 8 6
24 9 20
24 14 13
24 15 6
24 16 5
24 18 18
24 19 4
24 21 12
25 0 5
25 6 4
25 16 13
25 19 1
25 20 2
25 21 11
25 22 7
25 23 15
25 24 10
26 1 14
26 2 18
26 4 6
26 6 15
26 7 6
26 9 9
26 10 4
26 11 9
26 12 7
26 14 13
26 20 12
26 21 7
26 22 2
27 0 11
27 1 12
27 3 18
27 4 1
27 5 14
27 9 19
27 10 8
27 13 1
27 14 20
27 15 7
27 16 12
27 18 13
27 20 19
27 21 6
27 22 12
27 23 8
27 24 8
27 26 11
28 2 3
28 4 8
28 6 17
28 11 9
28 12 18
28 14 18
28 19 19
28 22 12
28 24 2
28 26 2
28 27 10
29 0 1
29 3 20
29 6 3
29 8 11
29 9 10
29 10 19
29 12 16
29 13 4
29 14 12
29 17 8
29 20 10
29 23 19
29 25 1
29 26 4
29 27 13
29 28 14
30 3 7
30 4 7
30 6 3
30 7 16
30 10 6
30 14 20
30 15 2
30 17 17
30 19 1
30 20 7
30 21 17
30 24 9
30 25 9
30 27 13
30 29 6
31 0 16
31 1 9
31 3 16
31 6 3
31 7 15
31 8 5
31 9 12
31 10 5
31 17 18
31 18 6
31 19 6
31 20 18
31 21 19
31 26 4
31 27 17
31 29 17
31 30 19
32 0 18
32 1 3
32 2 9
32 6 20
32 8 4
32 10 18
32 13 12
32 14 12
32 17 19
32 20 8
32 21 13
32 22 17
32 23 18
32 27 3
32 28 11
32 29 1
32 31 20
33 3 16
33 5 7
33 6 12
33 8 19
33 9 16
33 10 2
33 11 11
33 14 1
33 15 18
33 17 10
33 18 18
33 19 11
33 20 13
33 22 14
33 24 20
33 28 1
33 30 8
33 31 6
34 2 2
34 4 1
34 5 17
34 6 16
34 7 17
34 8 15
34 13 17
34 14 11
34 15 20
34 16 20
34 17 19
34 18 14
34 25 8
34 29 14
34 31 20
34 32 11
35 1 6
35 2 1
35 3 10
35 4 10
35 5 8
35 6 8
35 8 9
35 13 5
35 15 10
35 16 12
35 17 16
35 19 7
35 20 17
35 21 17
35 22 4
35 26 8
35 28 14
35 29 2
35 31 3
35 33 5
36 0 4
36 1 7
36 3 7
36 5 13
36 9 10
36 10 19
36 11 20
36 13 14
36 15 2
36 16 18
36 21 20
36 22 16
36 24 15
36 27 3
36 29 20
36 30 10
36 31 17
36 32 2
36 33 1
36 34 17
36 35 4
37 1 18
37 2 6
37 3 11
37 4 16
37 6 18
37 8 19
37 10 18
37 12 17
37 13 16
37 14 20
37 15 17
37 16 10
37 18 9
37 21 12
37 24 3
37 25 13
37 26 3
37 30 12
37 32 2
37 34 14
38 0 4
38 1 19
38 2 18
38 3 13
38 4 6
38 9 13
38 10 14
38 11 2
38 13 5
38 15 7
38 17 3
38 18 2
38 19 10
38 20 6
38 24 7
38 26 2
38 29 18
38 32 4
38 36 6
39 0 4
39 1 15
39 3 7
39 4 5
39 6 11
39 7 13
39 8 16
39 10 12
39 15 13
39 18 14
39 19 6
39 20 17
39 23 1
39 24 8
39 27 8
39 29 20
39 31 4
39 32 12
39 37 20
40 1 10
40 2 8
40 3 5
40 4 1
40 6 4
40 7 10
40 8 13
40 9 19
40 13 7
40 14 16
40 15 5
40 16 14
40 17 2
40 20 18
40 22 18
40 24 14
40 31 15
40 35 12
40 38 3
41 0 7
41 2 1
41 4 20
41 6 13
41 7 20
41 9 5
41 12 2
41 16 5
41 17 12
41 20 10
41 21 2
41 22 18
41 23 16
41 25 4
41 27 13
41 29 13
41 30 9
41 33 13
41 38 11
41 39 10
41 40 13
42 0 5
42 2 2
42 3 8
42 7 11
42 8 12
42 10 7
42 13 18
42 16 4
42 17 6
42 19 3
42 22 16
42 23 11
42 25 12
42 26 3
42 28 16
42 30 5
42 35 14
42 37 15
42 38 1
42 39 6
42 40 10
42 41 12
43 0 8
43 1 16
43 2 4
43 5 7
43 7 18
43 8 16
43 9 11
43 10 9
43 11 17
43 12 4
43 13 1
43 14 4
43 16 20
43 17 3
43 21 7
43 22 12
43 23 16
43 29 15
43 35 9
43 36 7
43 38 13
43 39 16
44 4 4
44 5 5
44 9 12
44 11 13
44 12 2
44 13 8
44 17 12
44 18 5
44 19 3
44 20 2
44 22 20
44 23 13
44 24 6
44 27 8
44 28 16
44 30 14
44 31 17
44 32 12
44 33 12
44 34 1
44 36 3
44 38 16
44 39 12
44 40 5
45 0 15
45 3 1
45 5 18
45 6 5
45 8 17
45 13 13
45 14 10
45 15 8
45 18 17
45 21 10
45 26 18
45 29 2
45 31 14
45 32 14
45 36 8
45 39 10
45 40 15
45 41 4
45 44 15
46 3 16
46 4 7
46 5 12
46 8 3
46 11 8
46 13 9
46 17 5
46 18 4
46 19 14
46 20 6
46 21 7
46 24 8
46 26 9
46 27 16
46 32 8
46 33 2
46 35 3
46 37 7
46 38 11
46 44 17
46 45 19
47 1 9
47 3 5
47 6 6
47 7 13
47 8 19
47 9 16
47 12 14
47 13 1
47 14 13
47 15 2
47 16 8
47 20 2
47 22 2
47 26 19
47 27 3
47 29 14
47 31 14
47 32 1
47 33 3
47 36 12
47 37 7
47 38 11
47 39 12
47 40 9
47 41 10
47 45 16
48 7 5
48 8 16
48 9 16
48 11 4
48 12 15
48 13 8
48 14 2
48 15 5
48 19 8
48 21 15
48 22 5
48 23 2
48 24 16
48 27 14
48 28 1
48 31 2
48 33 10
48 35 14
48 37 5
48 41 10
48 42 13
48 44 12
48 46 20
48 47 13
49 0 11
49 1 11
49 2 2
49 3 19
49 5 8
49 11 2
49 12 5
49 13 16
49 16 19
49 17 17
49 18 9
49 20 19
49 21 12
49 22 7
49 23 7
49 24 12
49 26 7
49 28 20
49 31 7
49 34 16
49 38 16
49 39 15
49 40 3
49 41 18
49 43 16
49 44 5
49 45 19
49 46 9
49 47 5
49 48 7
50 0 16
50 4 5
50 6 3
50 8 17
50 14 11
50 18 1
50 20 12
50 22 8
50 24 1
50 25 4
50 26 10
50 31 17
50 32 6
50 33 15
50 37 15
50 38 5
50 39 9
50 45 16
50 48 8
50 49 8
51 0 3
51 1 12
51 7 4
51 8 14
51 13 14
51 14 6
51 15 16
51 16 18
51 17 8
51 18 9
51 20 15
51 21 2
51 23 20
51 25 17
51 26 8
51 27 11
51 28 11
51 31 4
51 33 17
51 35 8
51 36 14
51 37 13
51 39 15
51 40 12
51 43 16
51 44 17
51 45 20
51 46 2
51 49 5
52 0 4
52 4 5
52 6 12
52 7 11
52 9 17
52 11 6
52 12 12
52 14 9
52 16 16
52 18 16
52 19 3
52 24 1
52 29 19
52 30 19
52 31 9
52 34 11
52 35 9
52 40 12
52 41 20
52 45 3
52 46 13
52 47 6
53 2 20
53 4 6
53 5 7
53 6 8
53 7 2
53 9 5
53 10 13
53 11 5
53 12 6
53 13 20
53 14 17
53 16 5
53 17 12
53 18 13
53 19 3
53 25 9
53 26 10
53 27 4
53 33 2
53 35 8
53 36 13
53 41 6
53 42 20
53 43 15
53 44 20
53 45 6
53 46 8
53 49 14
53 51 5
54 0 6
54 5 4
54 7 15
54 13 3
54 17 3
54 19 14
54 22 14
54 24 7
54 25 5
54 26 5
54 30 10
54 31 1
54 32 10
54 33 12
54 34 6
54 37 2
54 41 11
54 46 17
54 47 20
54 48 15
54 52 20
54 53 3
55 2 15
55 3 9
55 7 11
55 12 16
55 13 17
55 14 4
55 19 1
55 23 1
55 26 19
55 29 4
55 30 12
55 33 4
55 34 8
55 37 8
55 38 13
55 39 13
55 42 15
55 43 2
55 44 1
55 45 6
55 47 11
55 50 6
55 51 2
55 52 17
55 53 3
56 1 18
56 4 9
56 8 20
56 9 18
56 10 10
56 16 10
56 17 15
56 18 4
56 21 4
56 23 9
56 24 18
56 26 7
56 27 11
56 30 14
56 32 20
56 35 16
56 36 4
56 37 12
56 42 16
56 45 16
56 46 7
56 47 20
56 54 6
56 55 12
57 1 12
57 3 15
57 5 5
57 7 12
57 10 18
57 14 13
57 16 20
57 18 2
57 19 12
57 20 11
57 21 2
57 29 16
57 32 11
57 33 3
57 36 5
57 39 8
57 43 11
57 44 20
57 45 3
57 47 8
57 50 5
57 51 6
57 53 10
58 0 20
58 8 17
58 10 16
58 11 12
58 12 10
58 14 3
58 15 16
58 17 17
58 18 3
58 19 4
58 20 2
58 21 3
58 23 19
58 26 20
58 28 13
58 29 16
58 31 4
58 32 14
58 35 2
58 36 17
58 41 5
58 42 15
58 43 7
58 44 10
58 45 6
58 47 7
58 48 6
58 49 2
58 51 5
58 52 11
58 53 17
58 54 14
58 56 18
59 1 7
59 12 4
59 13 8
59 14 14
59 15 2
59 17 13
59 20 11
59 22 4
59 24 7
59 25 19
59 29 19
59 34 7
59 35 1
59 36 6
59 37 15
59 38 3
59 40 7
59 41 8
59 42 8
59 45 14
59 47 10
59 50 7
59 51 10
59 52 19
59 53 19
59 54 20
59 55 19
59 57 15
59 58 14
60 1 8
60 2 6
60 3 19
60 4 4
60 6 17
60 8 11
60 9 2
60 10 6
60 12 19
60 13 5
60 14 13
60 16 12
60 18 17
60 22 6
60 23 11
60 25 6
60 26 4
60 27 20
60 28 8
60 31 4
60 33 11
60 35 20
60 37 20
60 38 16
60 40 13
60 44 9
60 46 6
60 48 13
60 49 20
60 50 6
60 52 20
60 56 15
60 59 15
61 0 11
61 1 19
61 3 3
61 7 12
61 8 4
61 9 12
61 10 18
61 11 4
61 20 10
61 22 5
61 23 19
61 24 9
61 25 17
61 26 3
61 27 13
61 28 20
61 31 19
61 32 11
61 33 4
61 36 8
61 38 3
61 39 8
61 41 18
61 42 8
61 44 8
61 47 2
61 49 4
61 51 3
61 52 12
61 54 18
61 58 5
61 59 5
62 0 18
62 5 20
62 7 12
62 8 1
62 11 8
62 12 19
62 13 17
62 15 4
62 16 11
62 17 9
62 21 7
62 22 2
62 23 14
62 24 8
62 25 9
62 27 19
62 30 8
62 31 16
62 34 5
62 36 13
62 37 8
62 43 8
62 45 12
62 47 1
62 51 8
62 55 5
62 57 5
62 59 20
63 2 19
63 3 7
63 6 16
63 7 6
63 8 14
63 9 12
63 12 16
63 13 14
63 14 1
63 15 13
63 19 9
63 20 18
63 21 15
63 22 1
63 24 17
63 25 20
63 27 5
63 28 10
63 29 18
63 32 5
63 33 15
63 34 8
63 36 5
63 42 4
63 43 13
63 46 14
63 53 14
63 58 18
63 60 12
63 61 1
63 62 8
64 2 11
64 4 13
64 9 14
64 10 19
64 11 7
64 15 7
64 16 12
64 17 20
64 19 17
64 22 13
64 23 4
64 25 14
64 26 12
64 28 8
64 30 19
64 33 11
64 35 14
64 38 17
64 39 15
64 43 10
64 44 17
64 48 9
64 50 16
64 51 17
64 53 10
64 54 19
64 56 16
64 62 6
65 1 16
65 5 5
65 7 5
65 8 13
65 11 10
65 12 10
65 14 10
65 15 13
65 20 15
65 21 17
65 24 5
65 25 6
65 26 8
65 27 19
65 29 11
65 31 17
65 35 7
65 37 10
65 39 2
65 41 1
65 43 9
65 44 10
65 45 3
65 47 6
65 50 19
65 54 3
65 55 13
65 58 4
66 1 8
66 4 15
66 6 5
66 9 11
66 10 6
66 11 15
66 14 15
66 17 4
66 20 8
66 21 6
66 22 12
66 23 12
66 25 18
66 26 9
66 27 19
66 28 10
66 29 7
66 30 2
66 32 15
66 34 4
66 35 2
66 36 3
66 38 9
66 40 19
66 41 9
66 44 2
66 45 17
66 49 18
66 52 11
66 53 19
66 54 18
66 55 9
66 57 2
66 59 7
66 60 13
66 61 8
66 63 3
67 0 11
67 2 8
67 5 10
67 6 16
67 8 12
67 9 9
67 11 8
67 15 5
67 18 18
67 22 4
67 25 19
67 26 10
67 27 4
67 28 11
67 29 16
67 30 12
67 37 16
67 41 6
67 44 1
67 45 16
67 47 11
67 49 16
67 51 8
67 52 17
67 53 10
67 55 14
67 56 15
67 58 7
67 59 17
67 61 16
67 64 17
67 66 15
68 0 11
68 4 2
68 7 7
68 9 2
68 10 5
68 11 13
68 12 1
68 14 17
68 15 7
68 16 18
68 17 17
68 18 20
68 19 6
68 21 4
68 22 9
68 26 15
68 29 6
68 32 15
68 33 14
68 36 4
68 37 8
68 38 6
68 39 6
68 45 7
68 51 4
68 52 3
68 54 15
68 56 8
68 58 1
68 59 1
68 60 17
69 0 3
69 5 8
69 9 19
69 11 11
69 12 5
69 14 4
69 16 14
69 18 17
69 19 3
69 22 1
69 23 10
69 25 16
69 26 19
69 27 1
69 30 7
69 32 12
69 37 16
69 39 3
69 41 13
69 42 2
69 46 15
69 48 13
69 49 7
69 53 1
69 54 10
69 55 3
69 56 13
69 57 6
69 58 13
69 59 18
69 61 10
69 62 7
69 63 8
69 64 17
69 65 15
69 68 2
