50
2 0 15
2 1 14
3 1 11
4 0 11
4 2 16
5 4 17
6 1 18
6 2 11
6 5 3
7 2 4
7 4 18
7 6 13
8 1 10
8 2 15
8 6 4
9 0 5
9 1 11
9 3 11
9 7 16
10 1 7
10 2 16
10 4 12
10 5 15
10 6 4
10 7 18
10 8 9
10 9 15
11 2 1
11 4 16
11 5 14
11 6 11
11 9 14
12 2 19
12 6 2
12 8 17
12 9 10
13 0 7
13 1 2
13 3 8
13 4 19
13 5 6
13 9 9
13 10 11
14 0 3
14 2 18
14 6 12
14 7 4
14 11 17
14 12 18
14 13 20
15 0 8
15 2 6
15 3 9
15 4 19
15 5 7
15 8 2
15 12 4
15 13 7
16 0 10
16 3 8
16 5 18
16 7 11
16 8 6
16 9 10
16 11 15
16 13 8
17 2 20
17 4 2
17 6 8
17 8 10
17 10 15
17 11 8
17 13 14
17 15 13
18 1 15
18 3 17
18 5 18
18 7 10
18 9 15
18 10 6
18 17 5
19 0 18
19 1 11
19 2 4
19 3 7
19 4 19
19 5 5
19 7 20
19 8 11
19 10 1
19 14 9
19 15 15
19 16 9
19 18 12
20 0 12
20 2 8
20 5 4
20 7 20
20 9 19
20 11 4
20 14 6
20 15 20
20 16 9
20 18 13
20 19 18
21 1 8
21 6 17
21 7 8
21 10 20
21 14 1
21 15 2
21 16 4
21 17 13
21 20 10
22 0 14
22 1 5
22 4 6
22 5 16
22 7 19
22 8 15
22 11 11
22 12 3
22 13 7
22 14 9
22 15 8
22 17 4
22 19 12
22 21 2
23 1 15
23 2 1
23 3 12
23 6 4
23 10 10
23 12 19
23 15 11
23 16 15
23 17 8
23 19 9
23 20 15
23 21 19
23 22 5
24 3 16
24 4 12
24 7 3
24 8 16
24 9 7
24 11 20
24 13 18
24 15 16
24 18 13
24 23 10
25 1 9
25 3 19
25 4 7
25 7 19
25 9 17
25 10 16
25 11 16
25 14 20
25 15 16
25 16 13
25 17 5
25 21 17
25 23 7
25 24 17
26 0 11
26 1 20
26 7 14
26 8 13
26 10 13
26 12 1
26 16 7
26 17 17
26 19 19
26 20 15
26 25 19
27 1 10
27 7 1
27 8 7
27 13 13
27 14 14
27 15 3
27 16 18
27 17 1
27 19 9
27 21 12
27 22 12
27 23 1
27 25 13
28 1 11
28 4 13
28 5 2
28 7 1
28 9 10
28 11 9
28 12 13
28 15 16
28 16 12
28 17 20
28 19 16
28 20 18
28 24 16
28 25 10
28 26 3
28 27 1
29 0 11
29 1 13
29 2 6
29 5 12
29 6 5
29 7 17
29 8 10
29 9 18
29 10 12
29 11 2
29 12 13
29 13 13
29 14 4
29 17 6
29 18 17
29 19 6
29 20 11
29 21 7
29 22 15
29 23 2
29 25 18
29 26 4
30 3 20
30 6 10
30 7 4
30 8 5
30 9 13
30 10 14
30 13 19
30 15 15
30 21 4
30 26 15
30 29 1
31 2 15
31 4 6
31 5 15
31 7 8
31 8 11
31 9 7
31 10 13
31 13 5
31 15 17
31 16 16
31 17 5
31 18 6
31 20 15
31 23 20
31 25 5
31 26 19
31 29 2
31 30 15
32 0 12
32 2 18
32 3 4
32 4 14
32 8 1
32 9 15
32 12 11
32 17 14
32 18 3
32 20 4
32 27 15
32 29 9
32 30 2
33 1 5
33 2 12
33 7 17
33 9 18
33 10 8
33 11 5
33 12 12
33 14 15
33 15 13
33 16 16
33 17 9
33 19 3
33 20 17
33 24 14
33 27 3
33 28 8
33 29 6
33 31 10
33 32 17
34 2 16
34 6 8
34 7 14
34 8 12
34 9 18
34 10 16
34 17 15
34 19 20
34 21 2
34 22 16
34 23 14
34 25 12
34 30 11
34 31 19
34 32 3
35 0 5
35 1 18
35 4 12
35 5 20
35 6 5
35 12 1
35 13 16
35 14 18
35 15 16
35 18 8
35 19 17
35 20 6
35 21 13
35 25 19
35 26 15
35 30 10
35 31 11
36 0 18
36 3 20
36 5 7
36 6 17
36 10 11
36 11 8
36 12 19
36 13 9
36 16 10
36 17 5
36 18 16
36 21 13
36 23 19
36 25 14
36 27 8
36 28 5
36 29 15
36 31 6
37 0 19
37 5 4
37 7 16
37 8 9
37 10 1
37 13 14
37 14 20
37 16 20
37 17 20
37 18 2
37 19 14
37 20 1
37 21 16
37 22 12
37 28 18
37 29 11
37 32 17
37 33 9
37 34 12
38 3 3
38 4 17
38 5 12
38 6 11
38 8 15
38 9 19
38 12 14
38 14 6
38 15 2
38 18 10
38 20 16
38 21 9
38 22 1
38 23 6
38 25 3
38 26 19
38 27 16
38 29 5
38 30 19
38 34 11
38 37 7
39 0 5
39 2 17
39 3 16
39 5 18
39 6 7
39 9 4
39 12 1
39 13 12
39 14 12
39 15 7
39 16 13
39 19 19
39 20 5
39 22 16
39 26 8
39 28 14
39 29 13
39 37 19
40 0 16
40 1 8
40 2 3
40 4 14
40 5 13
40 11 6
40 15 13
40 16 17
40 17 12
40 19 8
40 20 8
40 21 7
40 23 8
40 27 19
40 30 16
40 32 10
40 34 13
40 36 13
40 38 14
40 39 12
41 0 8
41 3 16
41 4 12
41 5 4
41 11 13
41 12 6
41 15 12
41 18 9
41 22 7
41 23 19
41 25 11
41 27 18
41 29 1
41 32 14
41 34 20
41 35 14
41 36 18
41 37 8
41 39 4
42 0 11
42 2 16
42 4 12
42 5 9
42 6 3
42 7 6
42 8 3
42 9 12
42 10 4
42 11 7
42 14 14
42 15 13
42 17 12
42 19 2
42 20 1
42 21 7
42 22 7
42 25 7
42 27 1
42 28 14
42 29 11
42 30 1
42 31 14
42 32 16
42 35 15
42 36 16
42 37 9
42 41 3
43 2 19
43 4 16
43 5 18
43 8 8
43 9 4
43 11 18
43 16 19
43 17 5
43 18 10
43 19 19
43 20 7
43 21 4
43 23 7
43 24 6
43 25 9
43 26 3
43 29 13
43 31 1
43 32 16
43 33 13
43 35 19
43 36 18
43 37 17
43 38 7
43 40 20
43 41 3
44 3 2
44 4 2
44 5 8
44 9 10
44 11 17
44 12 5
44 14 8
44 17 2
44 18 17
44 20 3
44 22 10
44 23 16
44 24 8
44 29 14
44 31 12
44 32 17
44 34 14
44 36 9
44 37 17
44 39 7
44 43 19
45 2 11
45 3 5
45 5 16
45 8 9
45 9 14
45 11 9
45 16 11
45 17 16
45 19 15
45 20 16
45 23 9
45 27 9
45 29 18
45 32 5
45 34 7
45 35 2
46 0 17
46 4 11
46 5 17
46 8 12
46 10 17
46 14 1
46 15 6
46 16 18
46 21 6
46 22 4
46 23 16
46 24 11
46 25 16
46 26 19
46 27 19
46 31 15
46 35 10
46 36 17
46 41 12
46 42 11
47 0 1
47 5 8
47 6 6
47 7 12
47 9 4
47 11 16
47 12 14
47 14 16
47 17 13
47 18 12
47 20 8
47 21 14
47 23 17
47 27 1
47 28 20
47 29 18
47 31 9
47 32 19
47 34 9
47 38 3
47 41 6
47 42 4
47 44 20
47 46 20
48 1 15
48 2 15
48 7 6
48 8 2
48 17 19
48 19 17
48 21 10
48 22 15
48 23 18
48 24 10
48 27 9
48 29 9
48 30 7
48 31 9
48 32 17
48 33 19
48 37 20
48 38 12
48 39 13
48 40 17
48 41 11
48 43 12
48 45 20
48 46 20
49 0 15
49 2 20
49 4 18
49 5 20
49 6 8
49 7 13
49 13 16
49 15 10
49 16 6
49 17 2
49 18 18
49 19 16
49 20 10
49 22 5
49 23 16
49 24 2
49 30 10
49 31 5
49 32 10
49 35 17
49 39 13
49 44 13
49 46 4
49 47 8
49 48 19
