60
2 0 41
3 2 119
4 0 13
4 1 45
4 3 15
5 0 112
5 2 38
5 3 116
6 0 42
6 1 65
6 2 74
6 3 76
6 4 4
6 5 93
7 0 48
7 1 112
7 2 6
7 4 91
7 6 56
8 0 14
8 3 67
8 5 120
9 1 87
9 2 65
9 3 57
9 4 25
9 5 107
9 6 113
10 3 39
10 4 35
10 5 4
10 8 25
11 5 76
11 8 82
11 10 80
12 1 9
12 4 39
12 5 17
12 7 7
12 9 56
12 11 45
13 0 86
13 3 66
13 5 111
13 7 66
13 8 72
13 10 71
14 0 14
14 1 18
14 3 61
14 6 95
14 7 113
14 8 98
14 10 60
14 11 92
14 12 14
15 0 112
15 2 107
15 4 36
15 7 84
15 8 81
15 9 52
15 10 25
15 11 49
15 12 29
15 14 115
16 2 88
16 5 81
16 6 95
16 11 84
16 12 70
16 13 51
16 15 29
17 2 7
17 3 113
17 8 17
17 9 78
17 10 68
17 11 42
17 12 16
17 13 51
18 0 38
18 1 92
18 3 2
18 5 2
18 8 93
18 10 10
18 11 81
18 12 65
18 14 96
18 16 96
19 2 108
19 3 69
19 7 89
19 8 73
19 10 37
19 14 81
19 16 57
19 17 92
19 18 76
20 2 103
20 3 102
20 8 49
20 9 25
20 11 76
20 14 68
20 15 116
21 4 9
21 5 118
21 6 51
21 9 119
21 10 79
21 11 7
21 12 25
21 14 74
21 15 27
21 16 73
21 17 10
21 18 24
21 20 95
22 0 16
22 2 48
22 4 90
22 7 28
22 9 16
22 11 82
22 12 1
22 15 78
22 16 46
22 18 4
22 19 4
22 21 86
23 1 47
23 3 35
23 5 58
23 6 89
23 7 52
23 11 48
23 14 44
23 16 25
23 18 1
23 19 16
23 20 96
24 0 32
24 1 56
24 4 13
24 5 43
24 6 28
24 7 71
24 9 86
24 10 43
24 13 7
24 15 87
24 17 95
24 18 10
24 19 67
24 20 6
24 22 111
25 6 103
25 8 15
25 13 76
25 16 79
25 18 103
25 20 47
25 24 84
26 1 64
26 6 20
26 7 92
26 8 21
26 10 57
26 11 92
26 17 120
26 19 82
26 20 68
26 23 15
26 24 42
27 1 71
27 2 118
27 3 66
27 4 101
27 8 114
27 9 8
27 13 107
27 14 80
27 15 81
27 16 99
27 17 110
27 19 117
27 23 62
28 1 24
28 2 32
28 3 78
28 6 45
28 7 52
28 8 63
28 9 47
28 11 84
28 12 114
28 14 21
28 15 8
28 17 116
28 18 32
28 21 43
28 22 95
28 23 100
28 25 87
28 26 3
28 27 6
29 0 46
29 6 20
29 8 17
29 9 14
29 13 94
29 14 97
29 16 16
29 21 114
29 22 35
29 25 89
30 1 88
30 3 63
30 4 3
30 8 45
30 10 83
30 16 112
30 17 99
30 22 46
30 28 100
30 29 22
31 0 43
31 1 43
31 3 50
31 4 41
31 5 94
31 11 113
31 13 79
31 14 83
31 16 35
31 17 102
31 18 61
31 21 24
31 22 73
31 27 20
31 29 20
32 0 35
32 2 3
32 3 10
32 4 78
32 5 44
32 7 47
32 8 95
32 11 103
32 12 111
32 16 29
32 19 105
32 20 73
32 22 92
32 23 8
32 26 12
32 27 66
32 29 105
33 0 24
33 2 65
33 4 14
33 7 46
33 8 19
33 9 118
33 12 105
33 13 2
33 16 86
33 18 116
33 19 4
33 20 34
33 21 89
33 22 43
33 26 5
33 28 23
33 29 117
33 30 70
33 31 12
33 32 21
34 0 88
34 1 60
34 3 39
34 5 24
34 6 57
34 7 113
34 8 70
34 10 87
34 11 57
34 14 29
34 15 43
34 16 66
34 18 109
34 21 2
34 24 68
34 28 67
34 29 62
34 32 61
35 3 101
35 4 79
35 5 56
35 9 109
35 10 13
35 11 120
35 14 52
35 16 25
35 23 91
35 24 3
35 31 63
35 34 29
36 4 5
36 6 67
36 9 65
36 12 59
36 15 108
36 19 78
36 21 70
36 23 116
36 24 51
36 27 17
36 28 3
36 33 82
37 0 76
37 4 64
37 7 91
37 11 5
37 12 42
37 13 9
37 15 76
37 16 62
37 17 112
37 20 95
37 22 46
37 23 106
37 24 53
37 25 79
37 27 114
37 28 79
37 32 55
37 33 120
37 36 6
38 2 33
38 3 9
38 5 37
38 8 16
38 10 19
38 12 80
38 15 3
38 17 79
38 20 100
38 21 25
38 23 6
38 28 38
38 29 118
38 30 34
38 31 51
38 36 3
38 37 69
39 0 68
39 2 78
39 5 21
39 8 103
39 10 63
39 12 49
39 13 22
39 14 31
39 17 16
39 19 11
39 20 90
39 23 68
39 25 23
39 29 81
39 34 31
39 35 19
40 2 74
40 4 69
40 5 109
40 7 92
40 8 11
40 9 33
40 10 41
40 13 93
40 16 25
40 17 66
40 18 54
40 25 23
40 26 78
40 28 67
40 30 82
40 31 90
40 32 22
40 34 46
40 36 104
40 38 28
40 39 10
41 1 14
41 2 60
41 3 25
41 4 67
41 5 108
41 7 11
41 9 19
41 10 103
41 13 46
41 14 29
41 15 7
41 18 66
41 22 90
41 24 47
41 27 114
41 30 73
41 32 92
41 33 112
41 34 69
41 36 119
41 38 66
41 39 72
42 5 102
42 7 9
42 8 58
42 9 53
42 17 50
42 18 65
42 19 116
42 20 52
42 22 116
42 24 64
42 25 14
42 26 68
42 30 56
42 31 52
42 32 36
42 33 16
42 34 34
42 35 84
42 36 51
42 37 17
42 39 91
42 41 99
43 0 65
43 2 78
43 5 68
43 6 39
43 8 74
43 9 70
43 10 68
43 13 12
43 15 41
43 16 105
43 21 102
43 22 1
43 23 10
43 27 5
43 30 106
43 31 95
43 34 89
43 35 51
43 38 38
44 0 8
44 1 55
44 2 112
44 3 94
44 7 52
44 8 106
44 13 19
44 14 23
44 16 31
44 17 56
44 18 58
44 20 39
44 21 14
44 22 116
44 24 95
44 25 79
44 26 39
44 28 63
44 30 96
44 34 93
44 36 47
44 37 91
44 39 45
44 40 37
44 43 88
45 1 10
45 3 110
45 5 104
45 7 106
45 9 84
45 10 98
45 11 78
45 13 58
45 14 27
45 17 26
45 18 52
45 19 101
45 23 1
45 24 116
45 26 89
45 27 57
45 28 13
45 29 56
45 30 76
45 32 47
45 35 96
45 36 100
45 37 6
45 39 34
45 40 24
45 42 54
45 44 29
46 0 119
46 1 101
46 3 66
46 4 97
46 5 98
46 6 104
46 8 74
46 10 87
46 14 92
46 16 72
46 20 12
46 21 61
46 22 69
46 23 106
46 25 66
46 28 89
46 29 104
46 30 99
46 31 62
46 32 59
46 33 120
46 37 118
46 41 111
46 42 92
46 43 43
46 44 102
46 45 33
47 0 27
47 4 63
47 6 52
47 8 49
47 13 62
47 14 55
47 18 93
47 20 29
47 21 54
47 22 65
47 24 10
47 25 23
47 27 5
47 28 95
47 29 97
47 33 50
47 35 2
47 36 100
47 39 95
47 41 23
47 43 71
47 45 66
47 46 16
48 0 53
48 1 38
48 2 58
48 5 90
48 8 89
48 9 3
48 11 25
48 13 67
48 14 25
48 20 36
48 22 17
48 28 18
48 29 88
48 30 83
48 32 117
48 35 101
48 36 49
48 39 16
48 41 16
48 43 6
48 45 103
48 46 57
48 47 84
49 1 14
49 2 51
49 3 57
49 6 56
49 8 24
49 12 67
49 13 48
49 19 58
49 21 116
49 22 12
49 23 70
49 24 97
49 27 87
49 28 82
49 32 51
49 33 92
49 35 60
49 36 98
49 38 89
49 41 92
49 42 43
49 43 43
49 46 61
49 47 58
49 48 39
50 0 115
50 1 51
50 4 109
50 5 75
50 6 34
50 7 114
50 8 73
50 9 13
50 11 119
50 12 102
50 13 110
50 15 38
50 16 88
50 19 18
50 23 69
50 24 15
50 25 59
50 26 114
50 27 6
50 29 90
50 32 64
50 33 73
50 34 103
50 38 108
50 39 102
50 40 73
50 41 114
50 46 110
50 48 92
50 49 23
51 0 35
51 2 73
51 3 83
51 4 110
51 8 81
51 13 32
51 16 107
51 19 48
51 20 37
51 23 112
51 24 109
51 26 67
51 27 21
51 28 81
51 30 66
51 33 38
51 40 68
51 44 86
51 46 3
51 48 120
51 49 107
52 1 91
52 3 38
52 5 88
52 6 117
52 10 100
52 15 56
52 22 44
52 23 113
52 28 106
52 30 10
52 31 50
52 32 21
52 34 107
52 35 52
52 37 7
52 39 43
52 41 23
52 43 33
52 45 109
52 47 100
52 48 116
52 49 119
52 51 62
53 0 93
53 1 46
53 3 85
53 7 9
53 10 63
53 11 104
53 13 37
53 15 22
53 19 85
53 20 9
53 21 35
53 25 54
53 31 56
53 36 20
53 39 20
53 40 91
53 44 100
53 48 87
53 49 8
53 50 111
53 52 74
54 1 78
54 4 2
54 7 82
54 8 60
54 9 63
54 10 62
54 11 115
54 12 60
54 19 27
54 20 82
54 21 12
54 30 35
54 31 13
54 32 49
54 34 80
54 35 105
54 36 12
54 38 29
54 39 17
54 40 4
54 42 56
54 44 64
54 47 53
54 49 101
54 50 115
54 51 64
54 52 87
54 53 24
55 0 61
55 1 33
55 4 80
55 5 100
55 7 21
55 9 16
55 10 98
55 11 72
55 12 86
55 14 85
55 16 34
55 17 17
55 20 58
55 21 2
55 22 100
55 23 74
55 24 28
55 27 103
55 28 7
55 31 35
55 34 100
55 35 29
55 38 69
55 40 95
55 44 3
55 46 44
55 50 62
55 54 48
56 2 27
56 3 119
56 4 9
56 6 51
56 7 62
56 9 103
56 10 56
56 13 54
56 15 1
56 17 6
56 18 83
56 20 107
56 21 38
56 22 61
56 23 52
56 25 22
56 26 57
56 27 75
56 29 24
56 34 119
56 35 95
56 39 95
56 43 110
56 44 16
56 45 6
56 46 51
56 47 36
56 50 16
56 51 80
56 52 114
56 53 45
57 0 41
57 1 89
57 2 52
57 3 48
57 7 57
57 9 21
57 10 100
57 12 104
57 13 31
57 15 56
57 16 26
57 19 57
57 21 28
57 23 51
57 27 66
57 33 25
57 34 31
57 37 61
57 38 98
57 42 60
57 47 74
57 48 44
57 50 112
57 51 99
57 52 107
57 56 103
58 0 49
58 3 22
58 4 108
58 10 7
58 13 56
58 19 18
58 21 34
58 23 53
58 29 120
58 30 102
58 34 116
58 37 104
58 38 78
58 39 94
58 41 87
58 42 115
58 44 42
58 45 102
58 46 29
58 47 31
58 50 37
58 52 17
58 53 28
58 56 71
59 0 25
59 3 96
59 4 119
59 5 106
59 6 40
59 8 79
59 10 79
59 11 103
59 12 103
59 13 77
59 14 14
59 15 53
59 17 56
59 18 8
59 19 61
59 20 92
59 21 118
59 22 28
59 23 88
59 25 44
59 27 49
59 30 67
59 33 120
59 34 18
59 39 35
59 41 114
59 42 108
59 43 39
59 44 17
59 48 76
59 50 71
59 52 61
59 53 41
59 54 31
59 55 32
59 56 114
59 58 104
