30
2 1 6
3 0 10
3 1 14
4 0 40
4 2 31
5 0 15
5 2 22
5 3 2
6 0 38
6 1 14
6 3 26
6 4 7
6 5 25
7 2 8
7 4 30
7 6 32
8 0 29
8 3 17
8 4 7
8 5 31
8 6 38
9 0 29
9 1 6
9 7 14
9 8 13
10 1 13
10 2 29
10 6 14
10 7 20
11 0 31
11 2 6
11 3 2
11 4 18
11 6 13
11 9 16
11 10 12
12 1 33
12 2 34
12 3 38
12 4 29
12 5 12
12 6 26
12 9 24
12 11 22
13 2 26
13 3 16
13 4 32
13 6 15
13 7 1
13 10 29
13 11 28
13 12 27
14 0 13
14 3 25
14 4 22
14 5 27
14 7 36
14 8 28
14 9 31
14 10 39
15 1 32
15 4 37
15 5 34
15 7 4
15 8 33
15 9 29
15 10 23
15 14 6
16 0 21
16 3 35
16 6 37
16 9 35
16 11 35
16 12 13
17 1 5
17 3 10
17 7 14
17 9 27
17 11 3
17 12 38
17 15 2
18 4 10
18 8 19
18 10 24
18 12 17
18 13 23
18 15 31
18 16 33
18 17 34
19 0 12
19 1 25
19 2 5
19 4 8
19 5 26
19 11 17
19 14 38
19 16 31
20 0 1
20 1 24
20 3 10
20 6 19
20 7 26
20 14 28
20 16 1
20 17 29
20 18 5
20 19 16
21 2 22
21 3 4
21 4 28
21 6 1
21 8 33
21 9 19
21 11 2
21 13 13
21 14 12
21 15 4
21 17 20
21 18 8
21 19 13
21 20 5
22 1 32
22 2 36
22 3 35
22 4 33
22 5 21
22 7 1
22 8 20
22 10 21
22 13 16
22 14 13
22 16 19
22 18 23
22 20 10
22 21 13
23 1 32
23 2 28
23 5 21
23 6 17
23 9 37
23 10 38
23 12 2
23 14 25
23 15 4
23 16 25
23 17 37
23 18 18
23 19 40
23 21 11
23 22 8
24 0 39
24 2 1
24 4 5
24 5 14
24 8 11
24 9 20
24 10 27
24 14 24
24 16 32
24 18 32
24 20 9
24 21 13
24 23 40
25 0 28
25 1 2
25 2 19
25 6 26
25 9 23
25 11 22
25 14 2
25 15 5
25 19 9
25 20 23
25 21 31
25 24 39
26 1 2
26 2 29
26 4 37
26 6 33
26 7 35
26 8 16
26 11 4
26 13 14
26 16 31
26 17 6
26 18 6
26 19 22
26 20 17
26 21 9
26 23 39
26 24 19
26 25 14
27 0 35
27 2 35
27 3 37
27 4 3
27 7 26
27 8 24
27 13 5
27 14 2
27 16 9
27 19 22
27 22 19
27 23 30
28 0 24
28 1 29
28 5 32
28 6 20
28 9 7
28 11 38
28 12 19
28 13 19
28 14 24
28 18 34
28 19 34
28 20 27
28 21 12
28 22 40
28 23 32
28 24 13
28 26 6
29 0 22
29 3 22
29 5 17
29 7 13
29 9 28
29 10 32
29 11 25
29 12 36
29 13 2
29 17 18
29 18 16
29 21 21
29 23 26
29 24 37
29 26 14
