60
1 0 25
2 0 80
2 1 28
3 2 59
5 2 43
5 3 77
5 4 63
6 1 50
6 2 74
6 4 66
7 3 35
7 4 23
7 5 64
8 1 80
8 2 75
8 4 25
9 0 38
9 1 32
9 3 12
9 4 77
9 6 79
10 0 20
10 1 50
10 2 25
10 3 16
10 4 17
10 8 42
11 0 43
11 4 50
11 5 7
11 6 13
11 8 41
11 9 38
11 10 42
12 1 69
12 2 30
12 3 34
12 5 3
12 6 16
12 7 69
12 10 28
12 11 17
13 1 13
13 2 70
13 3 19
13 4 13
13 7 34
13 9 14
14 0 11
14 1 21
14 2 16
14 3 22
14 4 70
14 7 18
14 9 62
14 10 72
14 11 23
14 13 43
15 1 19
15 2 68
15 4 58
15 5 25
15 14 53
16 5 15
16 6 34
16 11 53
16 12 44
16 15 24
17 1 78
17 4 61
17 5 61
17 6 44
17 9 45
17 10 51
17 11 25
17 12 30
17 16 27
18 0 54
18 3 62
18 7 57
18 9 60
18 15 4
18 16 26
19 1 69
19 4 2
19 5 65
19 6 63
19 10 16
19 14 43
19 15 24
19 18 12
20 5 74
20 6 29
20 7 3
20 8 14
20 9 4
20 11 7
20 16 54
20 17 51
20 19 9
21 0 29
21 1 77
21 5 14
21 6 51
21 7 33
21 9 32
21 10 71
21 11 30
21 13 21
21 17 72
21 18 63
21 19 76
21 20 45
22 3 57
22 4 41
22 6 44
22 7 63
22 10 44
22 11 3
22 13 66
22 16 80
22 18 66
22 19 20
22 20 71
22 21 6
23 4 68
23 5 19
23 6 53
23 7 18
23 8 74
23 11 46
23 13 75
23 15 11
23 16 62
23 19 35
23 22 36
24 0 64
24 1 35
24 3 65
24 6 38
24 8 51
24 12 70
24 16 10
24 17 56
24 18 47
24 19 20
25 1 57
25 2 10
25 3 53
25 5 74
25 7 56
25 12 69
25 13 56
25 14 53
25 15 43
25 18 20
25 21 23
25 22 51
25 23 7
26 3 26
26 4 22
26 5 48
26 6 23
26 7 39
26 10 21
26 11 23
26 14 68
26 15 13
26 16 20
26 19 46
26 22 32
26 25 60
27 1 67
27 3 72
27 11 19
27 12 76
27 13 49
27 14 62
27 16 16
27 17 19
27 18 76
27 19 32
27 22 37
28 0 56
28 1 1
28 2 55
28 4 21
28 5 75
28 8 68
28 9 64
28 10 77
28 11 74
28 15 3
28 16 56
28 18 79
28 19 1
28 20 33
28 22 4
28 24 62
28 25 60
28 26 45
28 27 6
29 0 63
29 3 70
29 6 70
29 8 2
29 9 42
29 10 21
29 11 3
29 14 66
29 15 28
29 19 49
29 20 73
29 22 17
29 23 52
29 27 42
30 1 39
30 2 60
30 5 60
30 6 8
30 7 29
30 8 54
30 12 10
30 13 66
30 15 53
30 16 53
30 19 11
30 24 67
30 26 42
30 27 14
30 29 11
31 5 74
31 7 75
31 10 23
31 11 63
31 13 28
31 14 44
31 16 76
31 19 50
31 20 32
31 21 51
31 24 20
31 26 16
31 29 69
32 0 32
32 2 8
32 3 58
32 4 46
32 6 38
32 7 73
32 11 50
32 12 46
32 13 41
32 14 17
32 15 19
32 16 20
32 17 49
32 18 1
32 21 8
32 23 11
32 24 7
32 27 14
32 31 65
33 1 80
33 3 40
33 4 25
33 5 41
33 8 2
33 9 19
33 16 13
33 17 62
33 18 33
33 24 56
33 25 9
33 27 29
33 29 9
33 30 2
34 1 1
34 5 11
34 8 75
34 9 56
34 10 16
34 12 46
34 15 55
34 16 61
34 23 34
34 25 42
34 28 49
35 0 48
35 1 65
35 3 35
35 5 78
35 6 41
35 8 13
35 9 59
35 10 43
35 13 11
35 14 8
35 15 62
35 16 36
35 18 29
35 19 53
35 21 9
35 22 43
35 24 17
35 25 43
35 26 33
35 32 26
35 34 49
36 1 43
36 2 24
36 3 45
36 5 12
36 8 30
36 9 45
36 13 30
36 15 65
36 17 58
36 18 22
36 20 50
36 21 74
36 22 70
36 25 5
36 28 24
36 35 60
37 0 22
37 4 23
37 6 19
37 8 42
37 9 14
37 10 24
37 12 26
37 15 62
37 17 18
37 19 20
37 21 37
37 23 72
37 24 51
37 26 52
37 28 56
37 30 78
37 31 28
37 32 26
37 34 32
38 3 65
38 5 5
38 6 4
38 7 20
38 11 40
38 13 50
38 14 72
38 15 43
38 16 38
38 17 25
38 19 3
38 22 56
38 23 80
38 27 17
38 30 41
38 31 62
38 32 74
38 33 63
38 35 11
38 36 58
38 37 44
39 0 11
39 2 65
39 3 16
39 7 30
39 8 11
39 9 25
39 10 71
39 11 48
39 14 59
39 15 3
39 16 21
39 17 22
39 20 37
39 22 18
39 26 2
39 28 61
39 29 13
39 31 50
39 32 10
39 35 22
39 36 28
39 37 31
40 0 65
40 2 58
40 3 52
40 4 28
40 8 30
40 9 42
40 10 49
40 11 27
40 15 8
40 16 56
40 19 69
40 21 59
40 22 78
40 26 34
40 27 23
40 29 32
40 30 1
40 32 14
40 34 49
40 36 19
40 37 35
40 38 54
40 39 16
41 0 26
41 2 49
41 5 47
41 7 5
41 8 11
41 9 45
41 10 5
41 12 75
41 14 76
41 15 16
41 17 3
41 18 6
41 20 58
41 23 75
41 25 10
41 26 14
41 27 15
41 29 42
41 30 54
41 31 80
41 34 75
41 35 73
41 36 24
41 38 22
42 2 35
42 3 36
42 5 66
42 6 39
42 7 61
42 8 5
42 10 74
42 11 26
42 13 43
42 14 20
42 15 31
42 17 14
42 18 73
42 20 2
42 21 41
42 26 52
42 29 58
42 32 68
42 36 31
42 40 61
43 0 20
43 1 50
43 4 66
43 6 66
43 8 52
43 9 16
43 15 65
43 16 50
43 19 14
43 24 79
43 28 17
43 32 33
43 33 47
43 34 58
43 36 61
43 38 71
43 39 59
43 42 50
44 1 10
44 2 5
44 3 67
44 4 13
44 7 10
44 8 18
44 9 47
44 10 53
44 11 43
44 12 44
44 13 63
44 16 67
44 19 40
44 21 21
44 22 44
44 24 38
44 25 18
44 27 67
44 28 57
44 29 14
44 32 48
44 34 33
44 36 60
44 37 18
44 39 9
44 42 34
45 1 48
45 7 38
45 8 69
45 11 5
45 12 27
45 13 46
45 14 48
45 15 72
45 17 15
45 18 65
45 19 24
45 22 33
45 23 20
45 24 48
45 25 36
45 27 4
45 28 21
45 30 55
45 32 76
45 33 76
45 34 41
45 35 79
45 36 47
45 38 61
45 39 16
45 41 7
45 42 18
45 44 16
46 0 77
46 2 74
46 3 32
46 7 27
46 8 10
46 11 8
46 13 37
46 15 27
46 16 19
46 17 68
46 18 34
46 19 57
46 24 19
46 25 8
46 27 39
46 29 33
46 33 1
46 34 69
46 35 24
46 37 23
46 38 6
46 39 25
46 40 3
46 41 71
46 42 53
46 43 7
46 44 43
47 5 29
47 6 49
47 9 80
47 12 11
47 13 60
47 14 45
47 15 40
47 17 77
47 18 21
47 22 36
47 28 64
47 31 1
47 34 23
47 35 23
47 39 20
47 40 11
47 42 33
47 44 19
47 45 63
47 46 19
48 0 31
48 2 44
48 8 1
48 10 37
48 12 52
48 13 76
48 14 71
48 16 49
48 17 73
48 21 42
48 23 39
48 25 1
48 26 4
48 27 58
48 29 38
48 34 75
48 37 44
48 39 71
48 40 1
48 41 53
48 46 58
49 0 46
49 2 38
49 4 52
49 5 26
49 9 63
49 11 75
49 15 67
49 16 46
49 18 18
49 19 30
49 21 41
49 22 79
49 28 61
49 29 42
49 30 75
49 31 21
49 32 47
49 33 76
49 34 60
49 38 74
49 39 66
49 41 57
49 43 2
49 44 64
49 45 35
49 46 60
50 0 55
50 2 54
50 4 18
50 5 71
50 7 70
50 8 49
50 9 24
50 10 58
50 11 39
50 12 32
50 14 48
50 16 48
50 18 17
50 21 28
50 22 1
50 23 57
50 30 60
50 32 46
50 33 22
50 34 29
50 36 23
50 37 11
50 38 9
50 39 17
50 43 61
50 44 24
50 45 37
50 46 16
50 47 32
50 48 19
51 3 33
51 4 45
51 7 68
51 10 22
51 16 66
51 19 31
51 21 10
51 22 8
51 27 80
51 28 24
51 31 5
51 32 69
51 34 27
51 38 49
51 44 4
51 45 6
51 46 21
51 47 45
51 50 76
52 0 21
52 1 12
52 2 18
52 3 79
52 4 19
52 6 39
52 8 6
52 10 46
52 12 58
52 15 32
52 19 17
52 20 27
52 21 16
52 22 23
52 27 32
52 33 25
52 34 50
52 35 52
52 36 47
52 37 37
52 40 48
52 41 78
52 42 18
52 44 34
52 45 60
52 46 21
52 51 37
53 1 79
53 3 8
53 4 70
53 11 26
53 12 79
53 13 66
53 16 2
53 17 45
53 18 2
53 22 29
53 23 43
53 24 12
53 25 48
53 26 5
53 28 35
53 29 42
53 31 25
53 32 44
53 33 65
53 34 61
53 37 27
53 39 54
53 40 73
53 42 68
53 43 61
53 45 41
53 48 4
53 50 75
53 51 31
54 4 40
54 6 65
54 8 21
54 9 79
54 12 34
54 13 71
54 16 12
54 17 18
54 22 52
54 23 50
54 24 3
54 27 63
54 29 54
54 31 70
54 32 80
54 33 10
54 34 50
54 36 35
54 37 74
54 38 59
54 40 41
54 43 79
54 44 59
54 45 48
54 46 26
54 51 45
55 1 40
55 2 11
55 3 1
55 8 52
55 11 11
55 12 19
55 16 10
55 17 48
55 19 18
55 22 58
55 25 58
55 28 32
55 29 4
55 32 15
55 34 28
55 36 13
55 40 33
55 41 80
55 43 47
55 44 8
55 48 45
55 49 46
55 50 16
55 52 47
56 0 52
56 1 79
56 2 16
56 3 71
56 5 66
56 6 74
56 8 4
56 10 55
56 13 64
56 16 12
56 17 64
56 18 20
56 19 8
56 20 57
56 21 49
56 24 41
56 25 26
56 26 33
56 27 70
56 28 1
56 29 30
56 31 72
56 33 29
56 37 16
56 40 69
56 42 16
56 44 2
56 49 21
56 52 72
56 54 68
57 1 73
57 2 62
57 3 62
57 4 27
57 5 51
57 6 11
57 9 40
57 11 11
57 13 71
57 17 24
57 20 72
57 23 31
57 26 36
57 27 10
57 28 24
57 30 8
57 32 41
57 35 69
57 37 47
57 38 76
57 41 62
57 48 38
57 49 8
57 50 4
57 52 50
57 55 38
58 1 48
58 2 24
58 3 19
58 5 28
58 6 9
58 7 47
58 8 25
58 9 8
58 10 77
58 11 16
58 12 44
58 15 30
58 17 15
58 18 11
58 19 63
58 24 12
58 26 31
58 27 80
58 29 50
58 30 62
58 31 66
58 32 63
58 35 48
58 39 13
58 42 41
58 45 79
58 51 65
58 52 30
58 55 3
58 57 63
59 2 50
59 4 14
59 7 77
59 8 55
59 11 39
59 15 41
59 17 20
59 18 10
59 19 75
59 20 80
59 26 79
59 27 17
59 28 56
59 29 70
59 32 73
59 39 41
59 40 32
59 42 16
59 43 45
59 44 61
59 46 39
59 49 37
59 50 65
59 51 6
59 54 54
59 55 26
59 57 39
