40
1 0 13
3 1 16
3 2 17
4 0 17
4 1 10
4 2 10
4 3 16
5 2 12
6 0 4
6 5 20
7 0 14
7 2 20
8 0 5
8 1 11
8 4 11
8 7 13
9 5 17
9 6 19
9 8 8
10 0 9
10 3 5
10 4 20
10 6 13
11 0 7
11 1 11
11 3 19
11 5 12
11 7 2
11 10 12
12 0 14
12 1 9
12 2 12
12 3 8
12 4 19
12 5 20
12 7 16
12 9 15
13 0 1
13 1 5
13 4 13
13 5 4
13 7 7
13 9 9
13 10 11
13 11 11
13 12 10
14 0 15
14 3 20
14 4 19
14 6 6
14 7 7
14 8 12
14 9 10
14 10 8
14 11 11
14 13 18
15 0 20
15 2 6
15 3 5
15 4 6
15 5 10
15 6 10
15 8 3
15 9 5
15 12 4
15 13 7
16 0 8
16 2 7
16 5 6
16 6 13
16 9 12
16 11 14
16 13 16
16 15 4
17 0 13
17 1 17
17 4 11
17 5 8
17 7 12
17 9 11
17 10 19
17 13 16
17 14 20
17 15 14
17 16 20
18 0 3
18 4 16
18 6 12
18 8 15
18 11 1
18 12 5
18 14 14
18 15 5
18 16 18
18 17 9
19 1 5
19 3 13
19 4 12
19 5 12
19 6 19
19 8 6
19 12 6
19 14 5
19 17 9
19 18 5
20 0 1
20 1 20
20 6 17
20 7 13
20 8 3
20 11 10
20 12 12
20 14 18
20 15 14
20 16 12
20 17 5
21 1 9
21 3 10
21 6 6
21 8 1
21 10 19
21 11 6
21 13 8
21 14 12
21 15 16
21 17 2
21 18 20
21 19 15
21 20 12
22 0 12
22 1 1
22 3 20
22 4 7
22 5 14
22 8 2
22 10 12
22 11 5
22 12 17
22 13 11
22 15 14
22 17 17
22 19 14
22 21 3
23 0 16
23 1 9
23 2 9
23 3 17
23 4 12
23 6 10
23 7 12
23 9 15
23 10 8
23 13 6
23 14 4
23 16 15
23 17 15
23 19 10
23 20 11
24 0 11
24 2 13
24 3 4
24 4 15
24 5 17
24 6 9
24 8 16
24 11 2
24 13 19
24 18 5
24 19 13
24 20 11
24 21 7
25 0 6
25 1 16
25 2 11
25 4 10
25 5 19
25 8 3
25 9 6
25 15 14
25 16 19
25 17 18
25 18 6
25 19 2
25 20 6
25 21 11
25 22 10
25 23 2
26 0 3
26 5 7
26 10 5
26 13 13
26 14 18
26 16 9
26 17 12
26 19 7
26 21 2
26 22 20
26 23 13
26 24 3
27 0 12
27 1 2
27 5 15
27 7 12
27 8 4
27 13 3
27 15 11
27 17 8
27 18 4
27 20 1
27 23 9
28 3 16
28 4 7
28 5 11
28 6 7
28 7 16
28 8 17
28 11 14
28 13 1
28 14 6
28 15 4
28 18 16
28 19 7
28 20 12
28 23 14
28 26 14
29 1 4
29 2 5
29 7 20
29 11 12
29 12 17
29 14 13
29 15 9
29 19 19
29 24 8
29 27 5
29 28 17
30 0 11
30 1 10
30 2 11
30 4 2
30 6 7
30 7 7
30 8 5
30 10 7
30 11 12
30 13 9
30 18 16
30 20 2
30 23 17
30 26 17
30 27 3
30 28 13
30 29 10
31 2 6
31 4 16
31 6 18
31 7 16
31 10 14
31 11 5
31 12 9
31 13 6
31 15 13
31 16 2
31 17 14
31 24 5
31 27 2
31 28 12
31 29 4
31 30 4
32 1 16
32 2 3
32 5 20
32 6 4
32 7 20
32 8 7
32 9 11
32 10 18
32 12 4
32 15 19
32 17 10
32 18 12
32 19 9
32 20 10
32 21 19
32 23 2
32 26 9
32 30 5
33 2 1
33 7 16
33 10 1
33 11 11
33 12 10
33 15 6
33 16 8
33 18 18
33 19 3
33 21 4
33 22 11
33 24 13
33 27 3
33 28 7
33 29 10
33 32 13
34 0 2
34 1 20
34 2 3
34 10 7
34 11 15
34 12 18
34 13 6
34 17 13
34 19 17
34 21 20
34 23 19
34 27 10
34 29 9
34 30 20
34 31 5
34 33 9
35 0 12
35 2 4
35 4 18
35 5 15
35 6 7
35 8 16
35 9 18
35 13 20
35 14 7
35 16 4
35 17 5
35 20 7
35 22 18
35 27 8
35 29 2
35 30 13
35 32 13
35 34 15
36 0 5
36 1 5
36 4 18
36 5 6
36 7 9
36 8 19
36 9 6
36 10 1
36 13 4
36 14 8
36 15 19
36 17 16
36 20 20
36 21 4
36 22 7
36 24 1
36 26 18
36 28 2
36 30 3
36 31 9
36 33 14
37 3 6
37 5 7
37 6 17
37 7 6
37 8 6
37 9 17
37 10 8
37 12 4
37 14 20
37 16 3
37 24 11
37 28 16
37 31 17
37 35 5
37 36 18
38 1 9
38 2 3
38 3 15
38 4 11
38 5 12
38 7 13
38 13 17
38 14 14
38 17 1
38 18 16
38 19 16
38 21 5
38 24 7
38 25 12
38 26 3
38 27 13
38 28 18
38 32 8
38 34 11
38 35 10
38 37 16
39 0 3
39 1 8
39 2 3
39 4 1
39 6 12
39 7 16
39 10 20
39 12 15
39 13 8
39 15 3
39 21 19
39 24 13
39 26 11
39 27 2
39 28 20
39 31 2
39 32 7
39 33 13
39 34 14
39 38 10
