60
1 0 13
3 1 17
3 2 20
4 2 9
5 0 6
5 1 8
5 2 7
5 3 17
5 4 14
6 1 19
6 2 7
6 5 4
7 0 12
7 1 9
7 3 9
7 4 8
7 5 13
7 6 8
8 0 2
8 1 10
8 3 10
8 5 15
8 6 15
9 0 10
9 1 16
9 4 6
9 5 16
9 6 19
9 7 11
9 8 8
10 3 1
10 4 6
10 6 9
10 9 9
11 0 5
11 1 1
11 2 12
11 3 10
11 4 18
11 5 12
11 6 4
12 3 5
12 6 7
12 7 12
12 9 20
12 10 16
13 1 5
13 6 6
13 9 19
13 12 11
14 3 15
14 4 11
14 5 14
14 6 8
14 9 6
14 11 12
14 12 19
15 0 1
15 2 15
15 4 8
15 6 9
15 7 1
15 12 2
15 14 14
16 0 9
16 1 12
16 2 11
16 3 14
16 4 4
16 5 5
16 7 9
16 9 8
16 12 16
17 2 16
17 3 4
17 5 1
17 6 10
17 7 17
17 8 20
17 11 18
17 14 7
17 15 7
17 16 20
18 1 19
18 2 7
18 6 7
18 12 13
18 17 18
19 0 7
19 2 20
19 3 14
19 4 18
19 5 8
19 7 11
19 9 8
19 10 2
19 11 12
19 12 10
19 13 4
19 14 14
19 15 2
19 17 14
20 0 6
20 2 15
20 3 1
20 4 14
20 7 16
20 9 7
20 10 6
20 11 1
20 12 12
20 16 7
20 18 11
21 1 7
21 8 3
21 9 7
21 10 12
21 11 1
21 15 10
21 17 11
21 19 6
22 0 18
22 1 13
22 2 17
22 3 4
22 4 3
22 5 14
22 6 8
22 7 17
22 8 16
22 13 6
22 16 9
22 18 13
22 19 7
22 21 19
23 0 18
23 1 4
23 2 4
23 4 2
23 7 18
23 8 6
23 10 17
23 11 9
23 13 16
23 16 20
23 20 17
23 22 15
24 0 13
24 1 1
24 2 6
24 3 5
24 5 8
24 8 4
24 10 17
24 12 12
24 13 7
24 14 4
24 15 17
24 16 3
24 17 12
24 20 10
24 21 15
24 22 19
24 23 9
25 0 4
25 3 5
25 5 13
25 7 10
25 8 20
25 9 5
25 10 3
25 11 7
25 13 9
25 14 4
25 15 16
25 16 16
25 18 11
25 21 5
25 24 16
26 0 15
26 2 17
26 3 7
26 10 18
26 11 20
26 12 16
26 14 1
26 15 18
26 18 2
26 22 10
26 23 5
26 24 20
26 25 14
27 3 18
27 5 17
27 8 14
27 9 18
27 11 18
27 12 1
27 13 2
27 14 14
27 15 19
27 21 8
27 22 16
27 23 12
27 24 8
27 25 18
28 2 10
28 3 1
28 5 18
28 7 15
28 9 5
28 11 1
28 15 19
28 18 12
28 19 15
28 22 8
28 23 12
28 24 20
29 0 18
29 1 18
29 2 2
29 3 15
29 4 5
29 6 5
29 11 7
29 12 3
29 14 2
29 17 3
29 18 1
29 19 5
29 20 5
29 21 13
29 27 14
30 0 4
30 6 9
30 7 12
30 12 11
30 13 17
30 14 13
30 17 8
30 18 13
30 19 9
30 20 8
30 28 7
30 29 10
31 2 4
31 3 7
31 4 18
31 6 5
31 12 20
31 13 4
31 15 13
31 18 6
31 19 15
31 20 12
31 24 15
31 25 18
31 28 2
31 29 14
31 30 11
32 0 3
32 3 9
32 5 5
32 6 12
32 9 8
32 10 18
32 11 12
32 14 2
32 16 6
32 18 9
32 21 16
32 22 3
32 23 2
32 25 12
32 26 11
32 27 18
32 29 15
32 30 1
33 1 14
33 2 13
33 6 4
33 7 11
33 8 17
33 9 1
33 14 15
33 18 7
33 19 11
33 20 10
33 21 17
33 22 11
33 25 18
33 26 19
34 6 3
34 9 18
34 10 9
34 11 5
34 12 6
34 14 2
34 16 14
34 18 19
34 19 11
34 22 18
34 26 19
34 29 18
34 30 5
34 33 6
35 3 5
35 4 4
35 5 7
35 7 12
35 9 2
35 11 11
35 13 2
35 14 11
35 17 6
35 20 8
35 21 7
35 23 15
35 25 2
35 26 5
35 27 10
35 28 19
35 29 20
35 31 11
35 32 8
36 3 10
36 6 16
36 7 3
36 8 19
36 9 5
36 11 20
36 12 5
36 14 5
36 15 18
36 16 10
36 18 14
36 19 11
36 21 11
36 22 10
36 23 15
36 24 13
36 25 16
36 26 6
36 29 1
37 0 14
37 1 13
37 3 7
37 4 16
37 6 6
37 7 7
37 9 15
37 10 10
37 14 1
37 16 17
37 17 9
37 18 8
37 21 14
37 22 7
37 23 17
37 26 9
37 29 20
37 31 4
37 32 14
38 3 19
38 5 16
38 7 18
38 9 4
38 11 15
38 15 1
38 18 16
38 21 6
38 22 20
38 23 7
38 24 12
38 25 2
38 26 3
38 27 17
38 31 1
38 32 4
38 36 2
38 37 14
39 1 6
39 2 18
39 3 2
39 6 14
39 10 4
39 11 5
39 12 8
39 16 2
39 18 19
39 19 5
39 20 3
39 24 5
39 25 11
39 30 1
39 31 13
39 32 7
39 33 12
39 37 8
39 38 17
40 0 4
40 1 3
40 2 2
40 7 6
40 12 17
40 13 18
40 16 14
40 18 4
40 19 18
40 22 16
40 23 20
40 27 8
40 28 4
40 30 7
40 31 20
40 32 11
40 33 1
40 36 3
40 38 16
40 39 19
41 0 17
41 3 7
41 5 5
41 7 13
41 8 10
41 9 17
41 11 13
41 13 14
41 15 9
41 19 15
41 21 4
41 24 8
41 27 15
41 28 9
41 29 12
41 30 20
41 32 13
41 34 20
41 36 9
41 39 5
41 40 8
42 2 5
42 4 6
42 7 3
42 8 2
42 9 9
42 11 4
42 13 9
42 14 5
42 16 11
42 18 7
42 22 17
42 29 6
42 30 11
42 33 20
42 34 1
42 39 2
43 2 16
43 5 20
43 7 15
43 8 17
43 9 18
43 11 12
43 12 11
43 13 16
43 14 5
43 16 13
43 18 4
43 19 5
43 20 20
43 22 19
43 24 2
43 27 9
43 30 11
43 34 9
43 35 12
43 38 5
43 39 15
43 40 10
44 0 14
44 1 4
44 3 15
44 5 12
44 6 7
44 9 5
44 12 10
44 13 12
44 14 18
44 15 1
44 21 2
44 23 16
44 24 9
44 28 2
44 30 4
44 32 1
44 34 12
44 36 10
44 37 7
44 38 4
45 0 10
45 2 3
45 6 1
45 7 13
45 9 18
45 11 16
45 12 1
45 14 12
45 15 11
45 16 10
45 18 10
45 23 1
45 24 3
45 29 10
45 30 1
45 31 2
45 35 18
45 36 1
45 38 15
45 39 6
45 43 18
45 44 2
46 1 5
46 5 14
46 8 16
46 11 2
46 15 8
46 17 13
46 18 1
46 19 5
46 23 1
46 24 19
46 29 13
46 30 7
46 33 9
46 36 19
46 38 3
46 43 17
46 45 8
47 2 9
47 3 2
47 8 16
47 12 4
47 14 3
47 16 5
47 17 5
47 18 11
47 19 2
47 20 3
47 22 14
47 23 6
47 24 18
47 25 8
47 26 16
47 28 6
47 31 14
47 32 20
47 36 19
47 37 2
47 38 9
47 42 16
47 43 4
47 44 8
48 4 9
48 5 1
48 6 1
48 8 12
48 10 9
48 12 9
48 13 4
48 14 4
48 15 4
48 20 20
48 21 4
48 22 5
48 23 14
48 24 19
48 26 13
48 29 17
48 33 8
48 34 5
48 36 9
48 40 14
48 43 8
48 45 7
48 47 4
49 2 14
49 3 11
49 4 8
49 5 10
49 8 6
49 11 11
49 14 17
49 16 7
49 17 2
49 19 18
49 20 17
49 22 3
49 23 16
49 24 17
49 28 15
49 29 13
49 31 12
49 32 14
49 33 6
49 34 20
49 36 15
49 37 13
49 39 18
49 40 12
49 41 18
49 42 19
49 44 2
49 47 17
50 2 20
50 3 7
50 6 20
50 11 9
50 12 10
50 13 9
50 14 12
50 17 17
50 18 11
50 19 11
50 20 5
50 21 2
50 22 18
50 23 4
50 24 2
50 25 5
50 26 13
50 28 18
50 29 2
50 30 2
50 33 5
50 34 17
50 37 20
50 38 19
50 41 18
50 42 3
50 46 10
50 47 1
50 48 5
51 1 18
51 4 17
51 5 16
51 6 15
51 8 3
51 9 3
51 12 8
51 13 15
51 14 10
51 15 15
51 16 2
51 17 3
51 18 17
51 24 1
51 25 17
51 37 18
51 38 20
51 39 13
51 41 3
51 42 16
51 44 17
52 1 11
52 2 20
52 3 4
52 5 10
52 11 16
52 13 3
52 15 10
52 16 17
52 18 7
52 20 17
52 23 20
52 26 4
52 30 2
52 34 19
52 37 15
52 38 19
52 41 1
52 43 10
52 44 20
52 46 20
52 48 18
52 49 9
52 50 15
52 51 11
53 0 14
53 1 12
53 2 1
53 5 17
53 7 2
53 8 18
53 9 8
53 10 15
53 15 5
53 17 17
53 18 7
53 19 13
53 20 20
53 22 18
53 24 8
53 25 15
53 26 15
53 27 15
53 29 7
53 32 7
53 33 13
53 34 10
53 39 2
53 40 11
53 44 11
53 47 15
53 49 18
53 50 5
53 52 20
54 1 17
54 3 11
54 10 14
54 11 18
54 13 5
54 14 18
54 15 20
54 16 1
54 17 2
54 18 12
54 19 16
54 21 10
54 29 10
54 30 12
54 33 7
54 34 15
54 35 16
54 36 15
54 38 19
54 40 1
54 41 6
54 45 11
54 46 15
54 49 9
54 50 20
54 52 1
55 0 4
55 1 14
55 2 7
55 5 7
55 7 9
55 9 20
55 11 4
55 14 8
55 15 6
55 20 6
55 21 5
55 24 4
55 25 18
55 27 20
55 28 9
55 30 5
55 31 4
55 32 14
55 33 19
55 34 2
55 35 14
55 40 16
55 41 10
55 42 7
55 44 18
55 45 4
55 47 10
55 49 10
55 50 4
55 51 6
56 2 12
56 4 7
56 6 17
56 7 6
56 9 6
56 11 16
56 14 11
56 15 8
56 18 16
56 20 4
56 21 11
56 23 17
56 24 12
56 25 20
56 26 1
56 27 14
56 31 1
56 32 16
56 33 18
56 34 12
56 35 9
56 36 16
56 37 1
56 38 9
56 40 5
56 41 7
56 42 8
56 44 9
56 46 15
56 51 2
56 52 1
56 54 3
57 1 9
57 2 20
57 4 17
57 5 16
57 7 9
57 8 15
57 10 19
57 11 3
57 15 2
57 19 14
57 22 8
57 23 6
57 26 9
57 27 10
57 30 13
57 31 3
57 34 17
57 35 4
57 36 11
57 37 14
57 39 4
57 40 3
57 42 14
57 43 1
57 45 10
57 46 13
57 54 5
57 55 8
57 56 2
58 2 13
58 3 13
58 5 4
58 11 19
58 16 2
58 17 19
58 18 8
58 20 19
58 22 3
58 23 9
58 24 11
58 28 5
58 29 13
58 30 16
58 33 19
58 35 9
58 38 4
58 39 4
58 40 5
58 42 14
58 43 10
58 45 20
58 46 9
58 47 14
58 50 9
58 52 15
58 55 11
58 57 1
59 0 18
59 3 20
59 4 1
59 5 6
59 6 17
59 7 18
59 9 14
59 11 15
59 13 19
59 14 19
59 16 12
59 17 17
59 18 14
59 21 10
59 22 11
59 24 20
59 26 13
59 27 4
59 28 6
59 32 10
59 36 14
59 37 17
59 40 5
59 42 7
59 44 10
59 46 1
59 47 14
59 49 16
59 50 14
59 51 2
59 52 2
59 54 20
59 55 9
59 57 18
59 58 7
