30
1 0 55
2 0 15
2 1 63
3 1 31
4 0 35
5 0 69
5 1 2
6 2 55
6 3 45
6 5 76
7 0 42
7 3 49
7 4 16
7 5 69
7 6 38
8 4 28
8 5 8
9 1 54
9 2 33
9 5 59
9 8 55
10 0 8
10 3 38
11 1 29
11 2 48
11 5 40
11 6 15
11 7 37
12 0 42
12 3 38
12 6 62
12 9 37
12 11 16
13 0 47
13 1 60
13 3 9
13 5 54
13 8 63
13 10 59
13 11 26
14 0 12
14 2 16
14 3 15
14 4 67
14 6 31
14 10 32
14 12 24
15 0 46
15 3 32
15 5 19
15 10 75
15 11 23
15 13 21
15 14 18
16 1 70
16 3 68
16 4 48
16 5 22
16 6 6
16 7 4
16 10 7
16 13 2
17 0 68
17 1 54
17 4 63
17 5 43
17 12 20
17 13 79
17 15 2
17 16 17
18 1 55
18 4 40
18 5 25
18 6 80
18 7 70
18 10 23
18 11 28
18 12 73
18 16 14
19 0 24
19 1 38
19 3 43
19 4 17
19 6 6
19 8 19
19 9 47
19 11 53
19 16 80
20 3 50
20 6 5
20 7 12
20 9 79
20 11 53
20 12 11
20 13 36
20 15 16
20 17 54
20 18 39
21 6 23
21 7 26
21 9 57
21 11 16
21 12 48
21 16 14
21 18 62
22 1 63
22 2 52
22 4 31
22 5 69
22 6 56
22 7 80
22 9 8
22 10 62
22 11 73
22 12 40
22 13 2
22 16 12
22 17 36
22 19 24
22 21 67
23 4 48
23 5 16
23 9 49
23 10 76
23 11 61
23 12 42
23 14 59
23 16 15
23 17 10
23 18 32
24 1 23
24 3 74
24 7 78
24 8 20
24 9 78
24 13 29
24 15 35
24 18 43
24 19 77
24 23 73
25 1 24
25 6 25
25 9 3
25 14 29
25 16 77
25 18 2
25 19 13
25 20 43
25 22 62
25 23 8
26 0 73
26 1 52
26 2 1
26 5 18
26 7 50
26 8 14
26 9 24
26 10 74
26 12 32
26 20 10
26 23 53
27 1 5
27 5 73
27 6 27
27 7 40
27 8 2
27 9 79
27 10 42
27 12 58
27 14 2
27 16 49
27 17 60
27 20 15
27 24 66
28 0 54
28 2 15
28 3 29
28 4 49
28 7 37
28 11 19
28 12 25
28 13 11
28 14 9
28 15 53
28 18 30
28 19 78
28 24 9
28 25 11
28 26 60
28 27 73
29 0 42
29 1 16
29 7 37
29 10 69
29 11 52
29 16 74
29 17 8
29 20 40
29 22 4
29 26 10
29 27 43
