40
1 0 22
2 0 33
3 1 36
3 2 39
4 0 26
6 0 38
6 1 3
6 3 31
7 0 36
7 2 2
7 3 18
7 5 30
7 6 6
8 3 8
8 4 17
8 6 10
9 0 3
9 1 16
9 4 8
9 6 14
9 8 8
10 2 7
10 6 40
11 0 17
11 3 19
11 8 23
11 10 24
12 0 15
12 1 39
12 3 21
12 4 38
12 5 12
12 6 5
12 8 12
12 9 24
12 11 33
13 0 1
13 2 6
13 4 18
13 11 25
13 12 23
14 0 12
14 1 13
14 5 1
14 6 28
14 8 19
14 10 33
14 11 23
14 12 30
15 0 20
15 1 16
15 2 39
15 4 14
15 6 7
15 7 25
15 9 28
15 10 29
15 13 35
15 14 30
16 4 30
16 6 23
16 10 2
16 11 29
16 14 18
17 0 24
17 1 38
17 2 3
17 4 29
17 5 23
17 6 38
17 7 5
17 8 14
17 9 24
17 10 3
17 14 3
17 16 24
18 3 12
18 7 11
18 8 19
18 13 24
18 15 32
18 16 40
18 17 32
19 0 32
19 4 9
19 5 25
19 9 24
19 10 11
19 14 14
19 15 1
19 16 28
20 0 4
20 3 2
20 5 11
20 6 28
20 8 12
20 9 24
20 13 20
20 14 39
20 15 17
20 16 35
20 17 36
20 18 39
20 19 35
21 0 22
21 3 40
21 4 27
21 6 13
21 7 13
21 8 22
21 9 4
21 10 12
21 11 37
21 13 39
21 17 36
21 19 6
21 20 15
22 0 23
22 1 33
22 2 1
22 3 11
22 5 10
22 9 1
22 11 34
22 14 39
22 16 6
22 17 17
22 20 9
22 21 30
23 0 23
23 7 10
23 8 36
23 9 14
23 10 23
23 13 36
23 14 8
23 15 1
23 19 38
23 21 3
24 1 23
24 2 25
24 3 20
24 6 3
24 7 37
24 8 30
24 9 2
24 10 1
24 11 3
24 14 23
24 17 26
24 19 29
24 21 27
24 22 13
24 23 29
25 0 13
25 1 24
25 2 30
25 6 24
25 7 35
25 8 14
25 10 14
25 12 33
25 15 25
25 16 20
25 18 11
25 19 26
25 20 23
25 21 8
25 23 18
25 24 18
26 0 1
26 2 29
26 7 3
26 8 14
26 10 9
26 11 1
26 12 21
26 14 18
26 15 9
26 16 26
26 18 31
26 21 24
26 23 38
27 0 29
27 1 14
27 4 30
27 7 36
27 8 34
27 10 15
27 12 17
27 14 15
27 15 16
27 16 13
27 17 4
27 19 28
27 20 21
27 21 23
27 24 31
27 25 18
27 26 31
28 1 38
28 4 38
28 6 20
28 10 32
28 11 4
28 12 15
28 20 38
28 21 35
28 22 2
28 24 27
28 26 12
28 27 29
29 0 4
29 6 23
29 7 6
29 11 14
29 12 4
29 14 38
29 15 39
29 17 2
29 20 14
29 21 34
29 23 7
29 24 2
29 26 4
29 27 9
29 28 35
30 1 36
30 8 27
30 9 5
30 10 3
30 11 17
30 12 24
30 14 17
30 16 12
30 18 1
30 19 27
30 20 19
30 21 36
30 23 32
30 24 39
30 26 13
30 27 6
31 0 22
31 1 24
31 8 36
31 10 6
31 12 3
31 14 12
31 17 31
31 18 29
31 23 36
31 24 17
31 25 35
31 27 9
31 28 21
31 29 11
32 3 2
32 5 26
32 9 37
32 10 3
32 12 35
32 14 3
32 16 32
32 19 18
32 22 12
32 23 10
32 26 20
32 27 11
32 28 20
32 29 16
33 0 2
33 1 2
33 2 18
33 3 9
33 6 18
33 7 11
33 8 2
33 9 35
33 12 35
33 13 10
33 14 24
33 15 10
33 16 27
33 18 28
33 21 17
33 25 23
33 27 5
33 30 18
33 31 2
34 0 28
34 1 18
34 5 18
34 6 24
34 8 30
34 10 35
34 13 38
34 16 32
34 17 3
34 20 28
34 22 33
34 24 22
34 28 3
34 29 3
34 30 4
34 32 38
35 0 23
35 1 2
35 3 25
35 5 11
35 6 15
35 10 22
35 12 39
35 13 8
35 15 7
35 16 14
35 20 33
35 22 13
35 23 26
35 24 13
35 25 38
35 26 39
35 32 38
35 34 30
36 0 22
36 6 7
36 8 33
36 9 3
36 11 11
36 12 18
36 14 15
36 15 12
36 18 35
36 19 5
36 21 10
36 23 19
36 24 27
36 25 6
36 27 16
36 28 17
36 29 9
36 31 8
36 32 18
36 33 5
36 34 7
36 35 5
37 1 6
37 3 9
37 4 10
37 5 18
37 6 11
37 8 15
37 11 15
37 12 8
37 13 15
37 17 24
37 20 17
37 21 24
37 24 9
37 25 13
37 26 7
37 30 16
37 32 24
37 34 40
37 35 38
38 1 8
38 2 32
38 3 27
38 4 39
38 9 12
38 12 32
38 13 10
38 14 34
38 17 21
38 18 4
38 20 27
38 21 5
38 24 38
38 25 18
38 26 12
38 27 21
38 29 3
38 32 11
38 35 27
39 0 3
39 2 24
39 6 12
39 7 25
39 8 37
39 9 33
39 11 39
39 12 16
39 14 22
39 16 25
39 19 9
39 20 14
39 22 38
39 23 40
39 25 35
39 28 4
39 30 11
39 32 33
39 33 21
39 35 4
