20
3 1 23
4 3 97
5 2 114
6 4 24
7 0 3
7 2 97
7 3 120
7 5 86
8 0 80
8 2 27
8 3 8
8 4 94
9 0 35
9 1 28
9 3 24
9 6 8
9 8 93
10 0 112
10 1 14
10 2 88
10 6 40
10 7 105
10 8 119
11 0 78
11 1 21
11 3 20
11 5 39
11 8 72
12 1 44
12 2 103
12 6 88
12 9 84
12 10 33
12 11 35
13 2 87
13 4 89
13 5 27
13 8 7
13 9 50
13 10 43
13 12 49
14 1 93
14 2 13
14 4 74
14 5 82
14 6 22
14 7 26
14 8 59
14 9 68
14 10 12
14 12 13
15 5 117
15 6 47
15 13 40
15 14 19
16 0 101
16 2 8
16 3 43
16 4 61
16 5 9
16 7 52
16 9 33
16 12 100
16 13 114
16 14 89
16 15 56
17 0 32
17 2 29
17 3 24
17 4 74
17 7 58
17 12 71
17 14 99
17 15 52
18 0 37
18 1 94
18 3 40
18 4 47
18 6 12
18 7 16
18 8 94
18 9 65
18 10 110
18 12 87
18 15 52
18 16 5
18 17 27
19 2 46
19 4 40
19 6 56
19 7 85
19 8 29
19 11 17
19 13 61
19 15 102
19 17 37
19 18 66
