70
3 2 107
5 1 20
6 0 88
6 1 38
6 3 5
6 4 72
6 5 64
7 6 66
8 0 68
8 2 50
8 3 113
8 4 30
8 5 78
8 6 96
9 4 41
9 5 28
9 7 62
9 8 1
10 0 34
10 1 35
10 4 46
11 2 96
11 4 119
11 5 100
11 7 33
11 8 98
11 9 75
11 10 44
12 1 119
12 2 49
12 5 35
12 9 34
12 10 120
12 11 17
13 0 75
13 4 93
13 7 56
13 9 105
13 10 108
13 11 117
14 0 33
14 1 56
14 3 37
14 5 101
14 6 93
14 7 103
14 8 9
14 9 40
14 11 103
14 13 8
15 1 45
15 4 89
15 5 75
15 6 12
15 7 103
15 8 67
15 10 4
15 13 14
16 2 27
16 4 55
16 6 70
16 8 52
16 9 4
16 10 104
16 15 27
17 0 3
17 1 84
17 3 26
17 4 48
17 7 30
17 9 117
17 10 72
17 11 25
17 12 69
17 14 29
17 15 114
17 16 21
18 0 43
18 2 94
18 4 64
18 5 12
18 6 120
18 7 111
18 9 93
18 10 13
18 11 38
18 13 31
18 14 47
18 15 55
19 3 115
19 7 80
19 8 47
19 9 21
19 13 4
19 14 74
19 17 64
19 18 48
20 1 85
20 2 83
20 3 51
20 4 57
20 5 39
20 9 36
20 12 63
20 13 39
20 14 116
21 0 64
21 1 38
21 9 28
21 10 100
21 13 58
21 14 89
21 19 111
21 20 44
22 1 63
22 3 22
22 4 44
22 6 38
22 8 67
22 9 15
22 10 5
22 11 83
22 12 101
22 15 97
22 17 18
23 6 108
23 7 82
23 8 57
23 11 118
23 18 102
23 20 94
23 22 114
24 0 73
24 2 34
24 3 47
24 6 28
24 8 15
24 10 83
24 11 109
24 12 12
24 13 65
24 17 70
24 18 29
24 19 18
24 20 17
24 22 48
25 2 41
25 4 12
25 6 38
25 8 45
25 9 68
25 12 66
25 15 17
25 16 19
25 18 97
25 19 78
25 21 62
26 2 78
26 5 111
26 7 20
26 8 49
26 11 37
26 13 109
26 14 76
26 16 41
26 19 40
26 20 16
26 22 117
26 25 13
27 1 91
27 7 32
27 8 33
27 9 71
27 11 68
27 13 109
27 15 59
27 17 82
27 18 51
27 19 99
27 22 98
27 23 52
27 24 68
28 0 94
28 1 91
28 2 93
28 5 119
28 6 12
28 7 92
28 9 55
28 10 44
28 13 98
28 16 75
28 17 79
28 19 62
28 22 2
28 23 103
29 1 59
29 2 11
29 4 29
29 10 77
29 11 78
29 13 8
29 15 71
29 17 107
29 19 114
29 20 107
29 22 10
29 24 119
29 25 76
29 26 107
29 27 49
29 28 36
30 2 22
30 3 100
30 7 41
30 9 40
30 10 83
30 11 84
30 13 49
30 16 87
30 17 59
30 19 25
30 20 30
30 23 54
30 24 24
30 29 60
31 0 69
31 4 18
31 5 33
31 6 90
31 8 120
31 13 70
31 14 93
31 16 71
31 17 85
31 19 42
31 21 102
31 23 60
31 24 98
31 25 90
31 27 101
31 29 68
32 3 71
32 4 52
32 5 69
32 7 111
32 10 35
32 12 93
32 13 10
32 18 32
32 24 12
32 25 4
32 27 107
32 28 76
32 29 92
32 30 69
33 2 84
33 3 18
33 6 56
33 9 35
33 10 20
33 13 120
33 15 66
33 18 108
33 20 97
33 24 45
33 26 60
33 29 110
33 31 61
34 1 37
34 4 95
34 5 15
34 6 21
34 9 28
34 11 103
34 13 5
34 14 115
34 15 27
34 16 101
34 17 4
34 20 32
34 22 113
34 23 27
34 24 51
34 25 41
34 26 29
34 30 2
34 31 38
34 32 79
35 0 75
35 6 84
35 7 40
35 9 113
35 12 31
35 13 27
35 14 21
35 15 94
35 16 12
35 18 48
35 22 43
35 23 73
35 24 31
35 27 102
35 28 31
35 29 88
35 30 48
35 32 28
35 33 111
35 34 69
36 1 61
36 2 98
36 4 73
36 10 116
36 11 80
36 12 19
36 13 86
36 16 94
36 17 20
36 19 96
36 20 97
36 22 80
36 24 50
36 26 58
36 27 19
36 28 103
36 29 12
36 31 48
36 33 23
36 34 41
37 2 39
37 10 53
37 13 95
37 17 70
37 18 56
37 19 83
37 20 97
37 22 70
37 24 2
37 27 106
37 29 42
37 30 48
37 31 17
37 33 85
37 35 59
37 36 64
38 2 64
38 8 42
38 9 110
38 10 67
38 11 120
38 12 16
38 13 38
38 15 58
38 16 65
38 17 87
38 18 33
38 19 23
38 20 37
38 21 96
38 23 60
38 24 37
38 26 55
38 28 49
38 30 103
38 32 69
38 37 22
39 0 70
39 3 118
39 5 106
39 6 96
39 13 37
39 17 101
39 18 84
39 21 56
39 22 65
39 23 10
39 24 73
39 29 24
39 34 97
39 35 41
39 36 116
39 38 19
40 0 7
40 3 66
40 4 44
40 5 13
40 6 100
40 7 78
40 10 84
40 12 43
40 13 88
40 15 37
40 20 80
40 22 70
40 23 70
40 24 47
40 25 71
40 28 83
40 29 23
40 30 47
40 31 52
40 32 6
40 33 70
40 34 110
40 35 103
40 36 12
40 39 79
41 0 63
41 1 26
41 2 94
41 3 33
41 5 112
41 15 51
41 17 67
41 18 23
41 21 117
41 25 47
41 26 120
41 27 33
41 28 29
41 32 58
41 33 112
41 34 93
41 37 51
41 38 54
41 39 54
42 0 57
42 2 113
42 4 54
42 7 18
42 9 10
42 10 43
42 11 115
42 14 43
42 15 1
42 18 24
42 20 104
42 21 110
42 22 99
42 26 64
42 28 33
42 32 29
42 35 39
42 36 120
42 37 62
42 39 33
42 40 82
42 41 54
43 1 11
43 2 99
43 5 61
43 7 72
43 8 58
43 10 58
43 12 118
43 15 81
43 16 28
43 17 106
43 18 43
43 26 14
43 33 89
43 37 99
43 38 18
44 2 45
44 3 100
44 6 76
44 8 53
44 9 59
44 14 46
44 16 73
44 18 7
44 20 18
44 22 33
44 23 77
44 26 43
44 27 4
44 29 58
44 34 19
44 35 1
44 38 93
44 39 96
44 41 9
44 42 51
44 43 107
45 2 110
45 4 29
45 5 87
45 7 117
45 11 89
45 12 77
45 13 66
45 15 65
45 16 86
45 18 91
45 22 111
45 23 37
45 27 68
45 28 57
45 29 15
45 31 48
45 34 54
45 35 112
45 36 32
45 37 87
45 38 99
45 42 93
45 44 35
46 1 58
46 2 118
46 5 104
46 8 36
46 9 68
46 10 84
46 12 9
46 14 93
46 17 96
46 19 102
46 21 70
46 22 55
46 24 118
46 27 81
46 30 50
46 31 31
46 32 8
46 35 84
46 38 93
46 41 12
46 42 56
46 43 103
46 45 45
47 3 4
47 8 78
47 10 62
47 12 63
47 13 86
47 14 107
47 15 44
47 16 9
47 18 112
47 20 85
47 23 22
47 24 7
47 25 1
47 26 58
47 27 111
47 28 14
47 30 36
47 32 116
47 33 109
47 34 13
47 35 10
47 36 12
47 40 93
47 43 85
47 44 41
47 45 22
47 46 17
48 1 109
48 3 114
48 4 83
48 7 103
48 9 75
48 10 32
48 11 65
48 12 6
48 13 31
48 15 113
48 20 93
48 21 98
48 24 102
48 25 55
48 26 31
48 27 97
48 28 7
48 29 76
48 31 55
48 33 41
48 34 71
48 36 57
48 37 77
48 38 38
48 39 38
48 40 36
48 41 58
48 43 94
48 44 62
48 45 19
48 46 113
48 47 63
49 0 112
49 2 69
49 3 101
49 4 84
49 5 18
49 6 58
49 7 118
49 9 12
49 13 104
49 19 88
49 20 18
49 22 53
49 23 10
49 25 118
49 27 77
49 28 7
49 30 104
49 34 94
49 35 55
49 43 67
49 46 85
50 0 53
50 7 13
50 8 89
50 9 96
50 11 43
50 12 79
50 16 15
50 19 36
50 20 70
50 23 88
50 24 85
50 29 85
50 30 101
50 31 103
50 36 77
50 37 46
50 38 26
50 39 3
50 42 52
50 45 103
50 46 111
50 47 73
50 48 63
51 0 103
51 3 75
51 7 20
51 9 70
51 10 29
51 11 26
51 12 11
51 14 2
51 16 100
51 18 106
51 19 102
51 20 17
51 21 111
51 25 50
51 26 119
51 27 75
51 29 45
51 30 38
51 31 6
51 33 86
51 35 53
51 36 68
51 37 59
51 42 35
51 44 77
51 45 89
51 47 104
51 48 20
51 50 80
52 1 43
52 3 99
52 4 74
52 7 8
52 8 40
52 9 49
52 11 103
52 13 45
52 14 84
52 16 115
52 17 55
52 21 35
52 22 36
52 24 78
52 27 61
52 29 75
52 32 12
52 33 101
52 35 3
52 36 21
52 38 113
52 40 66
52 41 107
52 42 119
52 48 89
52 50 60
53 1 109
53 2 26
53 5 74
53 6 67
53 7 51
53 9 58
53 10 69
53 11 38
53 12 61
53 13 37
53 14 98
53 16 2
53 17 21
53 18 43
53 20 98
53 21 89
53 23 30
53 24 27
53 26 70
53 27 97
53 28 15
53 31 44
53 32 119
53 33 40
53 39 41
53 41 22
53 43 13
53 45 63
53 46 66
53 47 94
53 48 51
53 49 101
53 50 90
53 51 99
53 52 103
54 0 13
54 3 30
54 4 110
54 7 84
54 9 110
54 12 94
54 13 70
54 14 112
54 15 60
54 16 11
54 17 47
54 18 68
54 19 24
54 22 116
54 23 47
54 24 46
54 25 77
54 26 66
54 27 119
54 28 86
54 30 108
54 31 60
54 32 91
54 33 104
54 34 94
54 36 79
54 37 25
54 39 73
54 41 101
54 42 16
54 43 115
54 46 93
54 49 52
54 50 55
54 51 114
54 53 114
55 0 72
55 2 46
55 3 49
55 4 8
55 5 94
55 12 104
55 14 76
55 16 57
55 17 117
55 19 25
55 20 42
55 21 93
55 25 76
55 26 87
55 27 45
55 29 39
55 30 116
55 31 62
55 34 88
55 39 59
55 41 40
55 43 15
55 44 119
55 45 29
55 46 57
55 48 85
55 53 46
55 54 17
56 5 2
56 7 101
56 11 45
56 12 78
56 13 92
56 14 19
56 15 78
56 19 10
56 21 77
56 25 80
56 27 74
56 30 43
56 31 81
56 33 58
56 34 44
56 35 25
56 37 50
56 44 89
56 46 8
56 49 7
56 50 79
56 52 93
57 1 69
57 2 103
57 3 80
57 6 46
57 7 58
57 8 34
57 13 76
57 15 90
57 16 24
57 19 113
57 20 90
57 21 81
57 24 90
57 26 89
57 28 116
57 29 12
57 33 116
57 36 50
57 38 106
57 39 1
57 40 75
57 41 72
57 43 53
57 45 78
57 46 76
57 47 13
57 52 61
57 53 47
57 55 40
58 0 98
58 2 108
58 9 81
58 10 96
58 11 81
58 14 12
58 16 84
58 17 84
58 19 58
58 20 14
58 21 110
58 26 115
58 27 51
58 28 69
58 29 33
58 31 29
58 33 52
58 34 43
58 35 66
58 36 13
58 38 67
58 41 1
58 43 36
58 44 56
58 49 83
58 51 120
58 52 33
58 56 101
59 0 28
59 1 103
59 4 81
59 6 93
59 7 88
59 11 28
59 14 29
59 16 118
59 19 28
59 20 38
59 24 104
59 25 76
59 28 68
59 31 76
59 32 36
59 33 94
59 34 21
59 35 88
59 36 4
59 37 62
59 40 80
59 41 115
59 43 44
59 46 30
59 49 55
59 52 24
59 54 114
59 55 52
59 57 36
59 58 39
60 3 114
60 5 27
60 8 76
60 9 55
60 10 90
60 11 40
60 15 104
60 19 68
60 20 71
60 26 6
60 27 5
60 28 110
60 29 51
60 32 69
60 33 40
60 35 56
60 37 46
60 38 99
60 40 54
60 41 107
60 42 56
60 44 111
60 45 120
60 49 116
60 51 117
60 53 3
60 54 34
60 58 61
60 59 6
61 0 81
61 1 60
61 3 119
61 4 48
61 6 56
61 8 46
61 9 75
61 10 55
61 11 31
61 12 19
61 14 8
61 20 37
61 21 47
61 22 66
61 25 68
61 26 3
61 29 85
61 30 114
61 33 95
61 35 96
61 39 33
61 40 24
61 41 16
61 43 37
61 44 21
61 45 18
61 47 27
61 50 63
61 51 75
61 55 14
61 57 31
61 58 12
61 59 90
61 60 83
62 1 45
62 2 26
62 5 111
62 6 31
62 7 4
62 8 77
62 9 10
62 10 71
62 11 61
62 12 43
62 16 25
62 17 75
62 18 90
62 20 39
62 21 8
62 23 9
62 24 60
62 28 104
62 29 30
62 30 38
62 31 5
62 34 23
62 35 96
62 36 58
62 41 5
62 42 73
62 43 97
62 44 31
62 46 57
62 47 40
62 55 5
62 59 61
62 61 55
63 0 90
63 1 91
63 5 30
63 6 102
63 9 87
63 10 69
63 11 46
63 12 12
63 14 4
63 19 48
63 20 20
63 21 29
63 25 111
63 26 99
63 31 105
63 33 44
63 35 61
63 37 111
63 48 73
63 52 61
63 53 114
63 54 91
63 55 8
63 57 32
63 58 14
63 62 63
64 0 45
64 1 20
64 6 17
64 12 87
64 13 61
64 16 112
64 18 7
64 19 40
64 21 30
64 23 3
64 24 118
64 28 55
64 30 81
64 32 83
64 36 44
64 37 43
64 38 32
64 40 10
64 42 110
64 44 49
64 48 1
64 50 101
64 53 100
64 55 64
64 56 80
64 57 71
64 59 58
64 63 34
65 0 62
65 1 24
65 3 22
65 4 25
65 5 56
65 8 51
65 9 96
65 12 106
65 14 113
65 16 17
65 18 7
65 20 73
65 22 109
65 24 68
65 26 25
65 27 10
65 28 30
65 31 67
65 32 108
65 34 54
65 39 59
65 40 23
65 41 110
65 43 72
65 45 106
65 48 44
65 52 120
65 53 112
65 54 103
65 55 77
65 57 52
65 59 8
65 60 44
65 61 69
65 63 79
65 64 102
66 1 54
66 2 95
66 3 5
66 6 83
66 9 78
66 11 41
66 15 99
66 16 31
66 17 4
66 21 118
66 23 61
66 24 10
66 25 50
66 26 114
66 27 61
66 28 55
66 30 68
66 31 86
66 37 10
66 40 113
66 41 53
66 42 115
66 43 38
66 44 88
66 49 69
66 50 115
66 52 91
66 54 34
66 57 88
66 60 100
66 61 70
66 64 120
66 65 44
67 1 47
67 2 114
67 4 8
67 6 81
67 7 45
67 8 22
67 9 62
67 10 43
67 11 102
67 13 64
67 15 72
67 16 53
67 17 48
67 18 74
67 19 13
67 20 16
67 21 50
67 22 89
67 25 86
67 26 117
67 27 48
67 28 107
67 29 34
67 32 39
67 35 37
67 37 1
67 38 37
67 39 25
67 42 74
67 43 87
67 47 82
67 49 110
67 53 40
67 55 20
67 56 107
67 57 4
67 60 26
67 61 22
67 62 20
67 66 55
68 0 81
68 2 95
68 4 13
68 5 99
68 6 55
68 8 12
68 11 98
68 12 38
68 14 82
68 16 35
68 18 28
68 21 7
68 23 22
68 24 74
68 31 87
68 32 25
68 34 95
68 37 61
68 40 86
68 48 96
68 51 8
68 53 7
68 54 28
68 58 90
68 62 64
68 63 14
68 64 77
68 66 60
69 4 50
69 5 1
69 7 1
69 8 98
69 10 33
69 13 19
69 14 32
69 15 62
69 16 57
69 18 12
69 19 29
69 20 5
69 27 82
69 32 90
69 34 23
69 36 32
69 40 84
69 42 37
69 47 12
69 50 61
69 51 56
69 53 59
69 54 63
69 55 63
69 58 90
69 59 5
69 62 99
69 63 30
69 64 79
69 65 107
69 66 87
69 67 70
