400
0 1 11
1 2 24
2 3 5
3 4 22
5 6 3
6 7 1
8 9 1
9 10 12
10 11 9
11 12 33
12 13 13
13 14 7
14 15 27
15 16 6
16 17 15
17 18 16
18 19 9
20 21 4
2 22 13
21 22 19
3 23 32
22 23 22
4 24 14
23 24 20
5 25 8
6 26 39
25 26 4
26 27 14
8 28 23
27 28 18
9 29 16
28 29 40
10 30 33
29 30 5
31 32 39
13 33 39
32 33 35
33 34 6
15 35 30
34 35 24
35 36 11
17 37 30
36 37 18
18 38 2
19 39 40
38 39 25
20 40 24
21 41 11
22 42 38
41 42 25
23 43 6
24 44 2
43 44 13
44 45 32
26 46 29
46 47 26
28 48 24
48 49 22
31 51 12
50 51 40
32 52 4
33 53 3
52 53 32
34 54 8
53 54 25
54 55 17
36 56 12
55 56 35
37 57 26
56 57 31
38 58 2
57 58 16
39 59 27
58 59 20
41 61 17
60 61 10
42 62 21
43 63 17
62 63 17
44 64 2
63 64 40
45 65 19
46 66 38
65 66 31
47 67 20
66 67 35
48 68 33
67 68 29
49 69 22
69 70 16
51 71 23
70 71 29
52 72 21
71 72 2
53 73 29
72 73 32
54 74 24
75 76 27
57 77 17
77 78 17
59 79 20
78 79 34
60 80 39
61 81 32
80 81 38
62 82 18
81 82 9
63 83 10
64 84 38
83 84 19
65 85 21
66 86 40
85 86 4
86 87 10
68 88 38
87 88 24
69 89 26
70 90 16
89 90 19
71 91 36
90 91 21
72 92 29
91 92 40
73 93 10
92 93 19
74 94 14
93 94 13
75 95 34
94 95 26
76 96 35
95 96 5
77 97 4
96 97 27
97 98 11
79 99 1
98 99 9
80 100 13
81 101 28
100 101 16
82 102 31
101 102 34
83 103 18
102 103 40
103 104 28
104 105 25
86 106 17
105 106 27
106 107 12
107 108 37
89 109 18
108 109 20
90 110 2
109 110 18
91 111 35
110 111 28
92 112 9
93 113 32
112 113 32
94 114 11
113 114 9
95 115 5
114 115 31
96 116 34
97 117 35
116 117 6
98 118 3
117 118 38
99 119 7
118 119 15
100 120 21
101 121 37
120 121 16
102 122 11
122 123 33
123 124 18
105 125 23
124 125 25
125 126 9
107 127 35
126 127 28
108 128 8
127 128 28
128 129 30
110 130 37
111 131 37
130 131 34
112 132 40
132 133 3
114 134 9
133 134 15
115 135 24
134 135 34
116 136 13
135 136 16
117 137 10
136 137 31
119 139 22
138 139 39
120 140 22
121 141 11
140 141 14
122 142 11
141 142 20
142 143 7
124 144 4
125 145 18
144 145 40
126 146 2
145 146 34
127 147 29
146 147 22
128 148 7
129 149 40
148 149 37
130 150 23
131 151 25
150 151 38
132 152 4
134 154 30
153 154 24
135 155 15
156 157 20
138 158 35
157 158 25
140 160 38
141 161 37
160 161 30
142 162 5
161 162 18
143 163 36
144 164 12
163 164 35
145 165 13
164 165 32
146 166 22
165 166 33
147 167 40
166 167 30
167 168 36
168 169 22
150 170 21
169 170 9
151 171 38
152 172 36
171 172 7
153 173 13
172 173 22
154 174 23
155 175 18
174 175 4
156 176 19
157 177 1
176 177 39
158 178 36
177 178 30
159 179 33
178 179 5
160 180 38
161 181 17
180 181 7
181 182 21
163 183 38
182 183 31
164 184 5
183 184 29
165 185 16
184 185 13
166 186 1
185 186 38
167 187 14
186 187 40
168 188 40
187 188 6
188 189 10
189 190 39
171 191 23
190 191 17
172 192 29
191 192 30
192 193 1
174 194 28
193 194 32
194 195 34
176 196 28
195 196 30
178 198 11
197 198 19
179 199 1
198 199 14
180 200 7
181 201 12
200 201 4
182 202 22
201 202 7
183 203 31
202 203 15
184 204 38
203 204 16
185 205 39
204 205 11
187 207 35
206 207 33
188 208 33
207 208 4
189 209 34
208 209 31
209 210 11
191 211 3
211 212 39
193 213 6
212 213 2
213 214 14
195 215 5
214 215 20
196 216 19
215 216 8
216 217 20
198 218 21
217 218 38
199 219 19
218 219 13
200 220 8
201 221 28
220 221 28
202 222 34
221 222 9
203 223 23
204 224 4
223 224 26
205 225 10
207 227 9
227 228 22
209 229 11
228 229 15
210 230 7
229 230 12
230 231 6
212 232 36
213 233 32
214 234 31
233 234 16
215 235 7
216 236 2
235 236 17
217 237 25
237 238 2
219 239 38
220 240 10
221 241 36
240 241 13
222 242 20
223 243 24
224 244 7
243 244 40
225 245 19
244 245 11
245 246 3
227 247 15
246 247 36
228 248 19
248 249 2
230 250 17
231 251 15
250 251 11
232 252 31
251 252 25
233 253 33
253 254 35
235 255 7
254 255 26
236 256 1
255 256 28
237 257 7
256 257 25
238 258 8
257 258 9
239 259 6
258 259 40
240 260 22
241 261 29
242 262 18
261 262 12
243 263 7
262 263 8
263 264 37
245 265 17
264 265 5
246 266 32
265 266 20
247 267 32
266 267 34
248 268 22
267 268 24
249 269 9
268 269 35
250 270 20
269 270 4
251 271 39
252 272 4
253 273 20
272 273 20
254 274 3
255 275 9
274 275 13
275 276 27
276 277 5
258 278 21
259 279 38
278 279 40
260 280 13
261 281 34
280 281 6
262 282 32
281 282 33
263 283 22
283 284 27
265 285 31
284 285 23
285 286 26
267 287 28
268 288 22
269 289 19
289 290 15
271 291 31
290 291 33
272 292 17
291 292 14
273 293 38
292 293 40
274 294 9
293 294 16
275 295 13
294 295 13
295 296 30
296 297 11
278 298 25
297 298 16
279 299 23
298 299 26
280 300 16
281 301 29
300 301 29
282 302 35
283 303 26
284 304 32
303 304 39
285 305 30
304 305 27
286 306 35
305 306 1
287 307 24
306 307 15
307 308 32
289 309 19
308 309 14
290 310 10
309 310 21
291 311 29
310 311 1
292 312 17
311 312 23
293 313 14
312 313 7
294 314 31
313 314 5
314 315 22
296 316 6
297 317 1
316 317 34
298 318 34
317 318 12
299 319 4
318 319 24
300 320 19
301 321 18
320 321 22
302 322 20
303 323 23
304 324 7
323 324 29
305 325 35
306 326 23
325 326 6
307 327 30
326 327 4
308 328 19
327 328 13
309 329 2
328 329 2
310 330 17
329 330 10
311 331 1
330 331 10
312 332 4
331 332 25
313 333 33
332 333 4
314 334 16
333 334 27
315 335 10
316 336 4
335 336 31
317 337 17
318 338 23
337 338 34
319 339 10
338 339 24
320 340 30
321 341 19
340 341 6
322 342 16
341 342 20
323 343 28
342 343 17
324 344 13
343 344 23
344 345 27
345 346 31
327 347 35
346 347 17
328 348 7
347 348 22
329 349 40
348 349 4
330 350 27
349 350 28
331 351 14
350 351 22
332 352 29
351 352 30
333 353 20
352 353 5
353 354 30
336 356 25
355 356 31
337 357 34
356 357 1
338 358 12
357 358 39
339 359 33
358 359 27
340 360 25
341 361 30
360 361 4
342 362 21
361 362 15
343 363 7
362 363 23
344 364 17
363 364 8
345 365 36
364 365 26
346 366 18
365 366 11
347 367 2
366 367 10
348 368 37
367 368 37
349 369 2
350 370 8
351 371 7
370 371 14
352 372 19
371 372 22
353 373 4
372 373 29
354 374 4
373 374 4
355 375 9
374 375 29
356 376 21
375 376 21
357 377 25
376 377 10
358 378 17
377 378 16
378 379 20
360 380 17
361 381 23
362 382 19
381 382 28
363 383 29
382 383 34
364 384 33
383 384 6
365 385 1
384 385 9
366 386 12
385 386 29
386 387 13
368 388 39
387 388 23
369 389 27
388 389 34
370 390 4
389 390 21
371 391 3
390 391 7
372 392 31
391 392 22
373 393 33
392 393 39
374 394 4
394 395 31
376 396 4
395 396 40
377 397 19
396 397 6
378 398 1
397 398 11
