16
0 1 68
0 2 5
0 3 4
0 4 48
0 7 14
0 11 82
0 12 26
0 13 11
0 15 48
1 0 98
1 3 17
1 6 60
1 8 12
1 9 33
1 13 39
2 1 96
2 4 40
2 8 35
2 9 97
3 4 16
3 7 68
3 8 98
3 9 3
3 14 40
3 15 32
4 0 79
4 2 2
4 8 2
4 9 69
4 10 96
5 2 46
5 12 38
5 13 51
6 0 11
6 1 71
6 2 14
6 4 34
6 9 91
6 13 34
6 14 99
6 15 46
7 2 51
7 4 29
7 12 65
7 15 100
8 2 47
8 3 60
8 5 6
8 6 20
8 10 58
8 11 48
8 13 37
8 14 58
9 1 39
9 3 85
9 4 87
9 5 99
9 13 5
9 14 78
9 15 10
10 1 76
10 7 49
10 8 76
11 6 94
11 8 38
11 12 21
12 3 34
12 6 38
12 10 48
13 1 98
13 2 39
13 4 63
13 6 48
13 12 55
13 14 77
14 6 49
14 7 36
14 8 68
14 10 67
14 12 80
14 15 31
15 1 34
15 2 7
15 3 65
15 9 24
15 10 44
15 13 74
15 14 73
