50
0 1 3
0 2 5
0 3 5
0 4 2
0 5 4
0 6 2
0 7 4
0 8 1
0 9 2
0 10 2
0 11 5
0 12 1
0 13 5
0 14 5
0 15 2
0 16 4
0 17 5
0 18 2
0 19 5
0 20 3
0 21 1
0 22 2
0 23 5
0 24 2
0 25 4
0 26 1
0 27 4
0 28 2
0 29 2
0 30 2
0 31 5
0 32 3
0 33 4
0 34 4
0 35 1
0 36 5
0 37 2
0 38 4
0 39 2
0 40 4
0 41 5
0 42 5
0 43 4
0 44 2
0 45 4
0 46 5
0 47 3
0 48 5
0 49 2
1 2 5
1 3 2
1 4 5
1 5 3
1 6 4
1 7 4
1 8 2
1 9 2
1 10 3
1 11 1
1 12 4
1 13 4
1 14 2
1 15 2
1 16 3
1 17 5
1 18 4
1 19 1
1 20 5
1 21 1
1 22 2
1 23 2
1 24 2
1 25 2
1 26 4
1 27 3
1 28 2
1 29 1
1 30 4
1 31 4
1 32 1
1 33 5
1 34 1
1 35 3
1 36 1
1 37 5
1 38 1
1 39 3
1 40 3
1 41 1
1 42 5
1 43 2
1 44 5
1 45 1
1 46 3
1 47 2
1 48 2
1 49 5
2 3 3
2 4 3
2 5 2
2 6 5
2 7 4
2 8 3
2 9 2
2 10 3
2 11 4
2 12 4
2 13 4
2 14 3
2 15 1
2 16 4
2 17 2
2 18 1
2 19 3
2 20 3
2 21 1
2 22 5
2 23 1
2 24 5
2 25 5
2 26 4
2 27 5
2 28 3
2 29 4
2 30 1
2 31 2
2 32 2
2 33 2
2 34 3
2 35 1
2 36 4
2 37 2
2 38 2
2 39 1
2 40 1
2 41 2
2 42 1
2 43 5
2 44 4
2 45 2
2 46 2
2 47 5
2 48 5
2 49 4
3 4 3
3 5 2
3 6 5
3 7 1
3 8 1
3 9 1
3 10 1
3 11 5
3 12 5
3 13 5
3 14 3
3 15 5
3 16 4
3 17 2
3 18 4
3 19 5
3 20 3
3 21 5
3 22 5
3 23 3
3 24 2
3 25 5
3 26 1
3 27 1
3 28 5
3 29 5
3 30 5
3 31 4
3 32 5
3 33 3
3 34 5
3 35 5
3 36 4
3 37 2
3 38 5
3 39 3
3 40 1
3 41 2
3 42 2
3 43 2
3 44 3
3 45 2
3 46 5
3 47 4
3 48 4
3 49 3
4 5 4
4 6 5
4 7 1
4 8 5
4 9 5
4 10 3
4 11 3
4 12 1
4 13 5
4 14 4
4 15 2
4 16 3
4 17 3
4 18 4
4 19 3
4 20 3
4 21 1
4 22 4
4 23 2
4 24 2
4 25 3
4 26 3
4 27 2
4 28 1
4 29 4
4 30 4
4 31 3
4 32 2
4 33 1
4 34 3
4 35 5
4 36 1
4 37 3
4 38 5
4 39 4
4 40 4
4 41 1
4 42 5
4 43 2
4 44 3
4 45 1
4 46 3
4 47 3
4 48 2
4 49 5
5 6 4
5 7 3
5 8 2
5 9 4
5 10 3
5 11 2
5 12 3
5 13 3
5 14 4
5 15 5
5 16 3
5 17 2
5 18 2
5 19 3
5 20 2
5 21 3
5 22 1
5 23 4
5 24 4
5 25 4
5 26 4
5 27 2
5 28 3
5 29 3
5 30 1
5 31 2
5 32 5
5 33 3
5 34 1
5 35 5
5 36 4
5 37 2
5 38 3
5 39 4
5 40 2
5 41 2
5 42 5
5 43 1
5 44 2
5 45 1
5 46 3
5 47 1
5 48 3
5 49 5
6 7 3
6 8 4
6 9 5
6 10 5
6 11 3
6 12 1
6 13 4
6 14 3
6 15 5
6 16 2
6 17 2
6 18 1
6 19 1
6 20 2
6 21 3
6 22 2
6 23 1
6 24 1
6 25 2
6 26 2
6 27 1
6 28 1
6 29 3
6 30 4
6 31 4
6 32 3
6 33 5
6 34 4
6 35 2
6 36 1
6 37 5
6 38 5
6 39 2
6 40 1
6 41 1
6 42 5
6 43 3
6 44 4
6 45 4
6 46 1
6 47 5
6 48 3
6 49 4
7 8 3
7 9 5
7 10 4
7 11 2
7 12 5
7 13 1
7 14 2
7 15 2
7 16 1
7 17 5
7 18 5
7 19 1
7 20 4
7 21 2
7 22 4
7 23 2
7 24 4
7 25 3
7 26 3
7 27 5
7 28 3
7 29 1
7 30 3
7 31 2
7 32 1
7 33 4
7 34 1
7 35 5
7 36 5
7 37 5
7 38 2
7 39 4
7 40 1
7 41 4
7 42 2
7 43 5
7 44 2
7 45 3
7 46 5
7 47 5
7 48 3
7 49 3
8 9 5
8 10 2
8 11 1
8 12 3
8 13 3
8 14 1
8 15 5
8 16 2
8 17 2
8 18 3
8 19 1
8 20 3
8 21 2
8 22 1
8 23 4
8 24 1
8 25 4
8 26 1
8 27 5
8 28 2
8 29 2
8 30 3
8 31 3
8 32 2
8 33 5
8 34 5
8 35 3
8 36 4
8 37 4
8 38 4
8 39 1
8 40 4
8 41 3
8 42 4
8 43 5
8 44 2
8 45 4
8 46 3
8 47 3
8 48 1
8 49 4
9 10 3
9 11 4
9 12 1
9 13 1
9 14 4
9 15 2
9 16 1
9 17 4
9 18 3
9 19 2
9 20 1
9 21 1
9 22 3
9 23 1
9 24 4
9 25 2
9 26 4
9 27 3
9 28 1
9 29 4
9 30 1
9 31 3
9 32 2
9 33 3
9 34 1
9 35 2
9 36 2
9 37 3
9 38 4
9 39 2
9 40 4
9 41 4
9 42 4
9 43 1
9 44 3
9 45 3
9 46 5
9 47 4
9 48 3
9 49 3
10 11 5
10 12 4
10 13 5
10 14 1
10 15 4
10 16 5
10 17 4
10 18 2
10 19 1
10 20 4
10 21 1
10 22 1
10 23 1
10 24 1
10 25 4
10 26 1
10 27 5
10 28 4
10 29 5
10 30 3
10 31 4
10 32 2
10 33 2
10 34 2
10 35 1
10 36 2
10 37 5
10 38 5
10 39 1
10 40 2
10 41 1
10 42 3
10 43 1
10 44 4
10 45 2
10 46 3
10 47 3
10 48 4
10 49 1
11 12 5
11 13 3
11 14 1
11 15 3
11 16 4
11 17 3
11 18 5
11 19 3
11 20 4
11 21 2
11 22 1
11 23 5
11 24 3
11 25 3
11 26 1
11 27 2
11 28 2
11 29 5
11 30 5
11 31 5
11 32 1
11 33 2
11 34 3
11 35 4
11 36 2
11 37 4
11 38 3
11 39 3
11 40 1
11 41 4
11 42 1
11 43 1
11 44 3
11 45 1
11 46 1
11 47 5
11 48 2
11 49 4
12 13 1
12 14 4
12 15 1
12 16 4
12 17 4
12 18 1
12 19 3
12 20 5
12 21 4
12 22 3
12 23 5
12 24 4
12 25 5
12 26 3
12 27 5
12 28 5
12 29 3
12 30 3
12 31 4
12 32 1
12 33 1
12 34 5
12 35 5
12 36 3
12 37 2
12 38 3
12 39 5
12 40 5
12 41 1
12 42 4
12 43 2
12 44 4
12 45 2
12 46 3
12 47 4
12 48 3
12 49 4
13 14 5
13 15 3
13 16 1
13 17 2
13 18 5
13 19 5
13 20 1
13 21 5
13 22 4
13 23 4
13 24 5
13 25 4
13 26 1
13 27 3
13 28 3
13 29 5
13 30 5
13 31 5
13 32 2
13 33 4
13 34 1
13 35 1
13 36 4
13 37 4
13 38 1
13 39 2
13 40 5
13 41 4
13 42 3
13 43 5
13 44 2
13 45 4
13 46 5
13 47 4
13 48 2
13 49 1
14 15 1
14 16 3
14 17 5
14 18 3
14 19 5
14 20 2
14 21 4
14 22 2
14 23 1
14 24 2
14 25 4
14 26 5
14 27 5
14 28 5
14 29 1
14 30 4
14 31 3
14 32 4
14 33 3
14 34 3
14 35 2
14 36 1
14 37 4
14 38 4
14 39 3
14 40 3
14 41 4
14 42 5
14 43 2
14 44 3
14 45 1
14 46 3
14 47 2
14 48 2
14 49 1
15 16 3
15 17 1
15 18 2
15 19 3
15 20 1
15 21 4
15 22 5
15 23 4
15 24 2
15 25 1
15 26 2
15 27 2
15 28 2
15 29 1
15 30 3
15 31 4
15 32 3
15 33 2
15 34 2
15 35 4
15 36 5
15 37 1
15 38 1
15 39 3
15 40 2
15 41 2
15 42 4
15 43 4
15 44 5
15 45 3
15 46 2
15 47 2
15 48 3
15 49 2
16 17 1
16 18 1
16 19 5
16 20 5
16 21 1
16 22 3
16 23 1
16 24 1
16 25 4
16 26 4
16 27 1
16 28 2
16 29 4
16 30 4
16 31 1
16 32 2
16 33 1
16 34 5
16 35 4
16 36 2
16 37 2
16 38 3
16 39 1
16 40 3
16 41 4
16 42 4
16 43 2
16 44 1
16 45 1
16 46 4
16 47 5
16 48 1
16 49 4
17 18 5
17 19 1
17 20 5
17 21 5
17 22 1
17 23 1
17 24 5
17 25 3
17 26 5
17 27 4
17 28 4
17 29 5
17 30 4
17 31 3
17 32 3
17 33 5
17 34 2
17 35 2
17 36 3
17 37 3
17 38 1
17 39 3
17 40 5
17 41 3
17 42 3
17 43 5
17 44 5
17 45 2
17 46 2
17 47 3
17 48 4
17 49 1
18 19 1
18 20 1
18 21 5
18 22 3
18 23 3
18 24 3
18 25 2
18 26 2
18 27 1
18 28 2
18 29 3
18 30 5
18 31 5
18 32 1
18 33 5
18 34 4
18 35 2
18 36 3
18 37 3
18 38 4
18 39 5
18 40 2
18 41 4
18 42 5
18 43 5
18 44 2
18 45 2
18 46 1
18 47 3
18 48 3
18 49 1
19 20 5
19 21 3
19 22 2
19 23 2
19 24 1
19 25 2
19 26 5
19 27 4
19 28 3
19 29 1
19 30 3
19 31 3
19 32 4
19 33 5
19 34 4
19 35 4
19 36 1
19 37 3
19 38 1
19 39 1
19 40 5
19 41 4
19 42 5
19 43 5
19 44 4
19 45 4
19 46 2
19 47 5
19 48 1
19 49 3
20 21 5
20 22 3
20 23 3
20 24 4
20 25 1
20 26 3
20 27 3
20 28 2
20 29 3
20 30 3
20 31 2
20 32 4
20 33 3
20 34 5
20 35 4
20 36 4
20 37 4
20 38 5
20 39 5
20 40 4
20 41 5
20 42 5
20 43 4
20 44 4
20 45 4
20 46 5
20 47 2
20 48 1
20 49 1
21 22 5
21 23 3
21 24 4
21 25 5
21 26 1
21 27 5
21 28 3
21 29 1
21 30 2
21 31 4
21 32 5
21 33 5
21 34 1
21 35 2
21 36 1
21 37 4
21 38 3
21 39 1
21 40 2
21 41 4
21 42 1
21 43 1
21 44 4
21 45 3
21 46 5
21 47 4
21 48 5
21 49 4
22 23 1
22 24 1
22 25 5
22 26 2
22 27 5
22 28 1
22 29 2
22 30 3
22 31 5
22 32 5
22 33 1
22 34 4
22 35 4
22 36 1
22 37 2
22 38 5
22 39 4
22 40 3
22 41 3
22 42 4
22 43 5
22 44 4
22 45 3
22 46 5
22 47 3
22 48 5
22 49 3
23 24 3
23 25 5
23 26 5
23 27 1
23 28 4
23 29 4
23 30 2
23 31 4
23 32 1
23 33 4
23 34 3
23 35 2
23 36 5
23 37 3
23 38 2
23 39 5
23 40 4
23 41 5
23 42 2
23 43 4
23 44 5
23 45 1
23 46 2
23 47 5
23 48 1
23 49 3
24 25 3
24 26 3
24 27 1
24 28 1
24 29 2
24 30 3
24 31 3
24 32 5
24 33 2
24 34 3
24 35 4
24 36 4
24 37 4
24 38 5
24 39 5
24 40 5
24 41 4
24 42 4
24 43 4
24 44 4
24 45 2
24 46 3
24 47 5
24 48 1
24 49 5
25 26 4
25 27 4
25 28 4
25 29 1
25 30 1
25 31 3
25 32 2
25 33 5
25 34 2
25 35 4
25 36 2
25 37 3
25 38 5
25 39 3
25 40 2
25 41 1
25 42 3
25 43 3
25 44 3
25 45 1
25 46 2
25 47 4
25 48 3
25 49 5
26 27 1
26 28 5
26 29 4
26 30 5
26 31 3
26 32 2
26 33 2
26 34 1
26 35 5
26 36 1
26 37 4
26 38 2
26 39 5
26 40 4
26 41 5
26 42 5
26 43 1
26 44 5
26 45 2
26 46 4
26 47 3
26 48 3
26 49 1
27 28 2
27 29 5
27 30 3
27 31 4
27 32 2
27 33 2
27 34 4
27 35 1
27 36 1
27 37 5
27 38 5
27 39 2
27 40 3
27 41 2
27 42 4
27 43 2
27 44 4
27 45 4
27 46 4
27 47 4
27 48 3
27 49 4
28 29 2
28 30 4
28 31 2
28 32 5
28 33 2
28 34 1
28 35 5
28 36 2
28 37 1
28 38 5
28 39 2
28 40 1
28 41 5
28 42 4
28 43 2
28 44 2
28 45 1
28 46 5
28 47 5
28 48 5
28 49 3
29 30 1
29 31 1
29 32 2
29 33 1
29 34 5
29 35 1
29 36 2
29 37 1
29 38 5
29 39 3
29 40 5
29 41 3
29 42 1
29 43 5
29 44 4
29 45 5
29 46 5
29 47 2
29 48 4
29 49 1
30 31 4
30 32 3
30 33 1
30 34 1
30 35 2
30 36 3
30 37 3
30 38 5
30 39 2
30 40 2
30 41 5
30 42 4
30 43 4
30 44 2
30 45 5
30 46 4
30 47 3
30 48 4
30 49 4
31 32 4
31 33 4
31 34 2
31 35 5
31 36 2
31 37 2
31 38 4
31 39 4
31 40 2
31 41 1
31 42 3
31 43 4
31 44 5
31 45 3
31 46 1
31 47 1
31 48 2
31 49 5
32 33 3
32 34 5
32 35 1
32 36 4
32 37 3
32 38 1
32 39 3
32 40 2
32 41 5
32 42 1
32 43 1
32 44 4
32 45 4
32 46 4
32 47 5
32 48 1
32 49 5
33 34 4
33 35 4
33 36 5
33 37 2
33 38 3
33 39 1
33 40 5
33 41 2
33 42 5
33 43 5
33 44 3
33 45 5
33 46 1
33 47 4
33 48 5
33 49 1
34 35 1
34 36 3
34 37 3
34 38 3
34 39 1
34 40 1
34 41 1
34 42 5
34 43 5
34 44 2
34 45 4
34 46 4
34 47 4
34 48 4
34 49 4
35 36 5
35 37 3
35 38 2
35 39 3
35 40 1
35 41 1
35 42 4
35 43 1
35 44 3
35 45 1
35 46 4
35 47 1
35 48 1
35 49 2
36 37 1
36 38 4
36 39 5
36 40 1
36 41 2
36 42 4
36 43 1
36 44 2
36 45 2
36 46 1
36 47 5
36 48 2
36 49 1
37 38 4
37 39 2
37 40 4
37 41 5
37 42 5
37 43 5
37 44 1
37 45 3
37 46 3
37 47 3
37 48 2
37 49 4
38 39 4
38 40 4
38 41 2
38 42 3
38 43 3
38 44 4
38 45 1
38 46 5
38 47 5
38 48 2
38 49 1
39 40 5
39 41 1
39 42 5
39 43 2
39 44 4
39 45 2
39 46 5
39 47 1
39 48 1
39 49 1
40 41 2
40 42 1
40 43 1
40 44 5
40 45 2
40 46 4
40 47 3
40 48 1
40 49 4
41 42 5
41 43 5
41 44 3
41 45 4
41 46 4
41 47 4
41 48 4
41 49 1
42 43 4
42 44 4
42 45 4
42 46 3
42 47 3
42 48 3
42 49 5
43 44 5
43 45 2
43 46 5
43 47 1
43 48 4
43 49 5
44 45 5
44 46 4
44 47 2
44 48 5
44 49 2
45 46 4
45 47 2
45 48 1
45 49 4
46 47 5
46 48 4
46 49 4
47 48 2
47 49 2
48 49 1
