25
0 1 5
0 2 3
0 3 2
0 4 4
0 5 3
0 6 2
0 7 4
0 8 3
0 9 3
0 10 3
0 11 5
0 12 3
0 13 4
0 14 2
0 15 1
0 16 2
0 17 3
0 18 3
0 19 4
0 20 1
0 21 3
0 22 5
0 23 1
0 24 2
1 2 3
1 3 4
1 4 5
1 5 2
1 6 5
1 7 1
1 8 1
1 9 1
1 10 2
1 11 4
1 12 4
1 13 2
1 14 4
1 15 4
1 16 5
1 17 1
1 18 4
1 19 2
1 20 4
1 21 5
1 22 1
1 23 3
1 24 1
2 3 1
2 4 2
2 5 1
2 6 4
2 7 1
2 8 1
2 9 2
2 10 3
2 11 1
2 12 2
2 13 5
2 14 2
2 15 1
2 16 2
2 17 5
2 18 4
2 19 2
2 20 3
2 21 3
2 22 3
2 23 2
2 24 1
3 4 2
3 5 1
3 6 3
3 7 1
3 8 1
3 9 2
3 10 3
3 11 1
3 12 1
3 13 5
3 14 3
3 15 3
3 16 4
3 17 2
3 18 3
3 19 5
3 20 1
3 21 3
3 22 2
3 23 5
3 24 4
4 5 4
4 6 2
4 7 2
4 8 3
4 9 5
4 10 2
4 11 2
4 12 3
4 13 5
4 14 1
4 15 1
4 16 2
4 17 1
4 18 4
4 19 5
4 20 2
4 21 5
4 22 3
4 23 3
4 24 1
5 6 4
5 7 4
5 8 2
5 9 4
5 10 3
5 11 5
5 12 2
5 13 2
5 14 2
5 15 1
5 16 4
5 17 1
5 18 2
5 19 1
5 20 1
5 21 4
5 22 2
5 23 3
5 24 3
6 7 5
6 8 2
6 9 3
6 10 1
6 11 3
6 12 3
6 13 1
6 14 1
6 15 5
6 16 3
6 17 4
6 18 3
6 19 2
6 20 2
6 21 1
6 22 3
6 23 4
6 24 5
7 8 5
7 9 5
7 10 1
7 11 3
7 12 2
7 13 1
7 14 4
7 15 3
7 16 1
7 17 4
7 18 2
7 19 4
7 20 4
7 21 1
7 22 2
7 23 5
7 24 5
8 9 5
8 10 2
8 11 4
8 12 3
8 13 2
8 14 2
8 15 5
8 16 4
8 17 5
8 18 5
8 19 3
8 20 2
8 21 2
8 22 2
8 23 4
8 24 3
9 10 5
9 11 1
9 12 2
9 13 2
9 14 1
9 15 3
9 16 5
9 17 1
9 18 2
9 19 1
9 20 3
9 21 1
9 22 2
9 23 2
9 24 1
10 11 4
10 12 2
10 13 3
10 14 1
10 15 3
10 16 3
10 17 5
10 18 5
10 19 3
10 20 3
10 21 1
10 22 2
10 23 4
10 24 4
11 12 5
11 13 3
11 14 1
11 15 2
11 16 2
11 17 2
11 18 5
11 19 3
11 20 2
11 21 1
11 22 5
11 23 2
11 24 1
12 13 2
12 14 1
12 15 5
12 16 4
12 17 3
12 18 3
12 19 5
12 20 1
12 21 4
12 22 5
12 23 4
12 24 1
13 14 3
13 15 1
13 16 5
13 17 4
13 18 3
13 19 3
13 20 3
13 21 1
13 22 1
13 23 2
13 24 3
14 15 3
14 16 4
14 17 5
14 18 2
14 19 4
14 20 2
14 21 3
14 22 3
14 23 1
14 24 2
15 16 2
15 17 4
15 18 3
15 19 3
15 20 1
15 21 3
15 22 2
15 23 2
15 24 5
16 17 3
16 18 5
16 19 3
16 20 4
16 21 3
16 22 1
16 23 2
16 24 5
17 18 5
17 19 1
17 20 1
17 21 4
17 22 4
17 23 3
17 24 1
18 19 1
18 20 5
18 21 5
18 22 3
18 23 5
18 24 5
19 20 5
19 21 2
19 22 1
19 23 5
19 24 2
20 21 4
20 22 1
20 23 5
20 24 1
21 22 2
21 23 3
21 24 4
22 23 1
22 24 5
23 24 2
