25
0 1 4
0 2 5
0 3 5
0 4 4
0 5 5
0 6 5
0 7 3
0 8 4
0 9 2
0 10 2
0 11 2
0 12 2
0 13 3
0 14 4
0 15 5
0 16 3
0 17 2
0 18 3
0 19 2
0 20 1
0 21 4
0 22 1
0 23 2
0 24 4
1 2 5
1 3 4
1 4 3
1 5 5
1 6 3
1 7 4
1 8 1
1 9 4
1 10 5
1 11 3
1 12 4
1 13 1
1 14 5
1 15 3
1 16 2
1 17 1
1 18 3
1 19 4
1 20 4
1 21 5
1 22 2
1 23 3
1 24 4
2 3 2
2 4 3
2 5 5
2 6 1
2 7 3
2 8 2
2 9 3
2 10 4
2 11 1
2 12 2
2 13 5
2 14 5
2 15 3
2 16 4
2 17 3
2 18 1
2 19 1
2 20 1
2 21 2
2 22 2
2 23 4
2 24 4
3 4 4
3 5 2
3 6 4
3 7 3
3 8 4
3 9 5
3 10 5
3 11 1
3 12 1
3 13 2
3 14 1
3 15 3
3 16 5
3 17 1
3 18 3
3 19 2
3 20 3
3 21 4
3 22 3
3 23 2
3 24 4
4 5 4
4 6 3
4 7 5
4 8 2
4 9 5
4 10 2
4 11 2
4 12 4
4 13 2
4 14 2
4 15 4
4 16 5
4 17 3
4 18 2
4 19 5
4 20 2
4 21 5
4 22 1
4 23 2
4 24 1
5 6 2
5 7 4
5 8 1
5 9 2
5 10 3
5 11 4
5 12 1
5 13 2
5 14 2
5 15 5
5 16 2
5 17 4
5 18 4
5 19 2
5 20 3
5 21 3
5 22 1
5 23 1
5 24 3
6 7 4
6 8 3
6 9 5
6 10 1
6 11 4
6 12 5
6 13 3
6 14 3
6 15 3
6 16 1
6 17 1
6 18 2
6 19 5
6 20 1
6 21 4
6 22 1
6 23 3
6 24 3
7 8 5
7 9 4
7 10 1
7 11 4
7 12 4
7 13 4
7 14 5
7 15 4
7 16 1
7 17 1
7 18 1
7 19 2
7 20 3
7 21 5
7 22 2
7 23 5
7 24 4
8 9 4
8 10 1
8 11 1
8 12 3
8 13 5
8 14 5
8 15 4
8 16 5
8 17 1
8 18 5
8 19 2
8 20 2
8 21 5
8 22 4
8 23 4
8 24 1
9 10 3
9 11 3
9 12 3
9 13 3
9 14 4
9 15 1
9 16 3
9 17 4
9 18 2
9 19 5
9 20 2
9 21 3
9 22 1
9 23 4
9 24 3
10 11 2
10 12 1
10 13 1
10 14 2
10 15 1
10 16 5
10 17 4
10 18 2
10 19 3
10 20 2
10 21 4
10 22 2
10 23 2
10 24 1
11 12 5
11 13 5
11 14 2
11 15 5
11 16 5
11 17 2
11 18 3
11 19 5
11 20 1
11 21 5
11 22 5
11 23 4
11 24 3
12 13 2
12 14 1
12 15 5
12 16 1
12 17 5
12 18 1
12 19 2
12 20 2
12 21 2
12 22 2
12 23 1
12 24 5
13 14 4
13 15 1
13 16 4
13 17 4
13 18 2
13 19 2
13 20 3
13 21 5
13 22 3
13 23 4
13 24 5
14 15 1
14 16 1
14 17 3
14 18 1
14 19 3
14 20 4
14 21 1
14 22 3
14 23 2
14 24 2
15 16 4
15 17 3
15 18 5
15 19 3
15 20 3
15 21 4
15 22 5
15 23 5
15 24 2
16 17 1
16 18 4
16 19 1
16 20 5
16 21 2
16 22 5
16 23 3
16 24 3
17 18 4
17 19 4
17 20 1
17 21 5
17 22 4
17 23 1
17 24 3
18 19 5
18 20 4
18 21 4
18 22 4
18 23 3
18 24 4
19 20 1
19 21 4
19 22 5
19 23 4
19 24 5
20 21 2
20 22 4
20 23 5
20 24 5
21 22 4
21 23 4
21 24 5
22 23 3
22 24 1
23 24 1
