64
0 1 10
0 7 6
0 15 4
0 24 6
0 26 16
0 33 12
0 36 15
0 41 18
0 46 13
0 48 19
0 55 18
0 62 10
1 0 4
1 19 9
1 21 7
1 32 15
1 34 6
1 43 20
1 47 8
1 48 12
1 49 15
1 59 8
2 3 3
2 7 14
2 28 16
2 36 1
2 45 10
2 46 5
2 48 5
2 62 4
3 0 3
3 5 17
3 10 17
3 12 11
3 14 11
3 17 1
3 18 10
3 27 15
3 29 18
3 38 1
3 42 3
3 45 1
3 61 19
3 62 7
3 63 13
4 10 18
4 21 12
4 24 17
4 31 3
4 32 14
4 34 19
4 35 3
4 38 18
4 47 17
4 54 2
4 55 11
4 62 3
5 1 3
5 10 6
5 14 19
5 15 1
5 20 13
5 21 1
5 32 11
5 34 15
5 52 17
5 53 8
5 54 2
6 5 2
6 9 3
6 15 17
6 19 12
6 22 12
6 24 3
6 25 20
6 32 12
6 43 7
6 62 5
7 11 20
7 12 15
7 21 1
7 30 13
7 33 19
7 38 1
7 43 8
7 47 8
7 49 17
7 54 16
7 61 10
8 9 10
8 22 19
8 25 10
8 28 16
8 29 19
8 45 3
8 54 16
8 56 11
9 2 4
9 3 19
9 7 8
9 8 14
9 12 6
9 19 2
9 20 4
9 28 15
9 30 14
9 31 12
9 40 18
9 44 14
9 48 17
9 49 12
9 51 15
10 2 9
10 22 16
10 24 12
10 32 13
10 53 12
10 54 20
10 61 18
10 63 12
11 0 9
11 2 12
11 8 12
11 14 18
11 18 13
11 26 4
11 47 10
11 51 20
11 53 2
11 59 14
12 5 4
12 6 13
12 9 4
12 14 7
12 26 2
12 29 12
12 33 17
12 34 20
12 37 8
12 42 2
12 49 9
12 53 1
12 56 14
12 60 11
13 4 19
13 8 4
13 11 7
13 26 16
13 33 4
13 34 3
13 38 8
13 47 20
13 53 17
14 0 12
14 1 8
14 6 5
14 8 18
14 23 10
14 28 16
14 30 15
14 45 5
14 56 11
14 61 15
15 1 6
15 3 12
15 4 20
15 7 1
15 11 6
15 19 1
15 25 2
15 33 18
15 35 13
15 37 13
15 38 2
15 40 15
15 41 5
15 46 16
15 55 2
16 2 6
16 13 4
16 17 7
16 18 13
16 20 9
16 25 16
16 27 8
16 34 11
16 36 6
16 38 3
16 42 17
16 45 15
16 48 2
16 49 4
16 53 16
16 55 6
16 56 13
16 58 20
16 61 3
17 13 5
17 18 6
17 21 19
17 23 19
17 26 19
17 29 7
17 43 12
17 55 13
17 57 7
18 4 18
18 13 15
18 15 1
18 19 5
18 21 11
18 48 13
18 57 20
18 60 3
18 61 16
18 63 1
19 1 15
19 5 9
19 6 2
19 7 7
19 12 18
19 26 20
19 37 15
19 39 3
19 40 7
19 43 11
19 45 4
19 49 6
19 51 19
19 54 2
19 55 12
20 3 9
20 4 15
20 9 5
20 18 9
20 24 20
20 25 12
20 26 13
20 27 16
20 28 9
20 29 16
20 37 15
20 39 14
20 43 14
20 49 13
20 51 15
20 52 16
20 54 2
20 55 3
20 56 20
20 57 14
20 61 15
20 63 18
21 0 7
21 9 1
21 10 7
21 16 2
21 24 18
21 26 4
21 33 3
21 36 14
21 39 16
21 49 9
21 54 15
21 56 15
21 58 1
22 1 1
22 7 1
22 11 7
22 12 5
22 15 7
22 19 15
22 27 7
22 28 4
22 32 20
22 37 6
22 41 9
22 44 4
22 52 2
22 53 8
22 54 4
22 59 7
22 63 2
23 0 3
23 2 7
23 8 4
23 13 17
23 15 12
23 17 2
23 25 15
23 33 8
23 39 4
23 45 2
23 46 14
23 47 8
23 57 12
23 59 19
23 60 3
24 6 2
24 11 16
24 32 20
24 33 17
24 40 19
24 41 14
24 42 1
24 51 10
24 57 1
25 0 10
25 4 5
25 5 4
25 6 3
25 8 13
25 13 11
25 26 8
25 27 9
25 36 6
25 39 20
25 43 18
25 45 3
25 47 7
25 49 13
25 51 18
25 55 18
25 60 11
25 63 12
26 0 18
26 4 13
26 9 11
26 13 19
26 14 7
26 15 18
26 20 16
26 23 11
26 25 17
26 33 20
26 34 14
26 40 9
26 42 16
26 47 20
26 55 6
26 56 1
26 58 7
26 59 19
27 5 5
27 9 3
27 13 16
27 14 7
27 16 18
27 19 18
27 22 2
27 32 6
27 33 20
27 35 8
27 37 9
27 45 18
27 46 9
27 58 5
28 1 9
28 9 4
28 21 12
28 27 4
28 34 2
28 35 16
28 41 17
28 43 6
28 50 1
28 54 18
29 9 12
29 14 9
29 20 4
29 26 13
29 30 7
29 49 20
29 57 7
30 1 2
30 10 15
30 11 15
30 12 19
30 13 9
30 15 13
30 17 8
30 19 4
30 20 15
30 22 18
30 24 1
30 25 2
30 28 5
30 40 8
30 46 5
30 47 13
30 48 3
30 53 10
31 0 1
31 3 11
31 7 12
31 8 3
31 9 8
31 12 20
31 16 4
31 19 13
31 24 9
31 29 11
31 30 11
31 37 15
31 39 6
31 40 12
31 46 9
31 48 18
31 55 1
31 56 8
31 58 19
31 59 7
32 0 11
32 4 11
32 6 20
32 15 3
32 20 7
32 21 15
32 24 1
32 28 2
32 42 1
32 47 14
32 48 18
32 58 18
32 59 4
33 1 10
33 3 6
33 5 3
33 6 12
33 10 4
33 18 2
33 20 6
33 21 17
33 34 1
33 52 12
33 54 9
33 62 11
34 3 7
34 4 19
34 7 5
34 8 5
34 11 14
34 19 19
34 20 7
34 21 11
34 22 19
34 28 11
34 29 15
34 30 1
34 31 13
34 38 12
34 39 20
34 40 20
34 41 5
34 52 13
34 54 1
34 57 2
35 3 14
35 7 20
35 8 12
35 38 14
35 40 3
35 43 9
35 44 1
35 51 19
35 52 10
35 57 12
35 63 12
36 5 15
36 6 10
36 15 3
36 23 10
36 27 7
36 30 15
36 31 10
36 39 10
36 43 10
36 49 16
36 51 3
36 53 16
37 0 17
37 1 1
37 2 20
37 3 7
37 6 7
37 9 14
37 11 10
37 13 12
37 21 11
37 25 2
37 46 13
38 2 17
38 10 12
38 11 17
38 19 10
38 22 9
38 23 19
38 31 13
38 36 19
38 44 8
38 46 15
38 49 14
38 53 1
38 62 4
39 2 7
39 16 15
39 25 18
39 29 14
39 31 8
39 42 5
39 45 15
39 53 17
39 63 4
40 0 19
40 1 14
40 16 16
40 19 12
40 23 18
40 30 3
40 35 19
40 47 12
40 53 2
40 54 17
40 56 6
40 57 4
40 60 7
40 61 1
41 8 10
41 22 13
41 23 16
41 30 4
41 34 6
41 44 4
41 52 19
41 55 12
42 0 14
42 1 13
42 4 7
42 7 1
42 15 4
42 18 6
42 20 19
42 23 16
42 25 1
42 27 9
42 29 19
42 30 2
42 33 5
42 44 4
42 54 4
42 55 18
42 58 13
43 6 19
43 7 2
43 12 10
43 14 4
43 15 14
43 22 20
43 25 1
43 27 5
43 30 2
43 33 2
43 36 14
43 39 6
43 42 4
43 44 4
43 51 5
43 56 17
43 57 3
43 60 15
43 63 10
44 9 10
44 12 3
44 15 12
44 16 14
44 47 6
44 58 1
45 6 19
45 8 9
45 9 14
45 24 3
45 26 20
45 27 15
45 31 5
45 41 14
45 44 18
45 46 10
45 47 7
45 49 13
46 1 1
46 2 7
46 9 1
46 21 14
46 22 16
46 27 7
46 33 11
46 35 2
46 38 19
46 47 9
46 54 2
46 55 15
46 58 9
46 62 13
46 63 11
47 0 10
47 6 16
47 18 20
47 24 19
47 25 12
47 27 19
47 28 19
47 35 12
47 37 20
47 41 9
47 49 7
47 53 5
47 58 8
48 6 20
48 14 13
48 22 3
48 23 10
48 28 8
48 39 13
48 42 20
48 44 18
48 52 17
49 0 20
49 6 4
49 9 20
49 10 12
49 12 12
49 18 5
49 26 16
49 34 6
49 39 6
49 60 18
50 12 4
50 14 12
50 17 10
50 19 2
50 21 16
50 23 19
50 28 16
50 33 10
50 37 3
50 43 2
50 44 11
50 46 12
50 48 2
50 49 14
50 53 9
50 54 8
51 1 11
51 4 8
51 8 3
51 23 9
51 25 19
51 29 9
51 34 16
51 38 9
51 40 13
51 46 3
51 48 6
51 50 18
51 55 18
51 57 11
51 59 17
52 3 12
52 7 13
52 9 20
52 11 1
52 17 5
52 20 14
52 22 5
52 24 2
52 25 3
52 29 20
52 32 16
52 33 7
52 46 1
52 49 4
53 1 10
53 2 15
53 10 13
53 21 4
53 22 12
53 23 10
53 26 13
53 35 11
53 40 19
53 42 20
53 45 15
53 47 15
53 62 9
54 0 20
54 5 9
54 12 1
54 18 1
54 22 12
54 25 3
54 51 17
54 59 15
55 8 10
55 10 4
55 11 6
55 20 5
55 28 1
55 30 1
55 37 14
55 47 18
55 51 16
55 57 10
56 5 15
56 9 4
56 17 2
56 26 19
56 28 3
56 34 5
56 35 10
56 40 5
56 43 19
56 53 20
56 54 12
57 2 1
57 19 19
57 26 6
57 28 18
57 30 2
57 31 3
57 42 6
57 47 8
57 60 16
58 0 6
58 2 5
58 9 7
58 11 1
58 12 14
58 25 2
58 26 15
58 32 6
58 42 14
58 45 3
58 46 17
58 50 11
58 55 6
58 59 20
59 5 20
59 7 8
59 11 12
59 12 7
59 17 13
59 18 20
59 20 10
59 22 16
59 27 11
59 29 15
59 46 1
59 47 20
59 50 11
59 55 1
59 61 13
60 3 13
60 6 4
60 7 16
60 9 6
60 11 6
60 13 5
60 14 15
60 17 18
60 18 11
60 30 5
60 32 7
60 36 7
60 37 5
60 54 20
60 57 7
60 61 11
61 1 4
61 4 14
61 5 5
61 6 5
61 7 13
61 16 8
61 27 9
61 40 6
61 41 20
61 49 14
61 51 9
61 55 19
61 60 17
61 62 15
62 2 11
62 21 15
62 26 2
62 32 18
62 46 4
62 51 1
62 55 19
63 2 15
63 4 19
63 12 19
63 13 4
63 14 1
63 17 17
63 22 18
63 28 10
63 35 15
63 36 14
63 42 14
63 45 16
63 46 19
63 50 2
63 51 16
63 52 16
63 53 15
63 54 2
63 59 10
63 61 10
