32
0 3 9
0 4 17
0 5 12
0 8 18
0 17 4
0 25 5
0 26 11
0 29 19
1 0 9
1 5 6
1 8 2
1 12 3
1 13 10
1 27 14
1 29 4
1 30 9
1 31 11
2 3 6
2 9 12
2 13 10
2 14 7
2 22 17
2 24 12
2 28 11
2 31 4
3 23 1
3 27 13
3 28 17
4 0 17
4 3 4
4 11 4
4 19 1
4 22 17
5 4 1
5 11 15
5 14 17
5 17 13
5 23 3
5 25 1
6 0 7
6 5 19
6 11 1
6 12 19
6 13 6
6 15 20
6 19 10
6 25 15
6 26 1
7 9 5
7 12 10
7 17 5
7 18 4
7 19 17
7 22 3
7 26 17
7 30 11
8 3 8
8 4 15
8 6 11
8 9 1
8 14 18
8 15 15
8 21 7
8 22 8
8 24 14
8 26 7
8 28 8
9 6 6
9 11 10
9 12 15
9 17 5
9 20 20
9 24 7
9 25 10
9 30 13
10 6 19
10 16 20
10 25 1
10 29 20
11 3 7
11 10 17
11 16 9
11 23 12
11 27 18
11 29 13
11 30 9
12 2 2
12 4 6
12 9 20
12 13 14
12 15 13
12 16 20
12 20 20
12 22 4
12 24 3
12 29 1
13 0 18
13 3 1
13 9 4
13 22 3
13 28 13
13 30 10
14 1 15
14 18 1
14 19 15
15 1 6
15 12 16
15 17 4
15 23 19
15 24 10
15 27 9
16 2 15
16 5 19
16 22 5
16 25 20
17 2 15
17 7 5
17 10 16
17 12 11
17 16 6
17 18 15
17 24 9
17 27 2
17 28 12
17 31 8
18 2 7
18 6 18
18 7 10
19 14 10
19 20 2
19 25 18
19 28 2
20 5 4
20 11 11
20 13 14
20 19 3
20 21 13
20 26 5
20 27 7
21 2 5
21 4 15
21 6 3
21 7 6
21 11 7
21 15 5
21 23 9
21 24 20
21 25 2
22 0 2
22 1 16
22 7 6
22 18 6
22 30 2
23 2 11
23 3 15
23 4 6
23 8 16
23 16 11
23 19 17
23 20 18
23 28 17
23 31 11
24 2 19
24 4 6
24 6 17
24 7 11
25 0 2
25 5 14
25 7 10
25 8 17
25 13 16
25 16 3
25 23 8
25 26 3
26 0 15
26 3 10
26 5 6
26 6 7
26 21 16
26 22 19
26 28 14
26 31 17
27 3 9
27 5 6
27 9 1
27 14 7
27 17 20
27 23 14
27 29 7
27 30 10
27 31 3
28 1 4
28 3 19
28 17 5
28 27 8
29 9 11
29 15 9
29 20 8
29 25 6
30 1 4
30 10 18
30 11 10
30 16 4
30 19 16
30 21 3
31 5 12
31 14 12
31 20 9
31 24 2
31 25 3
