128
0 3 17
0 29 7
0 35 11
0 44 20
0 45 14
0 55 19
0 56 10
0 63 20
0 73 9
0 81 9
0 85 2
0 98 8
0 99 7
0 106 7
0 113 7
1 6 17
1 19 13
1 33 4
1 34 13
1 35 1
1 41 15
1 42 19
1 52 15
1 55 11
1 56 16
1 57 13
1 65 7
1 66 18
1 73 16
1 76 14
1 80 15
1 83 20
1 87 12
1 89 14
1 95 17
1 99 20
1 100 19
1 102 3
1 115 6
1 119 18
1 122 16
1 124 14
2 4 3
2 6 10
2 18 1
2 21 10
2 23 20
2 25 17
2 33 15
2 37 20
2 38 12
2 49 3
2 55 20
2 56 19
2 66 12
2 67 20
2 73 20
2 76 15
2 77 5
2 79 1
2 83 14
2 85 2
2 87 7
2 89 14
2 90 10
2 91 1
2 95 18
2 101 11
2 109 13
2 117 12
2 120 15
3 0 6
3 5 15
3 16 5
3 22 5
3 23 6
3 25 6
3 27 9
3 31 15
3 32 1
3 35 3
3 47 13
3 50 17
3 60 20
3 62 14
3 69 3
3 80 8
3 86 11
3 89 5
3 91 3
3 99 5
3 100 15
3 103 19
3 105 8
3 106 13
3 113 2
3 114 3
3 122 16
3 123 9
3 127 17
4 1 8
4 6 13
4 18 20
4 28 9
4 36 17
4 37 6
4 40 15
4 44 8
4 46 1
4 50 1
4 52 1
4 67 12
4 73 12
4 101 14
4 102 6
4 105 12
4 107 20
4 113 10
4 114 5
5 0 6
5 8 16
5 10 6
5 18 10
5 23 6
5 25 6
5 33 1
5 38 10
5 39 3
5 40 9
5 41 19
5 44 18
5 45 9
5 46 18
5 47 15
5 50 12
5 54 1
5 61 10
5 63 17
5 64 20
5 66 17
5 67 6
5 68 20
5 87 7
5 91 14
5 92 9
5 98 15
5 104 19
5 105 17
5 106 8
5 113 15
5 120 16
6 5 6
6 7 8
6 11 5
6 12 20
6 20 2
6 27 13
6 30 12
6 33 14
6 34 1
6 65 13
6 74 12
6 75 16
6 82 1
6 88 2
6 91 6
6 111 7
6 121 7
6 123 16
7 2 17
7 5 8
7 11 14
7 12 12
7 13 2
7 14 10
7 16 18
7 27 20
7 33 19
7 34 14
7 37 17
7 48 18
7 62 16
7 64 10
7 78 5
7 84 13
7 86 15
7 96 16
7 97 20
7 100 14
7 106 6
7 111 8
7 119 1
7 122 17
7 127 11
8 0 15
8 7 18
8 9 5
8 10 20
8 15 7
8 16 8
8 19 10
8 20 13
8 25 7
8 34 11
8 37 18
8 48 2
8 62 12
8 66 19
8 75 14
8 82 7
8 87 15
8 95 17
8 102 5
8 103 3
8 104 10
8 106 13
8 112 4
8 117 5
8 119 20
8 123 10
8 126 3
9 14 5
9 15 5
9 18 17
9 20 17
9 30 19
9 32 3
9 43 6
9 44 4
9 50 2
9 51 5
9 53 5
9 54 3
9 70 6
9 77 1
9 84 8
9 91 2
9 94 4
9 95 1
9 96 18
9 104 13
9 105 8
9 106 12
9 108 12
9 119 15
9 126 1
10 1 8
10 11 15
10 12 6
10 18 12
10 19 20
10 20 2
10 21 17
10 23 11
10 30 9
10 32 11
10 33 13
10 34 19
10 40 17
10 44 10
10 49 16
10 50 2
10 59 14
10 62 3
10 63 6
10 64 17
10 66 6
10 70 20
10 81 4
10 82 17
10 88 15
10 90 20
10 93 11
10 95 19
10 97 4
10 102 5
10 112 18
10 115 5
10 127 13
11 4 8
11 9 2
11 10 13
11 15 9
11 24 14
11 25 9
11 27 18
11 36 15
11 39 3
11 48 16
11 50 3
11 54 18
11 58 17
11 63 11
11 69 3
11 71 19
11 73 3
11 74 6
11 75 9
11 76 1
11 77 8
11 86 20
11 90 16
11 91 1
11 93 1
11 102 19
11 108 13
11 110 10
11 118 2
11 121 11
11 125 18
12 10 15
12 39 6
12 46 15
12 48 5
12 52 14
12 57 3
12 67 19
12 73 14
12 84 8
12 85 14
12 87 1
12 88 12
12 90 11
12 91 17
12 99 18
12 100 4
12 101 7
12 109 1
12 110 19
12 114 5
12 125 6
13 8 3
13 14 16
13 19 1
13 26 18
13 30 6
13 34 15
13 57 19
13 60 3
13 63 3
13 72 2
13 76 20
13 78 12
13 83 19
13 94 6
13 100 1
13 103 7
13 113 2
13 121 5
13 123 19
13 126 17
14 4 19
14 5 1
14 6 15
14 7 3
14 8 7
14 9 16
14 11 11
14 12 1
14 15 7
14 17 13
14 22 6
14 24 10
14 27 20
14 31 3
14 49 9
14 52 18
14 53 3
14 54 13
14 56 6
14 60 3
14 61 10
14 64 11
14 65 18
14 66 4
14 70 4
14 71 15
14 72 18
14 75 13
14 77 10
14 80 19
14 85 15
14 99 12
14 107 15
14 108 3
14 110 3
14 115 20
14 116 18
14 117 11
14 120 13
14 121 19
14 122 18
14 124 8
15 19 20
15 27 8
15 35 10
15 40 8
15 48 3
15 54 7
15 74 5
15 81 10
15 82 9
15 83 6
15 102 7
15 115 18
15 126 14
16 1 16
16 4 8
16 6 10
16 9 8
16 19 5
16 20 5
16 24 15
16 29 9
16 31 7
16 32 1
16 37 5
16 41 20
16 42 6
16 52 8
16 55 11
16 57 2
16 62 2
16 68 2
16 71 2
16 74 10
16 88 8
16 95 3
16 97 8
16 99 17
16 105 14
16 109 3
16 110 11
16 113 4
16 117 15
16 119 3
16 123 8
16 125 14
16 126 6
17 7 19
17 14 8
17 15 15
17 16 11
17 24 2
17 29 6
17 31 14
17 39 3
17 47 4
17 53 4
17 56 13
17 70 16
17 73 16
17 76 1
17 77 12
17 83 3
17 90 7
17 92 6
17 93 6
17 105 11
17 107 6
17 111 10
17 112 17
17 119 20
17 122 13
17 127 19
18 3 18
18 7 10
18 15 6
18 16 19
18 19 6
18 36 7
18 39 18
18 46 3
18 58 9
18 64 4
18 65 17
18 68 8
18 71 16
18 72 14
18 82 4
18 83 2
18 85 17
18 91 20
18 95 11
18 100 15
18 101 4
18 103 13
18 109 6
18 119 3
18 123 11
19 0 5
19 7 1
19 10 2
19 14 5
19 15 17
19 20 4
19 22 17
19 23 11
19 36 8
19 40 4
19 46 17
19 49 11
19 51 4
19 54 11
19 55 4
19 63 11
19 71 18
19 80 8
19 81 5
19 84 14
19 86 15
19 89 2
19 91 9
19 99 2
19 100 18
19 108 15
19 112 20
19 113 20
19 120 4
19 125 20
19 126 16
19 127 5
20 2 10
20 4 7
20 7 2
20 8 3
20 9 15
20 10 6
20 29 9
20 43 2
20 46 17
20 47 12
20 51 1
20 55 11
20 69 7
20 79 11
20 94 8
20 101 15
20 108 6
20 119 2
20 123 19
21 2 2
21 23 20
21 25 12
21 29 20
21 30 6
21 35 3
21 43 3
21 49 1
21 67 20
21 70 6
21 76 11
21 82 16
21 88 17
21 89 2
21 91 12
21 103 14
21 104 10
21 106 17
21 109 17
21 115 10
21 116 4
21 118 2
21 123 6
22 0 10
22 14 3
22 17 8
22 20 8
22 25 6
22 29 3
22 31 6
22 39 13
22 51 7
22 55 15
22 69 13
22 70 15
22 84 19
22 86 12
22 88 2
22 92 19
22 98 10
22 100 20
22 101 15
22 108 10
22 110 18
22 115 12
22 116 9
22 118 2
22 126 18
23 0 4
23 2 19
23 6 8
23 12 15
23 13 3
23 16 10
23 17 18
23 22 8
23 24 7
23 37 19
23 40 20
23 43 16
23 44 1
23 51 5
23 56 4
23 59 7
23 60 8
23 61 12
23 63 8
23 64 20
23 65 11
23 70 1
23 72 2
23 74 18
23 75 7
23 81 15
23 83 19
23 91 11
23 95 14
23 103 19
23 109 9
23 119 7
24 0 6
24 1 15
24 2 11
24 4 10
24 8 1
24 15 8
24 19 14
24 26 19
24 30 4
24 31 8
24 35 11
24 36 1
24 42 14
24 43 11
24 44 17
24 46 13
24 47 6
24 50 13
24 58 14
24 60 13
24 71 12
24 72 8
24 74 16
24 77 6
24 78 4
24 83 11
24 87 2
24 89 11
24 90 11
24 97 12
24 99 7
24 103 19
24 120 14
24 125 14
24 126 11
25 10 9
25 16 3
25 21 6
25 22 18
25 26 19
25 39 8
25 50 2
25 51 9
25 56 10
25 77 9
25 80 13
25 97 12
25 103 6
25 105 12
25 109 12
25 110 17
25 112 14
25 115 4
25 121 4
25 122 16
26 8 4
26 9 13
26 10 18
26 12 17
26 19 19
26 20 7
26 34 19
26 38 17
26 45 9
26 48 12
26 52 2
26 53 18
26 61 20
26 62 17
26 63 6
26 65 11
26 68 7
26 71 3
26 78 10
26 79 5
26 86 1
26 95 6
26 96 20
26 98 1
26 99 10
26 100 17
26 105 7
26 112 1
26 115 12
26 117 13
26 121 12
26 122 16
26 123 19
26 126 1
27 7 20
27 10 13
27 17 3
27 25 20
27 39 13
27 43 13
27 46 5
27 47 11
27 48 19
27 52 19
27 54 11
27 56 4
27 65 20
27 68 6
27 69 1
27 74 16
27 75 9
27 84 11
27 90 9
27 91 8
27 99 19
27 102 16
27 106 1
27 120 5
27 124 12
27 126 12
28 2 7
28 3 17
28 10 14
28 12 9
28 24 14
28 39 9
28 53 5
28 54 7
28 63 12
28 67 20
28 71 17
28 74 15
28 75 8
28 82 20
28 89 11
28 94 12
28 98 1
28 114 9
28 116 1
28 118 11
28 119 6
28 121 20
28 127 18
29 2 5
29 3 12
29 7 12
29 11 17
29 14 17
29 20 20
29 22 1
29 25 13
29 34 9
29 36 14
29 37 2
29 51 8
29 58 14
29 63 8
29 65 11
29 68 16
29 82 16
29 87 18
29 93 5
29 94 18
29 96 14
29 103 14
29 110 11
29 118 12
29 121 9
29 123 13
30 9 16
30 13 9
30 14 2
30 15 17
30 16 5
30 23 6
30 28 13
30 34 17
30 41 4
30 43 16
30 49 16
30 59 17
30 60 5
30 64 3
30 67 1
30 72 20
30 73 12
30 75 5
30 82 3
30 87 16
30 91 14
30 93 18
30 98 7
30 105 16
30 106 6
30 109 19
30 110 15
30 115 5
30 124 10
31 8 7
31 12 9
31 15 15
31 16 1
31 32 5
31 36 10
31 41 8
31 42 16
31 43 3
31 46 3
31 47 13
31 52 9
31 57 1
31 58 14
31 59 3
31 61 6
31 71 19
31 83 14
31 86 15
31 91 8
31 95 6
31 104 12
31 105 12
31 107 20
31 109 15
31 112 16
31 113 20
31 124 9
32 2 12
32 10 11
32 11 19
32 21 18
32 27 8
32 29 9
32 36 14
32 39 8
32 43 10
32 44 17
32 47 1
32 50 10
32 51 19
32 54 7
32 55 11
32 57 12
32 63 17
32 64 12
32 68 17
32 75 3
32 81 16
32 88 11
32 90 12
32 96 7
32 99 13
32 103 6
32 108 16
32 115 5
32 117 5
32 127 2
33 11 9
33 12 19
33 14 7
33 16 12
33 18 14
33 19 7
33 20 18
33 21 11
33 23 1
33 26 15
33 27 16
33 37 19
33 39 18
33 47 9
33 51 7
33 55 10
33 68 14
33 72 11
33 76 2
33 84 1
33 85 3
33 86 11
33 90 3
33 91 17
33 92 9
33 96 19
33 100 15
33 107 12
33 111 4
33 113 8
33 118 16
33 121 19
34 0 14
34 1 16
34 2 18
34 9 12
34 10 18
34 13 15
34 20 19
34 25 17
34 29 17
34 30 20
34 42 18
34 43 10
34 44 13
34 46 15
34 53 19
34 58 3
34 60 1
34 67 4
34 69 1
34 70 13
34 71 9
34 73 1
34 75 18
34 84 6
34 87 5
34 88 18
34 90 14
34 94 2
34 95 19
34 103 19
34 107 5
34 110 3
34 112 14
34 125 4
34 127 8
35 2 16
35 6 19
35 7 2
35 9 8
35 10 15
35 11 12
35 20 4
35 25 6
35 31 20
35 39 15
35 40 16
35 41 17
35 57 9
35 58 10
35 68 14
35 73 10
35 75 2
35 76 14
35 81 15
35 96 20
35 98 15
35 99 7
35 102 15
35 109 2
35 118 3
35 119 18
35 120 5
36 5 6
36 6 11
36 8 18
36 10 18
36 11 10
36 12 12
36 22 20
36 26 9
36 32 10
36 39 20
36 42 7
36 46 19
36 57 16
36 61 1
36 62 18
36 63 18
36 67 12
36 80 10
36 85 18
36 91 15
36 93 2
36 98 20
36 105 11
36 109 2
36 112 17
36 120 9
37 0 13
37 1 5
37 3 19
37 13 17
37 14 18
37 16 2
37 17 6
37 21 14
37 57 19
37 61 20
37 63 11
37 72 12
37 73 19
37 76 11
37 87 20
37 93 14
37 101 17
37 109 10
37 111 2
37 112 3
37 122 7
37 124 9
38 0 18
38 5 18
38 7 18
38 10 15
38 20 12
38 21 18
38 23 11
38 27 6
38 29 10
38 35 3
38 36 10
38 45 19
38 56 1
38 60 1
38 63 19
38 66 12
38 76 4
38 77 11
38 79 18
38 85 11
38 106 7
38 112 6
38 116 13
38 120 17
38 124 9
38 127 6
39 2 12
39 7 15
39 10 7
39 11 1
39 13 20
39 17 11
39 19 4
39 27 11
39 34 12
39 36 9
39 38 6
39 42 16
39 45 11
39 50 17
39 52 19
39 53 8
39 55 1
39 60 13
39 61 13
39 68 11
39 71 14
39 76 9
39 86 3
39 100 2
39 104 1
39 112 18
39 114 1
39 115 14
39 123 7
39 124 15
40 5 14
40 8 14
40 11 11
40 32 13
40 33 5
40 42 15
40 43 20
40 44 4
40 46 4
40 54 12
40 61 3
40 63 18
40 69 5
40 76 1
40 77 12
40 82 12
40 87 1
40 106 18
40 114 10
40 127 10
41 4 18
41 5 17
41 9 7
41 15 6
41 16 3
41 34 18
41 35 20
41 44 6
41 50 3
41 55 12
41 60 6
41 63 7
41 71 19
41 74 6
41 79 3
41 82 9
41 85 4
41 90 4
41 91 3
41 99 14
41 100 1
41 108 5
41 115 15
41 118 9
41 120 18
41 123 3
41 127 5
42 15 8
42 26 7
42 27 3
42 30 13
42 32 20
42 37 10
42 39 19
42 45 14
42 49 1
42 52 10
42 54 10
42 67 10
42 69 5
42 81 18
42 82 7
42 85 11
42 95 17
42 97 19
42 100 3
42 103 3
42 104 18
42 114 8
42 118 17
43 13 15
43 19 10
43 26 13
43 30 5
43 32 8
43 45 20
43 49 9
43 54 5
43 66 13
43 74 12
43 90 10
43 92 15
43 95 11
43 96 10
43 98 5
43 102 9
43 103 15
43 114 20
43 116 18
43 117 2
43 119 3
44 0 9
44 2 11
44 5 11
44 8 11
44 11 20
44 21 9
44 24 19
44 25 13
44 26 7
44 37 12
44 47 7
44 49 17
44 58 19
44 64 17
44 65 3
44 71 18
44 84 6
44 98 10
44 104 18
44 105 19
44 110 17
44 115 10
44 124 9
44 126 12
45 2 15
45 3 8
45 4 15
45 5 20
45 8 16
45 19 12
45 21 16
45 22 3
45 39 11
45 41 19
45 46 5
45 47 18
45 51 16
45 57 8
45 60 18
45 64 20
45 78 4
45 82 5
45 95 4
45 101 16
45 103 7
45 104 13
45 109 15
45 120 19
45 121 6
45 124 11
45 125 12
45 126 17
46 10 6
46 16 13
46 26 11
46 32 13
46 34 13
46 36 5
46 38 5
46 51 17
46 52 4
46 53 19
46 64 4
46 66 5
46 73 10
46 92 19
46 106 8
46 107 8
46 115 7
46 116 12
47 0 10
47 9 5
47 29 10
47 49 5
47 50 19
47 63 1
47 64 2
47 67 7
47 70 13
47 76 7
47 81 19
47 82 17
47 84 7
47 85 8
47 88 5
47 91 11
47 99 7
47 103 20
47 109 8
47 114 6
47 116 10
47 122 7
47 123 7
47 127 20
48 8 12
48 9 5
48 35 16
48 38 19
48 45 9
48 47 14
48 54 19
48 65 20
48 67 17
48 77 19
48 82 7
48 84 10
48 92 12
48 97 14
48 99 14
48 103 13
48 108 6
48 112 7
48 118 18
49 6 6
49 8 5
49 9 13
49 14 11
49 17 9
49 24 13
49 27 9
49 29 17
49 30 3
49 33 18
49 36 5
49 38 5
49 46 8
49 47 1
49 50 10
49 57 14
49 58 1
49 60 10
49 63 11
49 72 9
49 73 18
49 78 1
49 81 8
49 82 20
49 86 4
49 87 20
49 91 1
49 98 19
49 99 3
49 100 5
49 105 8
49 112 12
49 113 13
49 117 11
49 118 2
50 1 11
50 9 8
50 10 3
50 19 17
50 30 20
50 36 15
50 42 14
50 45 2
50 48 20
50 54 6
50 66 8
50 68 20
50 73 15
50 79 6
50 85 20
50 88 13
50 99 6
50 117 20
50 122 1
50 125 2
51 0 2
51 7 12
51 16 7
51 17 15
51 33 20
51 37 3
51 40 16
51 44 7
51 45 14
51 49 9
51 54 7
51 55 20
51 60 4
51 63 14
51 66 14
51 80 9
51 88 6
51 93 5
51 98 20
51 105 20
51 107 10
51 112 6
51 119 19
51 120 11
52 12 16
52 13 5
52 26 14
52 27 8
52 35 20
52 36 17
52 38 10
52 49 12
52 51 3
52 53 9
52 84 14
52 90 18
52 93 20
52 98 6
52 105 6
52 108 10
52 111 3
52 119 10
52 124 8
53 1 2
53 4 15
53 8 10
53 11 5
53 18 11
53 30 2
53 38 20
53 42 18
53 43 9
53 49 20
53 52 9
53 54 6
53 71 15
53 80 11
53 81 15
53 84 5
53 87 11
53 90 17
53 94 20
53 99 3
53 101 20
53 108 18
53 111 13
53 115 20
53 119 19
53 126 10
54 10 20
54 16 6
54 29 13
54 38 20
54 48 2
54 50 7
54 56 1
54 62 12
54 63 12
54 66 13
54 67 14
54 69 17
54 72 7
54 74 6
54 92 12
54 94 2
54 96 2
54 98 9
54 102 18
54 106 2
54 107 16
54 110 20
54 115 13
54 116 12
54 125 3
55 3 10
55 5 12
55 6 13
55 7 1
55 12 7
55 13 2
55 16 10
55 18 6
55 25 7
55 29 8
55 38 6
55 43 9
55 50 3
55 51 3
55 54 17
55 60 5
55 61 12
55 75 20
55 77 14
55 88 6
55 95 3
55 98 4
55 103 1
55 105 19
55 119 20
55 126 14
55 127 4
56 9 3
56 18 7
56 19 2
56 22 9
56 30 1
56 36 13
56 45 14
56 47 10
56 50 19
56 60 3
56 76 15
56 77 9
56 80 8
56 82 19
56 88 1
56 89 1
56 101 6
56 103 4
56 111 9
56 112 19
56 115 11
57 0 16
57 2 15
57 10 16
57 12 17
57 13 12
57 15 7
57 36 15
57 42 19
57 45 6
57 48 15
57 51 17
57 53 11
57 61 13
57 62 2
57 63 20
57 84 12
57 85 2
57 93 5
57 94 17
57 104 6
57 105 13
57 110 3
57 112 5
57 113 18
57 116 11
57 123 8
57 125 5
57 127 10
58 0 6
58 1 8
58 11 17
58 14 17
58 20 8
58 23 6
58 24 7
58 26 13
58 29 10
58 30 5
58 36 19
58 46 10
58 51 7
58 53 17
58 63 8
58 70 11
58 79 9
58 84 4
58 85 7
58 89 16
58 92 6
58 94 5
58 97 16
58 98 8
58 99 1
58 105 6
58 109 19
58 112 9
58 114 7
58 118 13
58 120 4
58 127 6
59 3 20
59 10 4
59 27 8
59 49 17
59 52 7
59 53 7
59 60 14
59 65 16
59 67 10
59 68 6
59 72 19
59 73 5
59 76 11
59 80 4
59 82 9
59 96 10
59 102 16
59 106 5
59 112 18
59 117 11
59 119 16
59 120 4
59 127 2
60 9 20
60 15 19
60 23 5
60 25 14
60 36 7
60 39 20
60 41 15
60 54 16
60 70 19
60 71 14
60 73 15
60 80 19
60 86 16
60 87 13
60 89 1
60 90 2
60 98 10
60 101 12
60 102 18
60 108 3
60 111 3
60 115 5
60 118 18
60 124 1
61 7 9
61 12 9
61 13 18
61 27 11
61 34 18
61 46 3
61 55 2
61 62 4
61 63 18
61 72 17
61 73 13
61 74 7
61 79 17
61 83 18
61 85 2
61 89 13
61 96 3
61 103 11
61 111 18
61 113 6
61 117 11
61 119 3
61 121 11
62 2 10
62 7 2
62 15 10
62 32 4
62 35 6
62 37 4
62 43 19
62 52 17
62 69 11
62 79 16
62 81 10
62 91 14
62 94 18
62 99 1
62 101 9
62 103 19
62 113 3
62 127 1
63 6 5
63 15 14
63 21 1
63 24 16
63 26 18
63 30 2
63 37 14
63 45 8
63 60 13
63 67 8
63 69 7
63 70 13
63 71 18
63 74 5
63 85 1
63 93 16
63 98 9
63 103 13
63 106 18
63 114 7
63 119 11
63 121 7
64 3 18
64 11 6
64 24 6
64 29 20
64 30 4
64 32 5
64 43 16
64 44 10
64 56 14
64 60 7
64 70 9
64 74 11
64 76 2
64 86 16
64 95 7
64 96 11
64 98 9
64 101 6
64 106 5
64 108 16
65 1 8
65 6 7
65 8 6
65 11 6
65 13 19
65 20 8
65 23 16
65 29 18
65 38 15
65 42 7
65 45 17
65 50 8
65 53 7
65 58 13
65 61 6
65 67 11
65 79 4
65 82 5
65 87 16
65 90 15
65 97 13
65 99 19
65 110 16
65 111 8
65 122 9
65 123 6
65 124 10
66 2 12
66 5 6
66 7 18
66 20 14
66 23 4
66 26 17
66 28 6
66 29 16
66 37 17
66 44 17
66 50 19
66 55 6
66 63 20
66 65 1
66 73 9
66 78 7
66 80 19
66 83 18
66 86 17
66 88 4
66 93 3
66 100 13
66 110 1
66 127 6
67 4 7
67 6 16
67 7 12
67 8 17
67 13 9
67 16 3
67 18 20
67 20 9
67 29 3
67 32 5
67 33 18
67 43 6
67 45 11
67 47 16
67 48 8
67 50 9
67 54 8
67 58 8
67 59 20
67 60 16
67 61 1
67 69 2
67 70 13
67 78 3
67 81 5
67 88 2
67 96 1
67 105 8
67 118 15
67 119 12
67 126 16
68 9 7
68 10 18
68 16 18
68 31 12
68 33 11
68 37 3
68 45 10
68 48 9
68 51 19
68 55 17
68 58 20
68 59 16
68 63 7
68 81 1
68 86 2
68 89 11
68 94 10
68 98 15
68 102 1
68 105 14
68 113 14
68 119 19
69 7 13
69 22 4
69 33 9
69 35 12
69 45 8
69 58 18
69 59 11
69 61 20
69 68 15
69 71 19
69 78 1
69 81 5
69 86 8
69 90 15
69 92 6
69 99 4
69 100 14
69 106 5
69 116 13
69 126 17
69 127 8
70 5 15
70 10 4
70 11 14
70 22 11
70 29 13
70 39 8
70 40 4
70 60 17
70 61 9
70 64 9
70 65 7
70 66 2
70 73 2
70 75 11
70 80 3
70 84 5
70 85 13
70 87 19
70 88 8
70 110 10
70 114 2
70 115 3
70 116 13
70 118 1
70 124 2
71 0 7
71 9 2
71 10 19
71 11 14
71 24 20
71 27 12
71 28 6
71 29 19
71 30 15
71 32 19
71 34 18
71 38 12
71 40 2
71 41 13
71 42 18
71 49 12
71 51 8
71 52 19
71 54 17
71 55 4
71 59 3
71 65 20
71 74 4
71 79 17
71 84 4
71 90 8
71 100 2
71 108 10
71 124 16
71 126 11
71 127 11
72 0 12
72 9 12
72 10 1
72 16 5
72 17 3
72 34 5
72 38 11
72 39 8
72 41 17
72 45 15
72 49 5
72 53 9
72 54 9
72 60 14
72 87 14
72 101 15
72 113 5
72 121 20
72 123 2
72 126 3
73 2 18
73 9 5
73 10 19
73 12 2
73 34 7
73 37 12
73 45 10
73 49 7
73 51 20
73 55 4
73 65 5
73 66 20
73 69 12
73 74 5
73 76 7
73 77 2
73 79 7
73 91 1
73 92 10
73 115 5
73 118 1
73 121 9
73 123 4
74 0 17
74 15 11
74 16 16
74 17 13
74 21 2
74 30 6
74 32 13
74 39 19
74 47 1
74 61 3
74 65 4
74 68 11
74 72 1
74 75 8
74 84 6
74 90 4
74 107 8
74 123 3
74 124 9
74 126 11
75 2 5
75 4 10
75 12 13
75 14 1
75 16 10
75 35 1
75 43 17
75 58 14
75 59 14
75 67 19
75 72 3
75 74 3
75 80 19
75 84 1
75 91 9
75 92 9
75 93 12
75 100 8
75 107 11
75 110 19
75 116 9
75 119 20
75 120 12
75 122 10
75 123 11
75 124 12
76 0 17
76 11 10
76 13 12
76 16 9
76 25 7
76 28 2
76 44 6
76 48 16
76 50 13
76 51 11
76 74 10
76 75 7
76 79 15
76 87 12
76 89 9
76 92 13
76 97 7
76 103 13
76 113 8
76 117 17
77 17 12
77 25 18
77 34 1
77 35 15
77 48 16
77 54 16
77 56 5
77 59 7
77 60 8
77 70 9
77 74 2
77 88 11
77 105 11
77 115 4
77 119 18
77 122 4
77 123 4
78 9 7
78 15 2
78 19 14
78 25 8
78 32 13
78 33 6
78 34 13
78 41 15
78 57 9
78 75 13
78 77 19
78 79 1
78 82 19
78 94 11
78 95 9
78 96 20
78 98 7
78 101 12
78 102 18
78 103 4
78 109 4
78 112 3
78 113 2
78 120 4
79 7 11
79 10 13
79 13 4
79 16 15
79 18 13
79 22 19
79 25 10
79 28 5
79 35 18
79 38 11
79 44 2
79 48 13
79 51 19
79 56 16
79 57 1
79 63 17
79 71 8
79 81 18
79 88 5
79 91 18
79 101 15
79 105 18
79 112 10
79 113 20
79 114 14
79 116 16
79 119 3
79 120 9
80 6 1
80 12 13
80 13 3
80 16 9
80 19 14
80 24 14
80 30 9
80 41 15
80 43 9
80 46 4
80 54 8
80 56 1
80 62 17
80 71 13
80 73 1
80 78 12
80 82 16
80 96 17
80 97 3
80 104 4
80 109 3
80 110 15
80 117 6
80 118 13
80 119 12
81 0 2
81 3 17
81 17 19
81 19 17
81 21 17
81 22 3
81 34 13
81 39 9
81 43 17
81 45 5
81 51 17
81 52 1
81 60 4
81 66 4
81 72 17
81 76 1
81 79 8
81 83 7
81 86 4
81 87 16
81 97 20
81 99 15
81 100 5
81 105 20
81 107 18
81 109 5
81 117 4
82 4 14
82 22 7
82 30 5
82 35 16
82 41 14
82 44 9
82 47 8
82 50 19
82 60 5
82 71 5
82 73 18
82 77 15
82 84 2
82 85 12
82 86 20
82 94 6
82 109 8
82 110 8
82 120 8
82 122 7
82 126 14
83 8 16
83 14 9
83 15 1
83 18 11
83 21 17
83 29 10
83 30 12
83 32 4
83 36 9
83 40 14
83 46 9
83 50 3
83 55 8
83 66 8
83 68 10
83 72 9
83 84 1
83 86 4
83 88 16
83 90 7
83 92 17
83 104 17
83 105 19
83 106 8
83 117 2
83 125 8
83 127 14
84 0 3
84 4 2
84 7 1
84 17 17
84 20 9
84 23 4
84 30 13
84 36 17
84 43 13
84 44 2
84 49 15
84 50 14
84 51 19
84 53 15
84 54 6
84 55 9
84 64 1
84 75 15
84 76 13
84 87 11
84 101 15
84 111 20
84 118 19
85 2 8
85 4 1
85 15 6
85 17 18
85 27 6
85 35 7
85 37 8
85 41 3
85 48 7
85 54 12
85 57 2
85 76 15
85 78 18
85 81 4
85 90 18
85 91 2
85 92 9
85 94 9
85 95 12
85 102 7
85 104 12
85 110 18
85 111 6
85 114 19
85 123 11
85 126 1
86 0 3
86 6 15
86 17 12
86 19 6
86 26 12
86 31 6
86 36 14
86 49 17
86 56 9
86 60 15
86 63 11
86 64 10
86 65 6
86 68 17
86 76 18
86 78 11
86 87 15
86 92 8
86 93 10
86 94 12
86 97 8
86 98 18
86 103 2
86 116 5
86 119 2
86 120 10
86 124 2
87 0 1
87 9 1
87 23 2
87 30 12
87 33 20
87 36 9
87 38 8
87 48 15
87 57 4
87 62 17
87 65 12
87 69 14
87 81 1
87 83 4
87 84 2
87 88 11
87 89 5
87 93 15
87 94 20
87 96 6
87 101 8
87 104 12
87 113 17
87 116 4
87 122 1
87 124 1
88 5 11
88 13 6
88 25 16
88 30 1
88 37 14
88 41 10
88 45 16
88 60 5
88 64 5
88 65 4
88 70 7
88 74 14
88 80 10
88 82 18
88 87 14
88 104 17
88 110 18
88 120 16
88 124 5
88 125 1
88 127 16
89 1 9
89 3 15
89 5 12
89 6 10
89 11 14
89 13 20
89 16 18
89 25 6
89 27 17
89 36 9
89 37 15
89 43 16
89 52 5
89 53 9
89 54 14
89 59 12
89 75 16
89 80 9
89 84 6
89 92 9
89 99 2
89 126 4
89 127 1
90 0 6
90 3 14
90 7 19
90 14 10
90 16 12
90 22 1
90 34 17
90 40 14
90 41 6
90 51 2
90 61 20
90 63 9
90 67 15
90 71 8
90 72 16
90 73 18
90 74 9
90 75 20
90 76 13
90 78 14
90 81 10
90 88 4
90 96 14
90 97 19
90 98 4
90 112 1
90 118 13
90 120 9
90 123 10
90 124 13
91 2 11
91 7 14
91 11 2
91 13 14
91 14 7
91 19 3
91 30 14
91 36 9
91 37 12
91 38 17
91 40 5
91 41 12
91 54 14
91 55 12
91 56 4
91 57 17
91 58 13
91 62 3
91 63 16
91 64 9
91 67 10
91 74 10
91 75 9
91 82 18
91 86 13
91 92 20
91 94 7
91 104 6
91 107 4
91 110 15
91 111 13
91 115 8
92 2 17
92 10 1
92 12 13
92 20 7
92 24 20
92 33 4
92 34 17
92 43 20
92 44 5
92 45 11
92 46 7
92 49 18
92 51 7
92 55 10
92 58 17
92 72 4
92 77 13
92 78 8
92 79 4
92 80 5
92 90 20
92 103 7
92 110 9
92 112 6
92 113 13
92 115 13
92 118 3
92 120 8
93 5 13
93 7 19
93 8 12
93 13 4
93 23 7
93 25 17
93 28 5
93 31 19
93 33 12
93 35 9
93 39 8
93 49 4
93 51 4
93 59 6
93 60 17
93 64 16
93 71 8
93 73 19
93 85 5
93 87 14
93 94 19
93 100 16
93 105 15
93 111 5
93 121 12
94 2 11
94 5 2
94 10 19
94 15 6
94 19 20
94 24 5
94 25 7
94 26 1
94 30 7
94 35 8
94 39 3
94 65 10
94 70 1
94 74 16
94 85 13
94 89 9
94 99 11
94 103 2
94 104 13
94 111 10
94 119 4
94 123 12
95 4 12
95 12 6
95 27 14
95 34 4
95 40 7
95 50 18
95 51 18
95 53 10
95 74 19
95 90 8
95 97 15
95 104 13
96 0 19
96 11 6
96 15 11
96 26 14
96 30 15
96 33 7
96 36 9
96 39 14
96 42 10
96 48 15
96 51 18
96 55 20
96 56 8
96 59 15
96 62 16
96 84 6
96 85 1
96 101 16
96 113 1
96 114 5
96 116 13
96 125 15
96 127 14
97 11 16
97 14 12
97 16 16
97 19 19
97 20 17
97 22 13
97 27 5
97 28 19
97 29 13
97 33 11
97 34 1
97 38 17
97 40 1
97 42 6
97 46 8
97 48 16
97 52 2
97 58 3
97 60 17
97 68 7
97 73 17
97 82 17
97 89 13
97 92 10
97 112 6
97 116 13
97 121 20
97 123 14
97 124 1
98 1 11
98 3 18
98 4 20
98 7 9
98 10 1
98 19 4
98 20 12
98 26 18
98 30 5
98 33 15
98 37 15
98 38 5
98 42 2
98 46 5
98 47 9
98 52 10
98 54 2
98 55 7
98 60 1
98 61 20
98 65 5
98 72 17
98 76 6
98 78 16
98 82 7
98 86 15
98 88 20
98 102 5
98 103 8
98 105 20
98 108 1
98 122 6
98 126 6
98 127 8
99 0 15
99 3 1
99 6 15
99 12 12
99 14 19
99 26 1
99 29 13
99 31 9
99 51 11
99 53 16
99 55 7
99 56 19
99 60 1
99 64 14
99 66 10
99 74 16
99 75 20
99 76 19
99 93 7
99 94 14
99 106 3
99 114 11
99 116 14
99 119 14
99 122 19
99 125 2
100 1 5
100 4 20
100 5 15
100 7 11
100 11 5
100 14 5
100 20 7
100 23 10
100 28 16
100 30 19
100 33 20
100 39 15
100 42 5
100 50 18
100 51 19
100 52 17
100 56 12
100 60 2
100 62 20
100 67 19
100 75 5
100 78 20
100 86 8
100 90 5
100 106 11
100 108 10
100 113 13
100 122 11
100 124 17
100 125 15
101 1 19
101 14 20
101 17 10
101 20 10
101 38 14
101 49 20
101 58 5
101 59 18
101 60 14
101 61 16
101 70 12
101 71 2
101 72 5
101 77 13
101 80 1
101 88 8
101 94 14
101 95 5
101 97 11
101 104 4
101 105 11
101 113 14
101 125 11
102 7 16
102 13 12
102 17 14
102 18 9
102 21 10
102 30 2
102 38 11
102 39 19
102 46 16
102 53 8
102 54 11
102 57 1
102 62 1
102 75 8
102 78 15
102 84 13
102 91 13
102 96 3
102 99 17
102 100 17
102 101 9
102 105 1
102 110 14
102 115 2
102 116 20
102 118 4
102 122 17
102 124 19
102 127 6
103 3 12
103 10 19
103 14 20
103 21 20
103 26 6
103 31 16
103 34 9
103 46 4
103 49 19
103 67 10
103 84 5
103 91 14
103 94 5
103 96 3
103 99 10
103 105 16
103 114 3
103 121 7
104 2 9
104 3 8
104 7 11
104 9 2
104 11 8
104 15 11
104 28 17
104 31 5
104 50 15
104 63 16
104 75 5
104 79 20
104 84 4
104 86 7
104 87 18
104 89 2
104 91 15
104 93 18
104 102 20
104 103 17
104 107 5
104 108 13
104 111 15
104 112 20
104 124 14
104 125 19
104 126 12
105 3 4
105 4 10
105 12 1
105 15 12
105 23 2
105 24 12
105 25 14
105 34 17
105 37 7
105 42 2
105 52 9
105 62 1
105 66 19
105 68 15
105 72 20
105 75 13
105 79 2
105 80 10
105 85 5
105 87 15
105 91 18
105 93 6
105 95 14
105 102 15
105 104 2
105 108 10
105 112 6
105 115 8
105 116 2
106 6 9
106 9 1
106 22 2
106 25 17
106 27 18
106 29 7
106 36 10
106 38 14
106 46 19
106 55 4
106 64 3
106 65 8
106 69 18
106 73 2
106 76 3
106 80 6
106 83 8
106 96 2
106 104 13
106 110 11
106 119 16
107 2 3
107 6 14
107 10 16
107 20 4
107 23 20
107 26 6
107 30 14
107 34 2
107 48 5
107 60 7
107 65 8
107 66 20
107 68 6
107 72 15
107 73 19
107 82 11
107 88 13
107 91 16
107 99 9
107 101 14
107 105 20
107 116 7
107 124 5
107 127 5
108 1 15
108 6 6
108 13 11
108 23 20
108 25 12
108 33 10
108 41 20
108 42 10
108 43 20
108 45 10
108 48 9
108 50 12
108 54 11
108 58 9
108 65 20
108 76 3
108 78 9
108 84 13
108 85 8
108 87 8
108 89 5
108 91 11
108 96 7
108 102 17
108 105 17
108 109 9
108 115 11
108 117 20
108 118 10
109 0 9
109 4 15
109 6 18
109 17 18
109 23 20
109 32 17
109 49 1
109 54 11
109 57 9
109 60 5
109 64 6
109 65 1
109 75 2
109 77 2
109 79 3
109 82 17
109 83 5
109 84 9
109 85 6
109 94 7
109 98 12
109 110 7
109 112 2
109 122 6
109 127 13
110 8 19
110 9 13
110 13 10
110 22 10
110 35 19
110 36 19
110 37 19
110 42 8
110 43 17
110 48 15
110 49 3
110 50 19
110 55 9
110 60 8
110 62 2
110 70 17
110 77 7
110 81 18
110 89 6
110 99 17
110 101 5
110 103 14
110 107 7
110 120 20
110 124 20
110 126 5
111 0 19
111 2 7
111 6 5
111 11 1
111 31 6
111 36 16
111 37 7
111 42 2
111 45 9
111 48 1
111 50 20
111 61 1
111 70 17
111 72 2
111 75 14
111 83 11
111 91 7
111 94 5
111 96 18
111 101 2
111 106 16
111 107 18
111 114 8
111 121 13
112 7 20
112 15 1
112 16 1
112 23 11
112 28 16
112 39 19
112 40 7
112 42 6
112 46 5
112 48 1
112 53 11
112 57 3
112 60 10
112 62 10
112 65 4
112 69 5
112 70 16
112 80 17
112 110 12
112 119 15
112 121 10
112 124 9
113 7 8
113 9 14
113 12 18
113 27 20
113 37 14
113 42 2
113 51 1
113 55 20
113 64 14
113 75 20
113 76 2
113 78 2
113 85 20
113 91 11
113 96 12
113 110 14
113 115 7
113 124 18
113 126 2
114 1 11
114 7 14
114 8 14
114 10 12
114 20 14
114 27 13
114 30 5
114 33 6
114 35 16
114 38 9
114 42 7
114 59 6
114 70 8
114 73 9
114 78 8
114 81 17
114 86 19
114 90 11
114 91 8
114 92 6
114 103 8
114 119 11
115 8 6
115 12 12
115 20 18
115 28 20
115 29 19
115 33 12
115 36 1
115 37 13
115 56 8
115 58 7
115 64 8
115 72 19
115 77 17
115 88 8
115 93 1
115 95 4
115 99 14
115 114 8
115 124 11
116 7 7
116 10 11
116 20 8
116 23 15
116 27 8
116 35 19
116 38 18
116 42 9
116 53 16
116 58 4
116 59 11
116 65 10
116 77 16
116 82 1
116 85 9
116 88 6
116 89 20
116 102 13
116 103 7
116 110 12
116 111 4
116 114 16
116 119 1
116 120 13
116 125 10
117 6 2
117 7 20
117 25 5
117 33 10
117 34 5
117 39 9
117 46 7
117 53 7
117 61 20
117 63 4
117 75 19
117 78 10
117 84 19
117 85 6
117 90 15
117 91 6
117 92 11
117 98 17
117 106 17
117 107 9
117 114 4
117 115 19
117 119 11
117 124 15
117 125 12
118 8 9
118 11 8
118 12 14
118 26 1
118 29 8
118 32 3
118 35 4
118 46 13
118 49 2
118 50 12
118 51 18
118 65 5
118 82 12
118 90 15
118 99 20
118 100 9
118 102 16
118 116 2
118 117 11
118 119 20
118 120 13
118 122 14
119 0 5
119 5 4
119 22 13
119 31 7
119 42 17
119 43 18
119 46 7
119 55 4
119 56 20
119 58 3
119 62 9
119 65 4
119 68 3
119 73 8
119 75 7
119 78 3
119 81 17
119 87 11
119 95 16
119 99 5
119 105 4
119 106 8
119 116 12
119 117 19
119 122 14
119 124 20
119 127 4
120 0 1
120 1 20
120 6 13
120 12 5
120 13 11
120 14 4
120 16 18
120 18 7
120 20 15
120 23 18
120 26 8
120 31 10
120 36 14
120 44 13
120 51 19
120 57 20
120 68 20
120 69 17
120 75 20
120 81 13
120 89 11
120 90 3
120 97 18
120 100 15
120 102 4
120 109 3
120 114 19
120 117 9
120 122 18
120 124 16
120 127 15
121 21 19
121 27 20
121 28 10
121 29 3
121 40 7
121 43 10
121 46 1
121 47 15
121 48 17
121 60 10
121 62 18
121 64 14
121 77 20
121 78 13
121 99 11
121 106 6
121 107 19
121 111 12
121 117 2
121 125 17
122 11 1
122 15 18
122 17 1
122 19 10
122 30 8
122 37 4
122 40 10
122 43 14
122 45 12
122 51 2
122 57 7
122 62 7
122 64 10
122 72 20
122 73 18
122 80 7
122 83 2
122 85 16
122 86 19
122 88 5
122 92 8
122 94 19
122 98 3
122 120 7
122 123 14
123 0 17
123 2 11
123 26 2
123 31 19
123 32 10
123 34 6
123 44 11
123 47 4
123 50 9
123 57 6
123 60 16
123 68 10
123 93 4
123 98 20
123 100 16
123 105 6
123 106 10
123 110 5
123 115 1
123 118 15
123 120 17
123 121 2
123 127 10
124 0 4
124 9 5
124 13 16
124 14 2
124 15 17
124 19 14
124 20 10
124 23 20
124 26 14
124 35 9
124 45 7
124 48 15
124 56 15
124 59 1
124 61 20
124 63 6
124 69 9
124 72 10
124 81 2
124 86 20
124 105 19
124 107 6
124 111 11
124 112 15
124 117 14
125 5 8
125 6 8
125 7 14
125 12 13
125 15 6
125 16 9
125 19 19
125 36 7
125 38 18
125 39 17
125 44 9
125 51 17
125 68 5
125 69 10
125 71 2
125 81 14
125 84 7
125 89 20
125 108 8
125 116 1
125 117 1
125 120 11
125 123 20
126 1 16
126 5 8
126 13 17
126 23 15
126 30 8
126 33 10
126 37 17
126 42 12
126 44 19
126 47 9
126 50 2
126 51 19
126 54 5
126 70 13
126 73 20
126 91 11
126 95 3
126 104 1
126 105 13
126 108 18
126 111 20
126 115 3
126 116 6
126 117 7
126 118 10
126 120 16
126 122 19
126 124 3
127 8 11
127 10 2
127 11 11
127 16 17
127 18 6
127 24 9
127 25 8
127 27 6
127 32 20
127 34 6
127 40 10
127 41 15
127 43 19
127 46 18
127 53 1
127 56 13
127 57 9
127 61 14
127 69 10
127 70 8
127 75 11
127 78 14
127 81 3
127 82 6
127 92 17
127 93 12
127 97 18
127 98 18
127 102 19
127 105 1
127 106 3
127 110 11
127 117 17
