50
0 1 1
0 2 1
0 3 3
0 4 3
0 5 5
0 6 2
0 7 1
0 8 2
0 9 1
0 10 5
0 11 1
0 12 3
0 13 2
0 14 5
0 15 2
0 16 3
0 17 1
0 18 2
0 19 1
0 20 3
0 21 2
0 22 3
0 23 3
0 24 4
0 25 4
0 26 5
0 27 5
0 28 4
0 29 1
0 30 1
0 31 2
0 32 4
0 33 5
0 34 3
0 35 2
0 36 2
0 37 5
0 38 2
0 39 5
0 40 3
0 41 5
0 42 5
0 43 1
0 44 5
0 45 4
0 46 5
0 47 3
0 48 2
0 49 3
1 2 2
1 3 1
1 4 2
1 5 1
1 6 5
1 7 4
1 8 2
1 9 5
1 10 4
1 11 3
1 12 3
1 13 1
1 14 2
1 15 2
1 16 2
1 17 1
1 18 3
1 19 5
1 20 1
1 21 3
1 22 5
1 23 4
1 24 4
1 25 2
1 26 4
1 27 5
1 28 5
1 29 1
1 30 3
1 31 4
1 32 4
1 33 4
1 34 5
1 35 1
1 36 4
1 37 3
1 38 3
1 39 2
1 40 5
1 41 5
1 42 2
1 43 2
1 44 5
1 45 5
1 46 2
1 47 2
1 48 5
1 49 3
2 3 3
2 4 4
2 5 3
2 6 1
2 7 4
2 8 4
2 9 5
2 10 5
2 11 1
2 12 1
2 13 3
2 14 2
2 15 2
2 16 2
2 17 3
2 18 5
2 19 2
2 20 1
2 21 1
2 22 2
2 23 3
2 24 5
2 25 3
2 26 2
2 27 5
2 28 2
2 29 4
2 30 2
2 31 2
2 32 3
2 33 1
2 34 4
2 35 5
2 36 5
2 37 1
2 38 2
2 39 3
2 40 2
2 41 3
2 42 1
2 43 2
2 44 5
2 45 2
2 46 5
2 47 3
2 48 3
2 49 2
3 4 5
3 5 3
3 6 1
3 7 1
3 8 4
3 9 3
3 10 4
3 11 2
3 12 2
3 13 1
3 14 5
3 15 2
3 16 2
3 17 4
3 18 4
3 19 5
3 20 3
3 21 5
3 22 2
3 23 5
3 24 2
3 25 4
3 26 1
3 27 1
3 28 4
3 29 2
3 30 3
3 31 3
3 32 1
3 33 2
3 34 4
3 35 1
3 36 3
3 37 4
3 38 5
3 39 3
3 40 5
3 41 3
3 42 2
3 43 2
3 44 2
3 45 4
3 46 2
3 47 5
3 48 3
3 49 2
4 5 2
4 6 4
4 7 3
4 8 3
4 9 5
4 10 4
4 11 5
4 12 5
4 13 1
4 14 5
4 15 1
4 16 2
4 17 1
4 18 3
4 19 4
4 20 3
4 21 4
4 22 1
4 23 1
4 24 1
4 25 1
4 26 4
4 27 5
4 28 3
4 29 2
4 30 4
4 31 2
4 32 4
4 33 4
4 34 5
4 35 3
4 36 5
4 37 4
4 38 3
4 39 1
4 40 3
4 41 3
4 42 5
4 43 4
4 44 4
4 45 4
4 46 4
4 47 2
4 48 2
4 49 5
5 6 4
5 7 3
5 8 2
5 9 5
5 10 3
5 11 2
5 12 4
5 13 3
5 14 2
5 15 4
5 16 1
5 17 2
5 18 2
5 19 2
5 20 4
5 21 2
5 22 3
5 23 1
5 24 3
5 25 5
5 26 5
5 27 3
5 28 1
5 29 2
5 30 3
5 31 3
5 32 3
5 33 2
5 34 2
5 35 3
5 36 4
5 37 1
5 38 3
5 39 5
5 40 1
5 41 5
5 42 3
5 43 4
5 44 5
5 45 1
5 46 3
5 47 3
5 48 5
5 49 3
6 7 2
6 8 3
6 9 2
6 10 5
6 11 1
6 12 2
6 13 5
6 14 4
6 15 4
6 16 1
6 17 2
6 18 1
6 19 2
6 20 4
6 21 5
6 22 1
6 23 3
6 24 4
6 25 4
6 26 1
6 27 5
6 28 1
6 29 4
6 30 3
6 31 3
6 32 4
6 33 1
6 34 3
6 35 4
6 36 2
6 37 1
6 38 5
6 39 5
6 40 5
6 41 1
6 42 5
6 43 1
6 44 1
6 45 4
6 46 2
6 47 4
6 48 4
6 49 3
7 8 1
7 9 2
7 10 2
7 11 5
7 12 5
7 13 5
7 14 3
7 15 5
7 16 4
7 17 5
7 18 3
7 19 2
7 20 2
7 21 3
7 22 2
7 23 1
7 24 1
7 25 4
7 26 5
7 27 1
7 28 3
7 29 5
7 30 2
7 31 3
7 32 4
7 33 3
7 34 5
7 35 4
7 36 4
7 37 1
7 38 2
7 39 1
7 40 1
7 41 5
7 42 2
7 43 3
7 44 3
7 45 4
7 46 3
7 47 4
7 48 2
7 49 4
8 9 1
8 10 5
8 11 2
8 12 5
8 13 5
8 14 1
8 15 5
8 16 2
8 17 4
8 18 3
8 19 2
8 20 5
8 21 2
8 22 1
8 23 5
8 24 2
8 25 4
8 26 5
8 27 4
8 28 1
8 29 4
8 30 1
8 31 4
8 32 3
8 33 1
8 34 5
8 35 4
8 36 4
8 37 3
8 38 5
8 39 3
8 40 3
8 41 4
8 42 5
8 43 1
8 44 4
8 45 1
8 46 4
8 47 2
8 48 2
8 49 2
9 10 4
9 11 3
9 12 1
9 13 4
9 14 5
9 15 3
9 16 3
9 17 4
9 18 4
9 19 4
9 20 2
9 21 1
9 22 1
9 23 1
9 24 4
9 25 2
9 26 1
9 27 3
9 28 2
9 29 4
9 30 3
9 31 5
9 32 1
9 33 2
9 34 3
9 35 1
9 36 3
9 37 1
9 38 3
9 39 1
9 40 1
9 41 5
9 42 2
9 43 5
9 44 5
9 45 2
9 46 2
9 47 1
9 48 3
9 49 4
10 11 5
10 12 4
10 13 5
10 14 3
10 15 4
10 16 5
10 17 4
10 18 1
10 19 5
10 20 2
10 21 2
10 22 5
10 23 3
10 24 5
10 25 1
10 26 3
10 27 1
10 28 1
10 29 4
10 30 3
10 31 3
10 32 1
10 33 1
10 34 5
10 35 5
10 36 4
10 37 5
10 38 1
10 39 3
10 40 4
10 41 4
10 42 2
10 43 5
10 44 1
10 45 2
10 46 4
10 47 5
10 48 2
10 49 5
11 12 5
11 13 2
11 14 5
11 15 3
11 16 1
11 17 4
11 18 1
11 19 2
11 20 1
11 21 4
11 22 5
11 23 1
11 24 1
11 25 4
11 26 1
11 27 2
11 28 3
11 29 2
11 30 1
11 31 3
11 32 2
11 33 2
11 34 4
11 35 4
11 36 5
11 37 3
11 38 2
11 39 5
11 40 4
11 41 2
11 42 2
11 43 4
11 44 1
11 45 3
11 46 4
11 47 4
11 48 2
11 49 3
12 13 4
12 14 4
12 15 2
12 16 1
12 17 5
12 18 4
12 19 1
12 20 5
12 21 3
12 22 5
12 23 2
12 24 3
12 25 1
12 26 5
12 27 2
12 28 4
12 29 2
12 30 1
12 31 4
12 32 5
12 33 4
12 34 4
12 35 4
12 36 1
12 37 1
12 38 4
12 39 1
12 40 1
12 41 3
12 42 2
12 43 2
12 44 3
12 45 5
12 46 5
12 47 5
12 48 1
12 49 1
13 14 1
13 15 4
13 16 5
13 17 3
13 18 5
13 19 5
13 20 3
13 21 3
13 22 4
13 23 2
13 24 4
13 25 2
13 26 5
13 27 2
13 28 1
13 29 5
13 30 1
13 31 5
13 32 2
13 33 3
13 34 3
13 35 4
13 36 2
13 37 5
13 38 5
13 39 1
13 40 4
13 41 5
13 42 3
13 43 3
13 44 3
13 45 2
13 46 2
13 47 5
13 48 5
13 49 3
14 15 5
14 16 3
14 17 1
14 18 4
14 19 2
14 20 1
14 21 4
14 22 3
14 23 3
14 24 3
14 25 4
14 26 4
14 27 5
14 28 5
14 29 4
14 30 4
14 31 4
14 32 5
14 33 2
14 34 1
14 35 2
14 36 1
14 37 3
14 38 1
14 39 3
14 40 3
14 41 5
14 42 5
14 43 3
14 44 2
14 45 4
14 46 1
14 47 4
14 48 4
14 49 4
15 16 5
15 17 1
15 18 4
15 19 5
15 20 4
15 21 5
15 22 3
15 23 1
15 24 2
15 25 5
15 26 1
15 27 3
15 28 2
15 29 1
15 30 3
15 31 3
15 32 2
15 33 2
15 34 4
15 35 4
15 36 4
15 37 1
15 38 3
15 39 3
15 40 4
15 41 1
15 42 3
15 43 5
15 44 2
15 45 5
15 46 1
15 47 5
15 48 4
15 49 3
16 17 3
16 18 1
16 19 2
16 20 2
16 21 3
16 22 3
16 23 1
16 24 5
16 25 5
16 26 4
16 27 2
16 28 5
16 29 4
16 30 4
16 31 3
16 32 5
16 33 4
16 34 5
16 35 2
16 36 2
16 37 4
16 38 2
16 39 5
16 40 5
16 41 1
16 42 2
16 43 5
16 44 5
16 45 4
16 46 4
16 47 1
16 48 5
16 49 4
17 18 2
17 19 5
17 20 2
17 21 3
17 22 2
17 23 5
17 24 1
17 25 2
17 26 3
17 27 5
17 28 3
17 29 4
17 30 1
17 31 1
17 32 4
17 33 2
17 34 4
17 35 4
17 36 3
17 37 2
17 38 3
17 39 1
17 40 1
17 41 1
17 42 4
17 43 1
17 44 5
17 45 2
17 46 3
17 47 2
17 48 4
17 49 1
18 19 3
18 20 4
18 21 2
18 22 2
18 23 1
18 24 2
18 25 5
18 26 1
18 27 2
18 28 2
18 29 2
18 30 4
18 31 4
18 32 3
18 33 2
18 34 3
18 35 1
18 36 3
18 37 2
18 38 2
18 39 3
18 40 5
18 41 3
18 42 2
18 43 4
18 44 2
18 45 5
18 46 1
18 47 3
18 48 5
18 49 2
19 20 4
19 21 3
19 22 4
19 23 3
19 24 1
19 25 3
19 26 3
19 27 4
19 28 3
19 29 2
19 30 1
19 31 4
19 32 5
19 33 2
19 34 1
19 35 5
19 36 4
19 37 4
19 38 2
19 39 3
19 40 3
19 41 5
19 42 4
19 43 5
19 44 4
19 45 3
19 46 5
19 47 1
19 48 2
19 49 1
20 21 4
20 22 3
20 23 4
20 24 3
20 25 4
20 26 2
20 27 1
20 28 1
20 29 2
20 30 1
20 31 5
20 32 2
20 33 3
20 34 5
20 35 3
20 36 3
20 37 2
20 38 3
20 39 2
20 40 4
20 41 5
20 42 3
20 43 2
20 44 5
20 45 4
20 46 4
20 47 2
20 48 4
20 49 4
21 22 4
21 23 4
21 24 3
21 25 3
21 26 5
21 27 3
21 28 2
21 29 2
21 30 2
21 31 5
21 32 4
21 33 2
21 34 2
21 35 5
21 36 1
21 37 4
21 38 5
21 39 3
21 40 1
21 41 4
21 42 4
21 43 1
21 44 2
21 45 1
21 46 2
21 47 4
21 48 3
21 49 5
22 23 2
22 24 4
22 25 2
22 26 5
22 27 3
22 28 3
22 29 4
22 30 1
22 31 5
22 32 4
22 33 4
22 34 4
22 35 5
22 36 3
22 37 4
22 38 5
22 39 5
22 40 1
22 41 3
22 42 4
22 43 4
22 44 5
22 45 4
22 46 1
22 47 5
22 48 2
22 49 5
23 24 1
23 25 3
23 26 4
23 27 3
23 28 3
23 29 2
23 30 3
23 31 5
23 32 4
23 33 1
23 34 4
23 35 5
23 36 3
23 37 4
23 38 2
23 39 2
23 40 2
23 41 5
23 42 3
23 43 2
23 44 5
23 45 5
23 46 4
23 47 2
23 48 1
23 49 2
24 25 4
24 26 2
24 27 1
24 28 1
24 29 1
24 30 4
24 31 5
24 32 4
24 33 5
24 34 3
24 35 1
24 36 4
24 37 1
24 38 3
24 39 3
24 40 4
24 41 2
24 42 3
24 43 1
24 44 4
24 45 1
24 46 1
24 47 3
24 48 5
24 49 3
25 26 5
25 27 1
25 28 5
25 29 1
25 30 5
25 31 3
25 32 3
25 33 2
25 34 1
25 35 4
25 36 3
25 37 2
25 38 5
25 39 5
25 40 4
25 41 2
25 42 1
25 43 4
25 44 2
25 45 2
25 46 3
25 47 2
25 48 5
25 49 2
26 27 1
26 28 4
26 29 1
26 30 1
26 31 5
26 32 5
26 33 1
26 34 2
26 35 1
26 36 1
26 37 5
26 38 2
26 39 3
26 40 2
26 41 1
26 42 2
26 43 2
26 44 2
26 45 1
26 46 5
26 47 4
26 48 3
26 49 5
27 28 2
27 29 5
27 30 2
27 31 4
27 32 2
27 33 5
27 34 2
27 35 5
27 36 4
27 37 2
27 38 2
27 39 4
27 40 1
27 41 5
27 42 3
27 43 1
27 44 4
27 45 5
27 46 1
27 47 5
27 48 5
27 49 3
28 29 1
28 30 4
28 31 1
28 32 5
28 33 4
28 34 5
28 35 4
28 36 4
28 37 5
28 38 2
28 39 2
28 40 3
28 41 5
28 42 3
28 43 2
28 44 4
28 45 2
28 46 4
28 47 3
28 48 5
28 49 3
29 30 1
29 31 1
29 32 2
29 33 4
29 34 1
29 35 1
29 36 5
29 37 3
29 38 1
29 39 2
29 40 1
29 41 1
29 42 3
29 43 3
29 44 4
29 45 2
29 46 3
29 47 3
29 48 2
29 49 4
30 31 1
30 32 5
30 33 3
30 34 1
30 35 3
30 36 5
30 37 2
30 38 1
30 39 5
30 40 5
30 41 1
30 42 5
30 43 5
30 44 3
30 45 3
30 46 1
30 47 4
30 48 3
30 49 1
31 32 5
31 33 1
31 34 2
31 35 3
31 36 4
31 37 4
31 38 4
31 39 4
31 40 5
31 41 4
31 42 5
31 43 5
31 44 3
31 45 4
31 46 5
31 47 2
31 48 3
31 49 2
32 33 1
32 34 4
32 35 5
32 36 4
32 37 3
32 38 3
32 39 1
32 40 2
32 41 4
32 42 2
32 43 1
32 44 5
32 45 1
32 46 2
32 47 3
32 48 5
32 49 4
33 34 3
33 35 4
33 36 4
33 37 3
33 38 3
33 39 2
33 40 1
33 41 2
33 42 3
33 43 5
33 44 2
33 45 1
33 46 1
33 47 4
33 48 5
33 49 4
34 35 1
34 36 5
34 37 2
34 38 5
34 39 3
34 40 1
34 41 2
34 42 3
34 43 4
34 44 3
34 45 3
34 46 3
34 47 2
34 48 2
34 49 5
35 36 2
35 37 3
35 38 2
35 39 1
35 40 5
35 41 1
35 42 2
35 43 2
35 44 2
35 45 2
35 46 5
35 47 3
35 48 2
35 49 2
36 37 4
36 38 1
36 39 3
36 40 4
36 41 2
36 42 1
36 43 1
36 44 1
36 45 5
36 46 4
36 47 3
36 48 3
36 49 1
37 38 2
37 39 3
37 40 1
37 41 1
37 42 2
37 43 2
37 44 2
37 45 1
37 46 4
37 47 3
37 48 3
37 49 1
38 39 1
38 40 3
38 41 3
38 42 5
38 43 3
38 44 2
38 45 3
38 46 5
38 47 3
38 48 5
38 49 3
39 40 1
39 41 4
39 42 5
39 43 3
39 44 2
39 45 3
39 46 3
39 47 4
39 48 4
39 49 1
40 41 1
40 42 5
40 43 5
40 44 4
40 45 2
40 46 4
40 47 3
40 48 3
40 49 5
41 42 5
41 43 3
41 44 5
41 45 1
41 46 1
41 47 3
41 48 4
41 49 1
42 43 4
42 44 4
42 45 3
42 46 5
42 47 2
42 48 2
42 49 3
43 44 5
43 45 1
43 46 2
43 47 3
43 48 1
43 49 5
44 45 2
44 46 2
44 47 1
44 48 2
44 49 2
45 46 4
45 47 1
45 48 2
45 49 2
46 47 3
46 48 2
46 49 5
47 48 2
47 49 3
48 49 4
